43.388909 321.948451
45.711128 309.156525
51.850340 263.350603
121.621346 289.089113
141.654693 246.013469
64.921657 252.019641
37.365165 193.483622
81.790718 167.447834
143.091589 161.895645
145.578010 106.265214
121.322401 46.581269
161.289902 6.049884
218.905950 47.667892
259.176965 18.928703
324.465191 23.811558
313.273401 81.948348
288.224465 143.378214
317.155510 157.367608
375.821300 208.413366
307.581634 253.376630
288.456252 268.203700
344.922884 313.351253
322.110367 380.656211
267.285300 365.580693
219.040228 375.982891
168.142985 360.933676
120.244213 364.836717
70.632723 379.349192
39.270976 348.276001
44.096936 332.325150
