42.321879 327.915063
43.932204 315.649166
47.130876 264.058194
119.232294 288.010049
139.434646 245.923563
63.935736 254.247299
32.974920 197.297885
73.443683 166.258319
136.544516 163.358123
140.647875 121.619804
113.882731 53.457700
142.056940 8.784049
204.064615 40.148722
242.216851 29.246663
312.115443 12.990770
312.694593 82.019433
277.508910 153.367159
332.273122 159.552597
374.779489 220.885187
294.618296 253.310745
289.303501 269.004478
348.053541 306.149470
331.417946 374.642196
279.010175 369.016872
228.240407 371.357616
178.163709 369.515400
127.360288 358.633152
78.544487 382.682503
42.377150 353.469747
43.581665 338.530380
