44.959951 81.952317
39.652860 70.906216
64.750765 56.715388
67.201095 9.970682
121.415073 32.295385
144.251600 57.411119
184.530068 78.304688
222.720316 84.523825
263.997248 76.861997
300.305819 82.051280
345.386649 81.364790
351.326845 125.083356
364.157462 176.797449
309.341708 192.015635
336.510815 248.767822
274.210499 271.932186
296.838116 213.789728
277.343723 178.674041
250.942361 150.544343
208.492278 162.855175
168.385686 162.766573
190.274264 225.147451
143.109619 280.199422
144.455892 219.710719
153.406900 180.587498
133.387516 143.212761
118.671469 106.671513
98.899845 67.177653
63.173077 92.369425
53.370350 88.628313
