75.121017 262.335133
89.296041 238.323218
108.754075 260.263068
219.094898 235.301800
152.559058 227.233621
67.422164 218.871012
151.979475 225.515608
218.603803 196.204491
120.168909 198.127439
76.431959 181.689915
190.287161 196.958565
201.481268 148.230175
114.168496 154.832597
142.991235 77.232957
125.905574 9.948774
198.581055 27.483809
276.011975 6.606034
272.624722 68.602510
293.860873 137.740488
215.580144 172.274374
305.473166 191.495288
225.650584 207.474682
292.975896 227.710207
217.885388 247.761658
366.920360 254.623056
256.907756 277.793194
218.202992 264.609542
141.389445 271.756051
109.336374 268.231137
85.267751 270.673515
