81.989509 38.057708
78.656585 29.631805
89.284504 17.111570
119.399939 20.410597
143.933500 20.347168
158.517908 61.279864
151.523648 80.156199
119.854035 93.337989
134.321010 130.346297
124.340150 154.972911
137.318099 185.471877
138.917646 212.391620
139.732816 242.400081
135.683747 269.319833
138.221247 300.114463
134.816618 325.535767
145.897111 363.942532
98.007035 371.876171
92.239937 344.306693
97.876352 309.001828
95.329213 283.328778
95.726258 252.932987
97.359626 225.589801
92.676927 195.381492
105.136890 165.380697
104.443579 128.222363
105.437560 98.615417
96.075071 71.404141
97.956462 49.581981
87.278369 46.903321
