116.997219 254.751515
119.494513 242.416461
159.113071 211.499182
217.532205 230.006415
276.575225 180.924675
329.393351 215.399791
399.647017 194.108700
364.001023 104.807341
449.026425 109.596917
500.765701 61.836882
551.694865 63.732430
600.519249 107.967154
685.824173 101.375466
664.202635 193.497469
679.483793 233.673984
675.730592 330.283217
678.748089 352.675625
610.123924 302.166481
556.128003 334.646915
472.940041 305.124930
455.064374 355.028815
405.540325 326.692505
377.845827 340.270718
328.438971 329.184405
257.431966 351.633727
207.112055 313.613507
130.131093 337.180024
120.759011 366.066306
133.674060 269.297705
124.604205 266.986369
