52.469451 321.268376
47.928129 316.262359
61.465732 266.969699
98.093134 286.304014
164.626191 265.026313
115.194326 243.865036
64.974614 231.148966
72.783863 166.150532
137.334574 176.348680
164.716004 147.310777
161.542569 97.648114
158.735892 38.540032
198.635962 8.206353
243.459234 50.715768
290.531689 7.017361
330.496178 40.371935
322.177009 85.377890
303.252193 143.369094
328.209655 165.722157
360.551257 221.189608
300.189741 251.986932
308.393142 292.739828
307.941789 360.483029
259.963710 377.008666
212.987553 366.257547
167.355736 359.895517
122.361560 368.838039
75.611013 375.941716
48.369413 348.089354
52.314892 332.043851
