43.998909 240.000762
40.854195 246.423265
43.332384 261.108975
45.100485 280.037365
65.904193 300.278011
89.010257 298.187475
113.443022 301.085146
134.577940 283.797616
142.456565 256.580907
136.503344 230.697422
121.159612 213.135311
137.605131 176.131269
111.928213 168.942167
95.823791 153.032015
86.619759 131.681213
89.291918 106.821049
90.553835 84.254892
84.674851 60.140544
100.360262 35.930443
86.935305 5.017200
71.665665 52.767691
77.691494 72.407326
75.855273 99.673629
74.645812 119.062549
79.609995 148.815596
67.103117 162.882085
43.435393 177.924795
65.703731 208.230474
50.839118 219.239066
49.009185 231.041346
