104.715626 259.254553
109.355223 247.333518
130.312617 244.020603
196.098799 257.297728
203.797715 215.653713
115.307443 236.753965
116.732689 206.790093
195.099727 232.379299
211.068567 186.118249
131.015484 203.533524
108.274052 178.173353
190.010955 198.255891
215.663108 152.248545
141.612493 150.291502
167.472024 94.406581
148.555489 38.834845
176.143269 15.581124
245.087456 14.179677
255.558002 50.330784
251.471068 109.207223
244.068236 161.850528
241.850100 198.610009
258.075665 221.277534
229.251508 248.149918
321.648919 254.391409
248.805994 276.853469
210.889407 266.360095
156.641815 270.313593
127.676469 269.743668
110.805141 270.240169
