22.003320 69.991971
19.345556 83.717589
35.471058 77.701864
55.899322 84.008922
71.763875 107.626229
70.143716 132.122777
68.596476 159.086605
74.087477 182.224773
51.767839 224.017849
79.540599 218.834749
113.596342 226.122092
111.637025 198.403586
100.872377 172.022677
109.161295 150.379322
98.885601 117.125103
116.230608 108.711383
139.579903 92.420521
152.277080 73.190589
187.005242 90.377318
189.588989 51.074169
162.356915 44.180656
138.515830 64.217280
111.828037 14.547644
99.701390 22.219051
139.075766 47.215533
89.298480 55.036285
71.425730 42.667630
49.751583 65.015359
46.007135 74.949805
31.638095 69.645685
