50.194543 259.785968
69.653161 237.010435
95.945762 262.040312
215.830352 232.958718
114.774598 226.070403
43.965493 220.519418
197.783364 217.807071
160.567357 192.377796
33.732639 187.289720
161.247929 197.185040
201.183537 148.518605
84.729801 163.019249
104.035285 72.688518
106.414337 2.686034
193.485479 32.141896
285.647789 4.675844
299.474568 54.078889
331.937515 155.461220
184.511020 160.963361
350.335428 197.959992
216.965885 189.710242
301.222434 228.132511
279.739667 220.328534
223.438369 253.640978
392.922309 248.815506
266.653057 281.069835
215.840439 261.968843
126.235506 274.260040
86.670023 267.354405
58.088596 270.852028
