63.857240 127.929152
63.146909 118.756197
71.789698 94.086947
97.809634 69.185389
128.606118 34.653539
164.276908 22.234195
208.486181 12.351897
240.598018 52.979228
258.840267 49.437117
305.905366 27.759745
328.926964 85.297220
331.235592 99.349318
265.311580 50.183387
282.061856 100.105915
236.251959 129.737761
222.197928 63.487510
191.193044 101.666769
183.306921 158.241168
180.720200 197.860374
173.454610 246.501612
218.893553 264.282543
199.788117 282.080442
159.023838 261.357293
170.535689 213.116854
156.342606 180.003553
166.972161 136.597074
156.926480 99.376061
109.119861 141.040674
88.969651 122.346854
73.700686 130.899714
