78.956904 102.989239
68.299003 94.975115
88.666863 83.631062
113.257972 73.080760
148.021843 60.334068
179.097279 52.713064
191.150514 16.692221
231.302698 25.167900
257.304348 42.948492
287.194152 58.420697
321.077634 37.967599
345.313709 79.821785
365.489792 87.181215
411.230380 54.833325
424.247825 74.550521
419.978877 117.269709
417.775913 149.320041
370.563840 119.925731
348.570619 113.804419
336.827924 164.999001
293.908444 133.956518
271.779771 149.670351
222.193627 134.002797
238.231488 181.891976
190.551286 187.157842
180.411801 146.310821
145.522978 145.447214
113.521061 129.317102
93.273462 120.098437
87.060511 108.834268
