57.999967 249.999817
57.147542 247.218685
58.108743 231.812187
70.683373 209.089414
60.402288 186.148307
67.406860 165.007686
79.491118 143.072236
74.575056 121.310744
76.083765 94.725574
76.908998 72.992787
74.806435 45.736661
92.596230 6.310923
95.466512 44.789140
84.362587 61.272218
88.045037 85.975204
86.838191 106.556712
86.304017 128.729062
89.743820 152.488066
110.367850 158.311145
124.463099 175.275353
122.490251 196.869522
120.283616 219.082412
131.322629 241.317300
128.657512 262.480444
122.052523 299.578784
98.126620 299.082276
73.946583 301.617948
60.187806 282.348626
56.886148 267.257739
57.989060 260.006405
