124.406280 290.412086
122.374313 267.394408
132.216056 222.735311
120.121853 160.967633
137.114872 90.368483
185.023968 42.524402
188.970994 157.173029
226.822999 179.611914
309.686521 178.061099
342.423903 241.588064
415.719870 233.247367
475.284083 230.993242
544.821307 242.557703
604.687537 228.880751
651.766133 183.124037
675.568916 261.937813
676.000185 365.394298
638.314160 320.807669
599.916965 363.845903
581.505760 308.381218
494.745309 325.385916
443.195576 321.224861
369.173601 316.296215
314.916779 332.062061
235.264739 298.809738
191.967045 366.339909
175.500197 297.831202
116.573489 372.352860
137.095924 330.008797
121.702328 297.125021
