75.963560 130.108036
77.244792 139.385223
97.313240 142.863895
124.858494 121.036597
153.207263 113.109090
161.484233 163.425942
206.421373 134.813622
227.096037 148.840195
276.526182 135.929160
262.126778 177.296426
305.191064 190.336858
318.496687 149.292457
350.660712 144.343172
382.172494 134.521429
416.426896 114.123913
428.031724 83.739205
382.413672 74.401198
358.400609 58.584209
319.721540 57.337433
314.462556 17.741259
272.692800 24.315735
246.701995 39.148689
218.077857 60.392687
183.629202 37.244144
159.245474 74.089535
132.271658 89.713685
95.927428 53.259512
67.484615 78.143494
89.002127 107.925424
79.548688 115.721805
