51.999903 253.999906
51.706460 252.373605
51.231018 234.985365
64.337675 216.911894
59.748803 191.957542
55.904813 172.825092
78.666273 145.433400
71.320419 125.890432
76.572136 84.668043
76.406989 67.006661
74.716575 26.431061
98.398729 14.491726
88.185335 51.442393
84.189390 65.897807
84.384880 92.127139
86.985158 109.995754
83.778668 135.639160
94.752373 152.005003
108.865119 164.896091
126.507833 175.692502
120.551379 202.362103
123.806762 224.114744
133.395643 244.316424
129.413954 274.358908
119.203848 296.537261
96.344207 300.843348
74.412993 300.504371
56.220725 287.392394
53.232693 270.568264
51.988164 264.015149
