131.999335 101.997631
127.667792 95.198668
139.959662 85.335419
155.374113 63.654368
189.971496 66.653002
203.405436 34.494051
220.891581 14.921704
248.383454 34.310038
264.272597 55.577902
289.807673 42.941270
309.985557 59.580914
318.459538 94.385329
348.989333 56.261594
370.227971 69.907131
355.341442 106.623678
370.891947 139.318502
337.980281 138.290424
317.955301 104.068888
312.204105 155.167142
288.316237 144.684625
253.754268 140.026119
248.557303 147.863287
253.250955 199.128296
222.174129 152.124244
201.635324 195.499967
191.192246 155.787125
184.661586 140.004218
148.597042 133.397180
142.105345 119.490465
136.900289 110.969110
