101.271193 143.079550
97.060449 115.609115
139.328454 106.294617
203.105418 78.871995
253.224698 48.420874
303.683851 103.028493
381.076072 114.453637
359.651877 185.120964
444.166476 217.871030
494.209387 209.734153
564.382367 178.872987
613.480381 225.956127
707.172904 217.645138
677.765097 302.505323
697.187636 378.540419
649.967124 306.430128
578.179051 345.054563
520.764893 340.717094
443.142296 319.232383
401.048747 349.125774
368.588643 335.566434
353.751697 339.776103
268.475472 309.013510
214.929714 337.287671
130.367722 300.051027
106.001710 382.386146
99.718695 282.016534
106.041678 227.219046
110.394002 169.080094
106.015124 153.096035
