29.986437 261.997709
31.684204 259.408292
25.679301 237.022283
53.217201 223.930035
42.501389 192.762885
41.597115 167.501798
79.757581 186.095479
70.856093 141.558096
77.730698 125.100439
74.743331 96.599842
77.510362 71.923536
73.793681 50.149855
67.442084 17.158431
104.764926 20.364754
83.465425 61.339020
93.809150 81.379134
89.692234 109.716221
91.595200 131.356238
90.165045 161.652253
129.337059 159.666164
130.181714 190.607814
120.465757 218.076693
145.389139 235.822721
143.924479 273.253662
124.776572 294.028723
99.451340 299.625080
74.491248 301.285999
49.504222 291.614655
37.664455 278.967411
32.969573 272.009792
