55.798557 61.933468
45.888772 82.381288
74.612358 48.680858
99.520001 46.556764
106.818540 90.598818
107.345480 121.174727
111.248902 156.235642
91.722539 198.945988
98.346814 233.013641
93.684564 269.663248
99.513940 298.153564
88.877848 347.947448
101.669214 370.390366
154.915981 366.080341
143.069653 329.489431
145.709007 296.436028
144.777561 262.052212
144.778219 229.439209
146.608207 193.412497
130.880851 166.317120
132.490496 125.316334
135.312668 101.701114
135.621627 37.194914
178.073203 60.135590
195.081364 14.737779
144.051012 26.925208
118.502148 15.368059
79.328392 25.020856
68.470014 44.093571
60.900011 52.980597
