149.847574 220.153893
157.896449 225.692162
167.209852 232.512157
212.876570 216.269119
211.717249 260.201877
167.220803 236.669376
137.707628 267.014207
186.336576 272.018572
205.409302 266.917053
260.237198 273.702538
230.201331 237.874883
233.401777 209.865153
233.040451 174.449024
232.697771 143.824795
233.684279 111.028972
231.474617 78.699706
237.569780 45.682032
204.185022 27.918199
195.374148 23.934172
194.676658 74.444969
199.288402 95.973758
188.865927 136.667858
215.644621 157.836741
206.747326 195.433083
147.520589 179.664419
162.044130 203.563904
218.508879 185.036507
203.188207 232.512106
170.197387 212.413437
163.342736 218.436879
