144.001191 133.996934
144.773365 133.090001
148.676055 105.583536
148.622595 91.961924
141.568864 55.121795
172.444147 72.801020
192.103685 85.010759
201.171546 40.494848
227.644789 56.028345
243.383795 42.708932
266.293692 19.238594
288.215381 26.478785
293.250638 60.601268
322.608863 62.373775
343.541840 74.316691
359.681373 97.890419
346.626681 130.078094
316.814776 139.079853
302.009834 146.271687
297.699488 200.095061
273.604195 148.759409
254.687843 189.751308
234.316305 167.798904
256.017603 138.664204
216.828030 140.712536
195.325937 158.587753
190.778362 117.152625
178.154049 119.163032
160.012531 142.460610
153.125917 138.797673
