70.679981 257.445808
59.717383 238.995190
96.505800 257.212795
128.765758 232.484186
113.683826 181.059482
102.571235 146.074324
100.659819 97.160694
113.338326 47.189993
151.972104 21.276543
190.594082 50.183082
233.087224 22.481173
272.000848 40.565369
288.722624 83.597136
283.994971 127.891051
288.932482 171.006028
289.253656 211.220674
295.188427 253.912269
271.909264 298.340111
236.411412 323.004237
223.852372 377.697337
216.179938 413.317288
223.532745 454.154905
166.779041 443.945610
119.678765 451.673313
110.950928 420.906551
149.039540 374.988653
113.895152 331.417661
98.572523 300.579731
83.329115 271.015277
81.827386 258.965323
