79.990040 90.023949
75.208315 103.647444
91.235143 118.734282
114.553822 136.421940
150.092668 145.534424
180.455990 154.775168
192.434230 192.675048
240.570001 184.686483
225.297011 136.889255
276.609500 152.741109
298.945661 138.617034
342.353084 167.527746
349.847870 110.021137
376.116685 127.665808
418.942720 150.739859
424.305049 125.644722
421.890732 84.849580
420.721822 54.407033
373.004494 83.750983
349.609240 87.985849
326.357193 40.437570
292.378178 58.522519
262.300339 46.090952
233.556743 32.917880
197.865239 13.228377
181.434753 47.496199
158.032731 62.543725
118.400935 69.509278
102.695249 83.211254
89.834001 85.886372
