154.000640 252.003009
152.740312 247.468190
155.944971 232.626267
159.168608 210.766847
159.796017 177.506396
161.324520 155.390941
154.132227 128.826085
158.227706 105.740142
175.601728 81.614621
199.888379 78.472528
214.577595 50.689572
207.629638 23.310847
243.134010 17.158516
247.169649 52.077983
244.741529 77.500481
241.707927 99.723518
251.135703 124.775687
240.328954 155.464409
245.104160 178.826665
236.845941 209.425522
239.345402 230.030274
244.342452 262.853278
217.671099 258.011125
184.750856 261.490983
192.821939 221.690015
186.713883 187.389678
168.234871 208.930386
175.257591 235.143161
174.619577 264.013823
162.180415 259.325502
