51.906911 139.771475
51.826405 132.769498
54.743362 102.276315
79.866333 77.558755
120.950012 80.760312
158.787160 79.871709
195.950301 83.325356
238.621161 68.101801
262.436855 40.227614
307.833212 16.344097
329.257603 35.250791
356.028402 99.479890
294.465819 71.971956
277.448171 103.461666
260.566112 150.055517
245.050352 187.235186
257.773867 232.977098
250.013604 272.007840
208.865370 243.072498
220.069190 202.405049
215.326053 159.651226
170.989384 157.591159
140.672566 161.695694
109.232780 204.956092
134.385444 247.379790
103.849474 270.447511
66.993876 239.863750
94.269179 183.543542
47.257989 183.336948
54.668443 163.465951
