66.082101 40.133856
61.066273 29.981365
77.575212 17.937308
102.716961 22.515029
140.551319 17.151206
158.466698 32.389052
185.714363 81.514417
140.433418 72.870249
128.041619 94.767407
132.407066 137.304903
129.526960 163.844666
141.958830 196.020946
140.801112 227.388123
140.336150 258.096089
142.835302 291.784645
137.161739 318.811138
149.180690 360.530364
119.792789 370.075547
83.215226 360.310618
100.920872 316.940565
93.814459 289.175626
96.693694 256.010397
96.539848 224.441621
93.482354 193.635081
106.264727 155.251945
105.157655 120.517549
103.768815 91.546746
93.964359 55.360969
88.032039 45.589289
71.565725 48.769983
