90.104264 308.314018
88.499926 297.024344
91.523437 272.689706
143.121726 279.159711
131.723773 222.939704
103.872620 188.548634
172.688210 168.896641
152.104227 148.991294
119.633694 111.208961
154.678758 83.782634
189.242977 75.464356
203.482641 29.521265
244.712757 13.961549
274.760265 31.366389
294.147164 62.408327
316.425734 97.784859
299.305060 139.014737
283.626772 170.453702
291.841388 210.714606
290.671504 245.793252
291.316340 284.880155
285.954152 319.830004
282.359746 371.762053
234.672729 370.352383
201.365981 363.127423
162.622521 372.141077
126.345784 371.781021
87.505415 365.625348
92.433639 325.771845
89.650770 318.527611
