124.002688 104.021924
117.127961 95.396361
131.816383 88.041718
148.122502 64.897384
181.294689 66.778260
201.995123 40.692189
215.041110 13.553076
248.033157 32.169446
265.630216 55.224650
289.061888 46.282085
315.544386 52.380416
326.437882 94.815327
355.126695 60.365597
383.447033 67.268049
368.721471 104.664399
384.480353 130.565093
361.130325 148.659871
330.012747 104.891110
325.202035 138.639229
303.250134 152.297794
277.230389 142.937718
239.584252 133.257021
259.543083 190.089559
225.728213 162.852786
206.564842 187.275333
188.633919 163.067174
183.544580 137.231906
143.464340 136.511926
137.094416 119.076738
129.869797 112.007243
