47.999857 70.000019
34.811153 79.275543
49.120275 74.915419
62.363103 92.347727
63.989969 114.538153
65.014565 136.210010
61.645575 158.644290
68.861090 179.940732
53.620456 205.467927
59.465231 226.574893
85.111624 217.078474
114.096925 226.704447
101.427151 199.511870
98.170871 181.791607
98.104353 155.704813
102.155584 139.651434
91.187727 106.799855
125.426597 115.106091
124.842043 80.963293
151.011982 85.260415
157.380814 65.320620
152.197594 44.283844
88.149089 12.562399
120.253531 23.793356
144.493061 43.307273
114.251893 52.978412
97.572664 49.537337
83.735544 83.369716
63.555164 63.346032
58.054765 70.211467
