94.817637 140.229307
98.422143 106.479301
134.235406 117.351867
207.810001 56.793280
237.786592 68.460231
330.823695 99.589121
336.996494 153.281194
378.785306 187.550896
439.501346 230.903689
501.060951 212.627515
569.083306 177.454101
618.444859 224.517142
710.546032 215.609729
684.528420 312.689652
699.657790 373.519717
634.487529 298.078960
564.243647 368.182478
507.377504 307.319718
425.279933 353.341099
438.751934 339.662450
340.858196 310.228350
347.177389 369.445720
274.802782 295.995901
211.865485 343.743152
130.812593 296.608910
99.364329 382.710108
94.845459 281.821961
101.257572 221.373758
104.185440 166.867424
100.032868 148.768366
