52.694630 258.930397
59.534729 239.062206
124.007697 261.629573
200.339459 222.512619
11.417720 224.623867
197.487735 217.892787
123.364469 185.083156
41.773387 198.994087
227.711509 166.886339
80.772734 156.350710
82.486268 119.051554
67.097806 4.260142
163.369035 23.224905
230.073907 24.071687
330.407087 3.389106
319.192735 109.951858
322.734650 160.419812
176.470418 158.924542
314.080444 200.482564
325.807205 182.751761
167.146686 212.767262
358.213281 223.421012
270.458158 220.541117
197.752458 250.255797
377.915213 245.857543
295.287581 279.034631
213.780595 263.400488
136.686585 273.275109
82.700901 266.426933
57.121704 271.046567
