78.009561 78.057570
76.876639 69.237960
80.028498 60.244802
90.997026 20.876707
112.638744 21.936614
152.551138 12.793028
165.869778 45.006125
134.064099 61.843851
137.204481 109.060439
133.865363 135.831218
134.766845 167.238716
146.507609 193.505167
144.201186 225.260517
145.893996 251.044607
143.008172 290.647870
141.862395 316.354258
150.405736 351.114093
131.021357 371.147481
91.368717 362.767442
105.914883 322.311865
100.262289 296.313467
102.681185 265.502055
102.060529 237.897998
101.254646 207.787070
103.047545 180.170567
113.824128 150.693686
107.026787 122.425107
114.023404 91.169211
100.937667 76.263416
87.742269 81.227894
