58.016850 60.020453
48.688092 66.576209
65.804598 101.309538
88.005174 37.247814
105.909689 81.061861
106.614454 111.200361
111.360157 146.527306
99.384665 181.786812
96.434318 217.731953
99.771572 249.734195
95.319900 285.531768
103.106518 315.092768
84.864573 360.129796
125.051607 371.469595
154.500725 356.124430
140.660722 315.007633
147.445047 284.980196
143.287302 250.621326
146.620591 216.444922
143.484508 185.721033
131.952992 147.220449
135.923439 123.567181
136.541774 62.203385
154.382638 48.133383
198.486486 35.882864
150.190860 12.412784
123.351662 25.650640
84.305780 12.910598
72.164879 44.868178
63.791548 49.622533
