52.891558 204.596396
42.761417 186.837682
83.306735 175.582520
85.789007 126.766935
78.590322 90.412190
68.245644 19.260435
129.956350 22.888492
161.889605 41.903352
226.497052 4.724116
232.230308 66.203556
240.691697 113.253625
226.656725 158.969757
278.943216 171.275134
329.240601 173.910612
330.457203 240.312865
271.706726 241.228418
235.483490 271.923928
301.532796 279.317436
340.813140 275.697537
355.972191 340.676585
320.373518 377.289847
270.475399 366.491239
225.640716 360.061612
180.724126 368.238028
131.190583 376.472975
90.300353 356.793592
89.441376 296.122735
95.296801 244.711154
54.856474 232.080266
54.044330 213.861284
