200.799903 256.275345
195.332407 238.286760
234.096150 233.126883
243.855789 180.174169
214.505313 126.428607
266.355517 101.928432
316.081668 97.921940
362.317509 80.389065
400.919137 44.523269
441.041335 90.911762
487.301964 95.087960
541.746309 105.294239
584.455777 133.232280
536.797365 206.846488
597.513837 234.734488
577.948290 278.752543
591.220055 345.634842
564.914952 359.245830
558.781651 335.126958
509.111433 327.876230
462.370654 322.050929
414.045481 351.352841
362.329412 340.381449
318.632154 322.556015
261.323997 328.321450
234.551390 344.090479
212.607137 365.825208
205.280877 316.435329
217.972342 275.893565
206.849562 264.429972
