128.327054 139.292927
126.366908 124.472197
162.559427 93.361698
223.883649 104.905293
275.211422 46.735121
328.249144 75.102291
377.291752 105.390987
460.196759 101.845371
420.816848 206.390538
492.314057 181.115015
545.376202 213.295789
604.454003 215.915864
679.416046 227.852231
648.408525 312.535883
666.395718 368.647902
610.103584 309.946332
551.439455 339.963861
487.399642 335.982929
429.630630 359.089054
430.830777 324.811268
333.072615 323.215619
325.246071 368.826496
285.347808 302.250071
218.156707 336.753889
150.890744 305.624530
132.687591 381.492917
127.580455 275.450339
135.823039 227.550547
139.873298 161.013358
133.597990 150.866461
