33.998531 66.000967
36.157789 61.891216
28.022291 47.556322
70.539933 53.460797
51.378117 16.178579
111.594125 15.669992
51.766443 51.107186
95.592369 50.163144
109.887041 49.456532
121.792250 77.920185
152.431380 63.372285
164.859120 81.265792
130.455219 87.751143
140.272529 116.818997
134.642902 135.582016
139.524116 160.071811
133.221922 180.434697
144.036639 205.402813
137.006420 226.955041
109.432672 217.996714
82.441368 224.374238
101.164946 189.854075
100.861949 164.889763
97.592762 145.272169
105.252103 116.404015
87.919902 108.168067
65.795927 97.980464
63.075977 70.094527
36.174434 87.437186
34.116244 75.862409
