66.748485 95.179494
57.094307 83.445062
81.763324 76.371730
88.445850 29.032863
142.812308 45.495077
151.902498 62.479612
183.955172 12.303270
224.420580 22.867268
261.336097 26.596885
291.778191 61.247483
316.200944 78.560349
347.746453 127.073951
302.179007 134.073050
267.665136 119.369379
228.301370 106.946731
242.084973 160.756413
232.217148 191.427487
237.314513 238.550020
210.049453 285.825574
183.211359 264.815906
231.851226 238.897466
214.932976 161.412309
210.524502 131.629978
202.506457 84.362247
169.889283 71.106376
156.480541 134.571439
114.866162 89.026276
129.059163 52.316611
77.059104 88.049766
78.185575 89.383639
