90.727662 76.745183
85.327331 86.884626
88.919781 103.710114
136.486832 53.749273
131.142691 86.091864
159.248905 136.243916
182.696693 66.679440
196.223835 109.074802
199.504040 143.320241
210.536604 175.730549
210.788170 220.346404
195.468919 267.445956
164.744745 270.338766
235.388783 283.498334
227.504531 234.267358
239.666356 188.825168
236.555134 161.906003
235.950463 109.183168
261.356839 129.083076
308.743934 137.045616
315.009493 100.056377
284.345266 73.081129
267.376501 44.371029
236.658166 23.574630
202.699300 13.763950
165.464450 39.514291
153.814707 56.792523
111.753502 20.467035
99.838140 64.618536
97.460115 68.486458
