74.109054 109.399565
62.959919 127.345350
88.540495 125.657435
117.190093 137.875817
163.162459 99.091128
164.340658 145.734207
157.262155 183.715998
171.334582 218.010029
158.343798 265.659952
203.430211 280.433069
223.499800 267.689000
178.108243 245.213293
185.306574 201.139867
187.147255 157.819254
194.420390 114.141131
219.705685 59.625000
230.458525 121.430638
276.981633 112.284518
263.111836 47.743748
324.359810 98.601174
324.854138 82.942049
301.277796 27.791459
255.284637 49.070141
242.852043 56.984559
211.446607 10.756823
168.393196 22.839873
133.541668 33.187319
105.016878 70.324151
83.753520 86.270110
79.107707 101.327870
