137.993889 259.724812
130.034646 248.585914
172.684018 248.110643
160.736530 206.908085
165.648523 175.001237
162.874761 136.020429
165.093519 104.801449
162.543971 62.204972
165.707560 39.125898
196.748690 8.138306
220.811589 42.312974
207.531720 77.588835
218.974917 117.978640
204.671389 148.271090
176.627972 179.305241
214.587401 187.678575
263.053931 189.104838
228.748002 195.362727
174.628279 199.429082
208.038268 226.974855
262.265563 212.318186
234.144029 234.649009
178.895760 219.407590
198.472469 262.824592
263.796432 234.915788
257.758690 280.373062
209.826572 265.232146
181.738220 272.618418
153.378051 268.488350
143.195671 268.929633
