37.728054 207.808571
36.616814 194.090000
58.629322 166.601915
114.601588 161.116187
115.107306 104.901287
83.623044 52.597049
121.840330 5.520070
182.074154 45.379010
223.850247 24.700566
292.054752 15.742348
286.124350 86.694555
260.289198 148.696714
310.522091 164.479662
372.094915 190.262531
341.742749 251.061799
259.824928 250.498940
295.515217 280.280713
356.010126 280.483355
356.732687 360.422250
306.525846 377.774321
254.627652 357.982196
203.151645 377.821791
152.700918 363.053021
98.525041 374.190523
50.628257 366.787435
41.330582 285.123107
121.330807 273.183364
97.456099 246.852991
42.661740 237.025926
43.608427 217.323735
