65.931113 139.653393
65.593117 133.505144
69.233050 95.461454
95.331623 79.188328
137.905429 79.019778
174.573172 83.356768
218.298399 77.903082
245.438236 51.615132
286.165203 21.497220
314.193964 22.204278
345.392227 91.843067
297.949509 77.796846
269.002638 95.582467
261.219035 159.626805
243.113974 192.302003
263.280736 239.170110
237.622882 273.895185
203.338183 233.777722
218.704094 192.842623
200.195497 152.768818
158.055202 161.982343
124.198968 188.174212
147.260626 252.499206
116.860779 254.416749
105.652680 187.773557
106.686180 296.271153
77.501112 207.955442
93.335002 193.562072
54.102134 161.696209
67.407069 150.187851
