83.969990 114.402195
83.485933 101.656713
86.817872 70.939995
109.370061 32.645482
145.208643 31.790185
185.341371 48.926033
217.591346 26.006390
255.673197 41.683648
270.969599 80.573362
273.085869 126.569942
264.205930 168.843186
256.807498 210.115250
272.356487 247.224773
253.440065 296.174416
229.817160 324.981716
207.313584 368.841937
213.458803 407.033415
237.507618 450.722012
180.583994 444.790212
143.997226 450.937433
115.393674 429.076718
159.867039 387.765083
131.472305 346.252400
120.861775 313.308870
92.031969 280.428937
86.996708 241.230467
101.003129 202.629925
89.376902 161.829673
84.950156 137.026815
84.299620 123.959363
