52.018176 36.289987
46.890379 21.707389
69.105614 20.952877
96.218450 23.437369
134.718703 16.870351
162.404265 27.688163
190.821299 70.243735
171.808388 81.561077
141.139608 32.532602
130.966425 96.844415
131.746566 120.587615
128.231467 161.187603
141.947216 191.430077
140.915289 227.413439
140.984226 260.720679
141.082106 295.131052
140.439101 329.859617
147.853906 368.742844
87.561845 370.711629
91.078990 337.842134
94.596852 288.552863
93.944547 258.350681
93.770156 220.806414
93.767856 189.117895
106.364064 147.440093
104.544513 109.161751
97.798533 80.923699
93.204184 35.131540
62.513645 53.436073
54.010318 46.586887
