51.999984 70.000004
37.094045 81.144270
53.729404 72.779354
62.580492 93.094729
64.814748 112.507346
63.645435 134.532731
64.041220 153.922281
64.152624 176.899756
64.490625 194.436229
48.706830 223.478569
76.357664 218.793680
99.381111 225.310416
113.225322 213.219136
93.671412 187.910658
102.941049 160.876587
102.411962 145.244804
95.492300 113.998529
114.147623 113.349712
128.574738 91.086685
142.927808 80.484367
158.465658 69.174064
146.580317 43.456700
116.491720 7.244173
95.994880 28.208519
151.160652 26.347813
112.888129 57.179390
102.287728 50.765822
84.680302 83.731687
68.050734 62.788798
62.021636 70.184085
