52.956847 81.985421
47.651991 70.747771
72.569766 57.447901
72.372343 10.042640
126.002446 31.970098
147.852416 58.318415
187.296876 79.340976
226.259268 83.140394
265.025623 78.722703
305.330845 78.899737
341.233495 91.313811
346.650271 142.200169
344.444244 183.298299
303.461122 205.028769
336.192927 255.596689
264.501284 268.516518
281.848653 229.550397
275.216760 183.816735
247.570917 156.031086
204.525727 158.028694
173.416155 172.931309
192.195332 231.696776
156.846959 273.369779
134.422295 238.502872
155.691780 184.521751
136.739426 149.156055
123.312819 113.093976
107.843888 68.340925
70.653871 90.311169
61.410522 88.933285
