66.937962 259.368039
81.963352 240.719690
105.853406 254.877119
208.198213 243.597709
160.426003 224.236299
56.204943 221.512857
143.045978 223.346205
216.818046 200.979298
113.486797 195.234648
66.287183 183.781496
196.158654 194.638185
186.278500 146.705830
103.263599 154.872908
127.355732 62.057329
122.348239 7.066456
208.698413 30.053182
279.198515 3.796086
287.768760 80.856462
282.863759 143.558780
224.938064 181.278031
306.846976 188.340785
225.049937 216.110853
308.907858 223.659420
207.797220 249.541549
377.898017 252.179770
256.346268 278.896574
216.232001 263.036671
133.213832 274.498882
100.718451 266.879400
74.004095 270.946090
