67.117623 204.357628
53.235455 188.891167
103.855801 171.259993
74.113133 130.543589
77.328893 90.089505
75.497020 37.911457
112.584945 11.260366
148.236830 45.194936
207.509101 2.640157
204.188571 70.001667
240.365492 90.539832
233.685632 133.897662
227.308807 178.565558
296.084129 160.781349
319.051009 222.201944
269.441692 238.215322
235.723118 276.718110
302.730809 275.354777
331.909499 283.666236
339.120941 346.531344
300.295784 378.813556
253.883569 362.232120
210.457937 362.439117
169.709776 372.129686
120.359749 374.986159
88.236609 347.233262
90.290295 298.063292
89.682596 253.764257
78.725804 225.789566
66.942984 214.530253
