101.598472 280.403577
92.423078 257.136129
121.658887 210.677490
82.450413 137.809487
149.787130 89.553679
183.062465 49.743785
256.852399 106.410441
246.633444 179.881728
333.218746 169.532214
373.875136 239.642178
446.053906 221.857656
510.894012 245.810529
579.748435 194.300466
622.706736 199.423941
702.781702 219.439611
685.290564 331.631261
692.211232 347.926994
631.903873 332.895579
563.502191 325.505019
529.525752 361.206383
510.686325 312.696621
419.834268 321.027249
369.895809 327.081266
280.385318 305.112044
247.605566 363.544227
234.613662 318.261671
130.795450 305.513950
108.724697 380.697976
99.688045 311.741588
99.975815 289.215810
