24 207
30 215
32 199
39 210
42 194
49 207
52 189
59 202
62 184
69 200
72 179
79 197
82 174
89 195
92 169
97 159
99 147
99 195
107 139
109 195
116 134
118 200
119 210
119 220
119 230
119 240
122 250
124 260
125 129
129 269
131 279
135 126
139 285
139 295
145 124
145 303
153 310
155 124
157 320
165 124
165 327
172 335
174 129
182 339
183 134
189 532
191 344
192 139
195 149
195 540
199 350
199 529
200 158
204 545
205 167
208 355
208 524
209 177
214 545
217 184
218 355
218 524
224 545
225 363
226 189
228 524
233 540
235 367
236 189
238 524
243 540
244 372
246 189
247 519
252 379
253 540
255 511
256 189
260 501
261 384
262 535
266 189
268 494
270 510
271 388
272 484
272 520
272 539
276 189
276 500
277 474
280 393
280 490
282 464
285 480
286 189
287 454
288 400
289 427
289 437
290 470
294 408
294 418
296 189
298 463
300 435
300 445
305 194
305 400
305 410
305 420
314 395
315 194
323 390
325 197
333 390
335 199
342 385
345 202
352 389
355 204
361 394
364 209
364 527
369 400
372 519
372 534
374 211
378 405
380 385
382 415
382 514
382 530
384 214
385 394
388 378
390 403
390 422
390 506
391 525
393 219
394 432
398 375
398 410
398 499
400 520
402 439
403 220
404 487
405 418
407 370
408 513
409 447
409 472
410 427
412 225
413 503
414 456
417 370
417 435
420 495
422 229
425 442
426 365
429 490
432 229
434 499
434 527
435 444
436 365
439 237
439 508
439 518
440 465
440 475
440 535
442 485
445 360
445 447
447 494
449 241
450 504
450 530
455 360
455 513
458 246
465 355
468 250
475 355
477 255
484 350
485 262
493 345
495 264
503 345
505 267
512 340
515 269
522 339
525 272
532 335
535 274
542 334
545 274
552 330
555 274
562 330
565 274
571 325
575 274
581 325
585 274
590 300
591 325
595 274
598 306
599 295
601 325
605 274
608 310
609 292
611 325
615 274
618 314
619 290
621 325
625 274
628 285
628 314
631 325
635 274
638 285
639 319
640 330
645 274
649 321
