24 232
29 217
32 239
37 209
40 230
46 204
48 223
54 197
54 215
62 189
62 209
67 200
71 184
76 195
80 179
85 190
89 172
93 183
99 167
103 178
107 159
113 173
117 154
123 168
127 154
133 165
135 146
142 160
145 141
152 159
155 139
162 155
164 122
164 132
169 107
172 155
177 99
181 160
185 91
191 163
194 207
194 217
195 89
199 170
199 180
199 190
199 226
199 236
199 246
204 255
205 89
209 264
211 274
214 284
215 89
219 293
224 302
225 92
229 311
234 97
234 320
240 328
242 104
245 337
249 112
250 122
254 342
255 131
255 141
259 351
260 150
260 160
262 170
265 180
266 359
270 189
270 199
274 365
275 208
280 373
285 212
290 377
294 217
297 385
304 219
307 389
314 221
314 397
319 607
324 224
324 400
325 615
329 604
333 405
334 224
335 617
338 599
342 410
344 224
345 591
345 615
352 414
354 224
355 586
355 610
356 424
359 572
361 433
363 603
364 224
367 564
368 593
369 440
369 537
369 547
374 224
374 449
374 507
374 517
374 527
375 425
375 570
375 580
376 459
379 492
380 434
380 545
380 555
384 224
384 446
384 465
384 475
385 420
385 520
385 530
389 456
390 510
394 224
394 466
395 422
395 476
395 495
400 485
403 229
405 425
413 230
415 425
423 234
425 425
433 234
435 425
443 234
445 425
452 239
454 430
454 607
462 239
462 599
463 435
464 610
470 443
470 591
471 244
473 615
474 453
474 463
474 473
474 483
474 493
475 425
478 584
479 251
479 502
479 512
479 522
479 532
480 434
483 613
484 541
484 551
484 561
484 571
485 420
485 455
485 465
485 475
488 440
489 254
490 484
490 494
490 504
490 514
490 600
493 413
495 523
495 533
495 543
495 590
498 259
500 405
500 552
500 562
500 572
507 264
510 400
517 264
519 395
526 269
529 392
535 274
539 387
544 279
549 382
553 284
559 380
563 285
569 377
570 293
579 375
580 294
589 299
589 372
599 299
599 370
608 304
608 365
618 304
618 363
627 309
628 358
637 309
638 355
647 309
648 353
655 345
657 309
665 345
667 309
675 345
677 309
683 338
685 325
687 309
