24 237
29 227
30 245
37 219
38 238
45 211
45 230
53 204
55 220
60 196
63 213
68 189
70 205
77 184
78 198
85 176
88 193
93 169
98 188
102 164
105 180
112 159
115 175
122 154
125 170
132 149
135 165
142 144
145 165
152 139
154 160
162 134
164 160
169 122
174 107
174 160
182 99
183 165
192 94
193 165
199 212
199 222
200 173
202 94
204 183
204 193
204 203
204 231
204 241
209 250
209 260
212 94
212 270
217 279
219 289
222 94
224 298
229 307
232 94
234 316
239 325
241 99
244 334
249 106
250 342
255 114
257 350
260 123
260 133
265 142
265 152
265 357
269 162
270 172
270 182
272 365
275 191
275 201
280 372
281 209
287 380
289 216
295 387
298 221
304 392
308 224
312 399
318 225
319 407
328 229
329 410
329 627
337 234
337 619
337 634
338 415
347 234
347 420
347 614
347 635
357 234
357 424
357 609
357 634
364 432
364 592
365 625
367 234
369 441
369 572
369 582
373 618
374 450
374 557
377 234
379 542
380 458
380 610
384 527
385 570
385 580
385 590
385 600
387 234
388 465
389 475
389 507
389 517
390 435
390 445
390 555
394 484
394 494
395 454
395 535
395 545
397 234
399 430
400 463
400 473
400 525
405 510
407 234
408 435
408 480
410 490
410 500
417 234
418 435
426 239
427 440
436 239
437 440
446 239
447 440
455 244
457 440
465 244
467 440
469 622
469 632
474 249
475 447
477 614
479 635
482 455
482 604
483 254
484 465
484 475
484 485
484 495
489 504
489 635
490 435
490 596
493 255
494 513
494 523
494 533
494 582
495 444
495 543
497 629
499 430
499 553
499 563
499 573
500 453
500 463
500 473
500 483
500 493
502 260
502 619
505 502
505 512
505 522
505 600
509 427
509 532
510 267
510 542
510 580
510 590
514 417
514 552
515 562
520 269
522 410
529 274
532 409
539 276
542 405
548 281
551 400
555 289
560 395
565 289
570 395
574 294
579 390
583 299
588 385
592 304
598 385
602 304
607 380
611 309
617 380
621 309
626 375
630 314
635 370
640 314
645 370
650 314
654 365
660 314
664 365
670 314
672 359
680 314
682 355
690 314
692 355
700 317
701 350
705 330
705 340
