289 557
289 567
289 577
289 587
289 597
289 607
289 617
289 627
289 637
289 647
289 657
289 667
289 677
289 687
289 697
289 707
289 717
289 727
294 527
294 537
294 547
294 736
299 512
301 744
304 467
304 477
304 487
304 497
309 422
309 432
309 442
309 452
311 748
314 392
314 402
314 412
319 362
319 372
319 382
321 750
324 347
329 332
330 755
334 322
339 312
340 757
347 304
350 760
352 294
359 282
359 765
364 272
369 257
369 765
374 247
379 237
379 765
384 162
384 172
384 182
384 192
384 202
384 212
384 222
389 147
389 765
394 117
394 127
394 137
399 87
399 97
399 107
399 765
404 47
404 57
404 67
404 77
409 37
409 765
417 29
418 770
427 24
428 770
437 24
438 770
447 24
448 770
456 29
457 765
464 36
465 46
465 56
465 66
465 76
465 86
465 96
465 106
465 116
465 126
465 136
465 146
465 156
465 166
465 176
465 186
465 196
465 206
465 216
465 226
465 755
468 236
470 246
470 256
470 740
473 266
475 276
475 286
475 710
475 720
475 730
480 295
480 665
480 675
480 685
480 695
485 304
485 635
485 645
485 655
490 313
490 323
490 605
490 615
490 625
495 332
495 555
495 565
495 575
495 585
495 595
499 342
500 352
500 495
500 505
500 515
500 525
500 535
500 545
505 361
505 371
505 381
505 391
505 401
505 411
505 421
505 431
505 441
505 451
505 461
505 471
505 481
