264 57
269 47
269 66
269 76
274 85
274 357
274 367
274 377
274 387
274 397
274 407
274 417
274 427
274 437
277 39
277 95
279 105
279 115
279 125
279 135
279 145
279 322
279 332
279 342
279 446
284 154
284 164
284 174
284 184
284 277
284 287
284 297
284 307
284 455
284 465
286 34
286 194
287 475
289 204
289 214
289 224
289 234
289 244
289 254
289 264
289 485
289 495
289 505
294 514
294 524
294 534
294 544
294 554
295 29
296 564
299 574
299 584
301 594
304 604
304 614
304 624
305 26
309 633
309 643
309 653
310 663
314 673
315 24
319 682
319 692
324 701
324 711
324 721
324 731
325 24
329 740
332 750
335 24
340 757
345 27
349 762
354 32
359 41
359 765
363 51
365 61
365 71
368 81
369 765
370 91
375 100
375 110
375 120
377 130
379 765
380 140
382 150
385 160
389 765
390 169
390 179
390 189
390 199
395 208
399 765
400 217
400 227
404 237
409 246
409 765
413 256
418 265
419 765
422 275
427 284
429 765
430 294
430 304
435 313
439 762
440 322
445 331
449 760
450 340
452 350
457 359
459 757
464 367
469 376
469 755
470 386
475 395
477 405
478 750
480 415
482 425
485 435
485 445
485 455
488 748
490 464
490 474
490 484
495 493
495 503
495 513
495 523
495 533
495 543
495 553
498 745
500 562
500 572
500 582
500 592
505 601
505 611
505 621
507 740
508 631
510 641
510 651
510 661
515 670
515 730
517 680
520 690
520 700
520 710
520 720
