284 702
284 712
284 722
284 732
289 672
289 682
289 692
289 741
294 657
296 749
299 582
299 592
299 602
299 612
299 622
299 632
299 642
304 547
304 557
304 567
304 755
309 472
309 482
309 492
309 502
309 512
309 522
309 532
313 760
314 442
314 452
314 462
319 407
319 417
319 427
323 760
324 392
329 377
332 765
334 362
339 352
342 765
344 342
352 334
352 765
357 324
362 314
362 765
367 304
372 294
372 765
377 284
379 262
379 272
382 765
384 252
389 242
392 765
394 212
394 222
394 232
399 177
399 187
399 197
402 765
404 142
404 152
404 162
409 127
411 760
414 72
414 82
414 92
414 102
414 112
419 42
419 52
419 62
421 760
424 32
431 760
432 24
441 760
442 24
451 760
452 24
459 752
462 24
465 165
465 175
465 185
465 195
465 205
465 215
465 225
465 235
465 245
465 255
465 265
465 275
465 285
465 740
467 295
470 135
470 145
470 155
470 305
470 315
470 325
470 685
470 695
470 705
470 715
470 725
471 29
475 120
475 334
475 344
475 655
475 665
475 675
480 105
480 353
480 363
480 373
480 383
480 393
480 403
480 413
480 423
480 433
480 443
480 453
480 463
480 473
480 483
480 493
480 503
480 513
480 523
480 533
480 543
480 553
480 563
480 573
480 583
480 593
480 603
480 613
480 623
480 633
480 643
481 29
485 90
490 34
490 70
490 80
495 55
498 40
