289 722
294 647
294 657
294 667
294 677
294 687
294 697
294 707
294 731
299 527
299 537
299 547
299 557
299 567
299 577
299 587
299 597
299 607
299 617
299 627
299 637
299 740
304 467
304 477
304 487
304 497
304 507
304 517
305 748
309 452
314 422
314 432
314 442
315 752
319 407
324 382
324 392
324 757
329 372
334 362
334 760
339 347
343 765
344 337
349 327
353 765
354 317
359 302
363 765
364 287
369 257
369 267
369 277
373 765
374 242
379 227
383 765
384 212
389 182
389 192
389 202
393 765
394 152
394 162
394 172
399 137
403 765
404 122
409 62
409 72
409 82
409 92
409 102
409 112
413 765
414 52
419 42
423 765
427 34
433 765
436 29
443 763
445 24
453 758
455 24
460 750
465 24
465 740
470 695
470 705
470 715
470 725
473 30
475 230
475 240
475 250
475 260
475 270
475 280
475 290
475 300
475 310
475 320
475 330
475 340
475 350
475 360
475 370
475 380
475 605
475 615
475 625
475 635
475 645
475 655
475 665
475 675
475 685
477 390
480 38
480 185
480 195
480 205
480 215
480 400
480 545
480 555
480 565
480 575
480 585
480 595
485 47
485 140
485 150
485 160
485 170
485 409
485 419
485 500
485 510
485 520
485 530
490 56
490 66
490 76
490 86
490 96
490 106
490 116
490 126
490 428
490 455
490 465
490 475
490 485
495 437
