274 62
274 72
274 82
274 92
274 102
274 112
274 122
274 132
274 142
274 152
279 47
279 161
279 171
279 181
279 191
279 201
279 367
279 377
279 387
279 397
279 407
279 417
279 427
279 437
279 447
279 457
279 467
279 477
279 487
279 497
279 507
284 210
284 220
284 230
284 352
284 516
284 526
287 240
289 42
289 250
289 260
289 270
289 280
289 290
289 300
289 310
289 320
289 330
289 340
289 535
289 545
294 554
294 564
294 574
294 584
299 37
299 593
299 603
299 613
304 622
304 632
309 32
309 641
309 651
314 660
314 670
314 680
314 690
314 700
314 710
314 720
314 730
319 27
319 739
324 748
329 24
329 757
337 764
339 24
346 769
349 24
356 770
357 30
365 37
365 47
365 57
366 770
369 67
370 77
375 86
375 96
375 106
376 770
378 116
380 126
383 136
385 146
386 770
390 155
390 165
390 175
392 185
395 195
396 770
400 204
400 214
400 224
405 233
406 770
410 242
415 251
415 765
421 259
424 760
425 269
433 275
433 755
437 285
442 750
445 292
450 301
451 745
455 310
457 320
459 737
460 330
465 339
469 732
470 348
475 357
475 367
479 727
480 376
480 386
480 396
480 406
480 416
485 425
485 435
487 719
490 444
490 454
490 464
490 474
495 483
495 493
495 503
495 513
495 523
495 710
500 532
500 542
505 551
505 561
505 571
505 700
510 580
510 590
510 600
510 685
512 610
515 620
515 630
515 640
515 650
515 660
515 670
