29 112
34 102
34 121
42 94
44 125
47 84
54 127
57 79
62 119
65 71
72 115
73 64
80 121
82 69
84 131
89 140
89 150
89 247
91 74
94 232
94 256
98 155
99 165
99 175
99 185
99 195
99 205
99 215
99 265
100 79
109 265
110 82
117 259
119 87
120 205
120 215
120 225
120 235
120 245
125 190
127 94
135 185
136 99
144 106
145 180
150 114
154 175
160 114
164 175
170 114
174 175
180 114
184 175
190 114
194 175
200 114
204 175
210 114
214 175
219 184
220 114
224 193
224 207
224 217
224 227
224 237
224 247
230 114
230 255
236 263
240 114
246 260
250 114
254 252
255 215
255 230
255 240
258 120
265 128
265 138
265 210
275 142
275 210
279 222
284 231
284 241
285 144
289 250
294 259
295 144
300 267
305 144
309 272
314 107
314 117
314 127
314 137
319 270
322 99
328 275
330 91
337 280
339 42
339 57
340 86
344 66
346 275
347 34
348 79
356 29
356 275
366 29
366 275
375 34
375 265
380 43
380 170
380 180
380 190
383 258
385 52
385 199
385 209
385 219
385 229
385 239
390 61
390 71
390 170
393 81
398 90
399 175
405 98
405 108
405 118
405 128
405 138
405 183
413 144
413 190
419 198
423 144
424 207
429 232
430 215
432 149
439 235
442 149
447 139
448 240
452 129
457 245
459 117
467 245
469 114
477 245
478 109
479 82
479 92
487 74
487 245
492 254
496 69
499 262
505 270
506 69
511 278
516 69
521 280
525 74
525 84
530 93
531 283
535 102
539 290
543 109
549 290
552 104
559 290
562 104
569 112
569 290
575 155
579 116
579 290
580 126
580 136
580 146
580 164
589 287
590 167
599 282
600 167
604 177
607 274
612 184
615 265
619 192
620 202
620 245
620 255
625 211
625 221
625 231
