49 407
57 414
59 404
64 392
67 415
74 387
76 420
84 382
86 423
89 433
90 443
94 377
95 452
102 369
104 457
109 466
112 364
114 475
117 485
120 356
122 494
130 351
130 500
139 505
140 346
149 502
150 341
159 500
159 647
159 657
160 336
164 666
167 494
167 639
170 336
171 674
175 631
177 489
180 334
181 675
182 479
183 624
190 334
190 465
190 616
190 670
198 458
199 675
200 334
200 611
203 448
208 670
210 331
210 609
213 450
217 460
217 664
219 470
219 480
219 604
220 329
222 490
227 659
228 599
229 324
229 498
229 682
234 507
234 691
235 591
235 650
237 674
239 322
242 514
243 584
244 645
244 695
247 674
249 319
249 522
250 576
252 639
254 531
254 695
255 566
256 669
258 314
259 540
260 625
262 550
264 695
266 665
268 314
270 620
271 655
274 695
276 645
277 309
279 615
281 635
284 624
284 695
286 304
294 692
295 299
299 682
304 294
304 672
310 660
314 292
315 650
320 630
320 640
324 289
325 615
330 605
333 284
335 590
340 580
342 279
348 573
352 279
353 563
355 545
360 271
360 510
360 520
360 530
368 503
370 269
378 500
379 264
388 500
389 264
398 259
398 500
408 259
408 500
418 259
418 500
428 259
428 500
438 259
438 500
447 505
448 259
449 42
457 34
457 264
457 505
459 45
467 29
467 264
467 505
468 50
476 24
476 269
477 55
477 509
486 24
486 269
486 514
487 55
495 274
496 24
496 515
497 55
504 521
505 277
506 24
507 55
509 530
514 282
514 539
516 24
517 59
519 677
519 687
522 545
524 286
526 24
526 64
527 669
527 694
530 552
534 289
536 24
536 65
537 560
537 664
537 695
542 569
543 294
544 579
545 70
546 24
546 589
547 659
547 695
549 599
549 609
549 619
549 629
549 639
549 649
553 294
554 75
556 25
557 85
557 695
562 94
563 294
566 29
566 104
567 695
569 114
570 39
573 294
574 123
575 133
576 700
578 45
579 143
582 289
584 152
585 53
586 700
589 161
589 171
590 62
592 284
594 180
594 190
594 200
594 262
594 272
595 71
596 700
599 209
599 219
599 229
599 239
599 249
601 79
605 89
605 99
606 700
610 108
615 117
615 127
615 695
620 136
623 688
625 145
629 680
630 154
630 164
635 173
635 183
635 670
640 192
640 295
640 305
640 315
640 325
640 335
640 345
643 663
644 202
645 212
645 235
645 245
645 280
645 354
645 510
645 520
645 530
645 540
645 590
645 600
645 610
645 620
645 630
645 640
645 650
647 255
647 550
649 222
650 265
650 363
650 560
650 570
650 580
653 503
655 372
655 490
659 382
660 480
665 390
665 400
665 410
665 465
667 420
670 430
670 440
670 450
