24 52
24 127
29 61
29 117
29 136
34 47
36 69
36 144
37 109
42 39
44 75
44 85
44 95
46 145
51 34
56 145
60 29
66 145
70 29
75 140
80 26
85 135
90 24
95 135
100 27
105 137
109 32
112 145
119 36
121 150
125 44
129 156
134 49
134 165
139 174
144 49
144 183
145 193
153 200
154 51
160 208
164 54
168 215
172 225
174 54
180 232
184 54
187 240
194 54
195 247
204 54
204 252
204 352
204 362
209 261
209 271
212 344
214 54
214 280
214 365
217 290
219 300
219 310
219 320
219 330
223 49
224 365
233 49
234 362
239 352
240 290
240 300
242 310
243 49
245 280
245 320
245 330
245 340
249 350
250 292
253 49
254 302
255 336
259 311
259 321
259 352
262 54
269 350
270 235
270 245
270 255
270 265
270 275
270 285
272 54
275 294
275 304
277 344
279 240
280 313
282 54
285 322
285 332
289 240
292 54
299 240
302 54
309 240
312 54
318 245
322 54
328 245
332 54
338 245
341 49
347 250
351 49
357 250
361 45
367 249
371 44
377 245
380 39
387 245
390 39
396 240
400 36
405 235
410 31
415 237
420 29
422 245
430 29
431 250
439 24
439 256
446 264
449 24
449 347
454 270
454 337
455 355
459 26
459 327
463 265
465 355
467 319
469 29
469 297
469 307
472 270
474 280
475 350
479 29
483 343
489 29
490 310
490 320
490 330
495 295
499 31
500 285
504 352
504 362
505 275
508 36
509 290
509 300
509 310
509 337
510 195
510 205
510 370
512 215
514 319
515 160
515 170
515 180
518 40
519 365
520 145
520 222
525 48
525 135
525 231
529 362
530 57
530 147
530 240
530 250
530 260
530 270
530 295
534 157
534 167
534 352
535 279
535 304
535 314
535 324
535 334
537 65
539 176
539 186
539 196
539 206
539 216
539 226
539 245
539 255
539 265
540 75
540 85
540 95
540 105
540 115
540 125
540 135
540 145
544 284
544 294
545 154
545 164
546 304
549 176
550 186
551 313
555 195
559 320
560 204
560 214
560 224
568 230
569 322
570 240
570 250
570 260
570 270
570 280
570 290
570 300
570 310
