24 147
29 132
29 156
34 82
34 122
36 164
39 72
39 91
39 101
39 111
44 32
44 42
44 170
47 64
49 51
52 24
54 170
62 24
64 170
72 24
73 165
82 24
82 170
91 175
92 24
101 175
102 24
109 32
110 180
116 188
119 32
124 195
129 34
130 203
137 40
140 205
147 44
149 210
155 218
157 44
160 227
167 44
167 235
175 242
177 44
182 250
187 44
192 250
197 44
201 255
207 39
209 261
217 34
219 265
224 362
224 372
227 34
228 270
232 354
232 379
237 34
237 275
239 285
239 295
240 346
242 305
242 380
244 315
244 325
244 335
247 34
252 379
257 34
262 375
266 39
271 370
275 44
279 362
280 350
285 47
285 260
285 270
285 280
285 290
285 300
285 310
288 343
290 250
290 319
290 329
294 52
300 250
304 54
310 250
314 54
320 250
324 56
330 250
334 59
339 255
344 59
349 255
354 59
359 255
364 59
368 260
369 277
374 59
374 268
377 284
384 59
387 280
394 59
396 275
404 59
404 267
412 259
414 59
422 254
423 54
432 49
432 249
442 49
442 244
452 49
452 240
454 352
459 342
459 361
461 44
461 235
467 334
469 365
471 44
471 235
472 324
474 245
477 314
479 254
479 365
481 40
482 304
484 292
485 262
487 359
489 272
489 282
491 39
495 350
501 39
503 343
504 372
505 320
505 330
509 362
510 305
510 380
511 39
515 295
517 354
519 385
520 285
521 39
522 344
524 327
526 293
529 303
529 313
529 382
531 39
539 380
541 39
547 374
551 39
555 325
555 335
555 345
555 355
555 365
560 44
560 175
560 185
560 195
560 205
560 215
565 150
565 160
565 224
565 234
565 327
568 50
570 140
570 243
570 253
570 280
570 290
570 300
570 310
575 58
575 115
575 125
575 262
580 67
580 77
580 87
580 97
