144 357
149 366
152 349
156 374
162 349
166 375
169 77
169 87
171 344
174 392
174 402
175 370
177 69
177 94
179 337
181 104
182 409
184 365
184 387
186 64
187 329
191 108
192 359
192 379
192 410
194 252
194 262
195 321
196 64
197 349
199 227
199 237
199 271
200 113
200 311
201 374
201 405
204 212
204 280
205 59
205 340
207 290
208 120
208 304
209 202
209 357
209 367
209 397
214 32
214 42
214 52
214 147
214 157
214 167
214 177
214 187
214 345
217 125
217 389
219 135
222 24
222 379
227 369
232 24
235 360
240 350
241 29
248 343
251 25
255 335
259 31
263 328
265 39
269 320
275 42
278 325
285 44
287 330
294 49
295 70
297 334
300 57
300 79
304 342
308 85
314 345
315 93
315 103
320 112
320 353
325 362
327 120
329 547
332 370
334 537
335 127
337 554
340 377
343 134
344 534
346 559
347 385
352 139
354 534
355 392
356 560
361 144
362 400
363 529
365 555
369 151
372 400
372 524
375 550
378 156
380 516
381 405
385 164
385 545
386 414
389 424
389 434
389 444
390 173
390 511
393 538
397 450
398 180
398 504
403 533
404 458
404 587
405 188
405 468
405 496
409 577
412 594
413 475
413 489
413 528
415 192
419 574
422 200
422 595
423 525
429 572
430 207
431 600
432 519
437 564
438 214
440 510
440 595
442 554
447 219
448 588
449 542
450 505
454 227
454 532
455 495
455 575
459 517
462 234
463 568
464 490
464 500
469 242
473 563
477 249
480 555
486 254
488 548
493 538
495 259
500 530
504 264
508 523
512 270
513 513
518 503
520 277
523 493
528 483
530 279
533 473
539 284
540 465
548 289
548 458
555 445
557 294
563 438
564 302
570 425
574 306
578 418
580 314
585 410
588 320
593 403
595 328
598 393
600 337
605 346
605 380
610 355
610 365
