19 167
24 152
24 176
31 184
32 144
41 139
41 185
50 180
51 135
60 175
61 134
69 180
70 129
72 190
74 200
79 209
80 132
85 217
90 134
92 225
95 143
101 230
105 147
110 235
115 149
119 240
125 152
128 245
130 161
135 253
140 164
144 258
144 268
144 278
144 288
149 297
150 161
159 127
159 137
159 147
159 300
162 310
164 320
167 119
169 329
171 339
174 82
174 349
176 114
179 67
179 91
179 358
184 100
184 367
187 59
194 370
196 54
203 375
205 49
212 380
215 49
222 384
225 49
232 385
235 49
241 390
243 55
245 65
245 75
251 390
255 79
261 390
265 79
271 390
275 79
280 88
281 390
285 97
285 107
290 116
291 393
299 107
301 395
304 92
309 82
311 395
317 74
321 395
326 69
331 395
336 69
341 395
344 42
344 52
344 62
351 395
352 34
361 395
362 29
371 34
371 395
381 34
381 395
390 29
391 395
400 29
401 395
410 26
411 395
415 55
415 65
420 29
420 45
421 395
425 69
431 395
435 69
440 390
445 69
450 390
453 75
457 85
460 95
460 390
465 104
465 114
470 390
475 111
480 390
483 104
487 94
490 385
492 84
500 385
501 79
510 385
511 79
520 84
520 385
529 52
529 62
529 72
529 380
539 47
539 380
549 44
549 380
558 375
559 44
567 370
569 46
576 365
578 51
585 360
588 55
590 95
590 350
592 105
595 63
595 335
600 72
600 82
600 92
600 112
600 325
605 145
605 155
605 315
607 120
610 130
610 164
610 305
618 298
620 164
625 255
625 265
625 275
625 285
630 161
634 250
638 154
642 144
642 244
651 149
652 239
661 149
662 234
670 225
671 149
676 140
680 220
684 134
685 210
690 200
694 134
695 190
700 180
704 134
710 180
714 134
720 180
724 134
730 180
732 140
737 149
738 173
740 159
