19 372
24 381
24 391
27 364
29 400
34 352
35 408
39 332
39 342
45 412
49 327
55 415
59 324
64 410
68 329
72 404
77 324
82 399
87 319
92 399
97 319
99 407
104 416
107 319
114 420
116 314
124 321
124 420
130 329
133 425
134 227
134 237
134 247
135 338
139 217
139 256
139 266
139 276
143 345
143 425
144 285
147 209
150 293
150 353
152 430
156 204
158 300
158 359
161 435
165 199
165 308
165 351
170 341
171 438
175 199
175 312
178 334
180 443
184 204
185 315
187 329
190 447
192 210
194 310
196 334
197 455
202 214
202 464
204 310
206 334
206 474
210 318
211 219
211 483
214 328
219 490
220 224
229 490
230 227
230 280
235 236
235 265
238 246
238 286
239 490
240 256
244 152
244 499
246 509
248 289
249 72
249 82
249 112
249 122
249 132
249 142
249 161
249 171
249 181
249 191
254 62
254 91
254 101
254 200
254 515
257 210
258 289
262 54
263 520
265 281
266 215
269 262
270 528
272 49
274 252
275 220
275 537
282 44
282 244
282 545
285 220
287 554
291 564
292 44
292 239
294 225
299 570
301 49
301 244
303 230
309 56
309 570
311 244
313 230
315 64
318 575
321 240
323 230
324 69
327 580
334 69
337 579
342 75
347 575
350 82
354 92
357 575
364 94
367 574
373 99
377 570
380 107
385 116
385 190
385 200
386 565
390 125
390 209
393 183
395 134
395 170
396 565
399 197
400 143
400 153
404 187
405 131
405 560
409 117
410 142
414 77
414 102
414 152
414 182
415 555
419 67
419 86
422 159
424 179
425 550
427 59
430 165
433 184
435 550
436 54
440 167
442 189
444 545
445 49
450 170
451 194
454 542
455 49
459 175
459 185
464 537
465 52
472 530
474 57
480 65
481 525
485 74
490 83
490 520
500 87
500 150
500 160
500 515
505 169
508 143
509 92
510 178
510 510
515 100
515 125
515 135
519 505
520 109
520 176
528 500
530 171
537 495
538 164
545 156
546 490
553 149
554 117
554 482
557 139
559 126
562 109
564 477
570 101
574 472
575 91
580 81
584 467
588 74
592 460
597 69
601 455
602 59
610 450
611 54
618 443
620 49
620 215
620 225
622 235
625 185
625 195
625 205
625 435
627 244
629 44
630 175
630 295
632 305
633 428
634 252
635 105
635 115
635 165
635 280
635 315
635 325
635 335
637 345
639 44
639 261
640 124
640 134
640 144
640 154
640 271
640 355
640 420
645 107
645 364
645 374
645 410
648 49
650 383
650 393
655 110
657 54
660 64
663 103
665 73
670 82
670 92
