24 162
24 172
24 182
29 152
29 191
29 201
29 211
34 220
37 230
39 147
45 237
49 144
52 245
58 149
62 245
68 150
72 245
78 154
80 252
84 262
88 154
92 269
98 155
99 277
107 160
107 284
112 169
115 179
116 289
120 188
120 198
124 295
125 207
132 215
133 300
140 222
140 232
143 300
144 242
149 251
152 305
157 314
159 252
159 324
159 334
161 344
166 353
167 244
169 232
170 363
174 222
174 373
174 383
174 393
175 403
183 410
184 219
189 127
189 137
189 147
192 415
194 112
194 156
194 219
199 165
201 420
202 175
204 107
204 221
210 182
211 423
214 104
214 224
217 190
221 425
222 199
223 109
223 219
224 209
231 425
232 114
241 119
241 428
250 124
251 430
258 130
260 170
261 430
262 180
265 138
265 148
265 158
265 190
270 199
271 430
275 208
280 435
283 214
290 435
292 209
300 201
300 435
310 199
310 435
319 194
320 435
329 196
330 435
334 87
334 97
334 107
338 201
339 72
339 116
339 126
339 136
339 146
339 156
340 435
344 62
344 165
348 205
350 435
352 54
353 170
357 199
359 42
359 178
359 188
360 435
367 34
370 435
376 29
380 435
385 24
390 435
395 27
400 435
404 32
410 185
410 435
412 39
415 175
415 194
419 47
420 203
420 435
423 168
425 55
428 209
430 64
430 130
430 155
430 435
435 73
435 120
435 139
437 204
440 82
440 92
440 102
440 435
447 199
450 435
457 194
460 435
467 189
470 435
476 194
480 435
484 201
489 430
494 204
499 430
504 152
504 162
504 172
504 197
509 142
509 181
509 430
517 134
519 427
524 122
529 425
532 114
539 425
542 109
549 425
550 200
550 210
552 109
555 219
558 193
558 420
562 109
564 224
565 119
565 185
568 418
570 128
573 178
574 224
575 137
575 147
575 157
575 167
578 413
583 219
583 403
585 350
585 360
585 370
585 380
585 390
593 219
593 343
595 325
600 315
603 220
605 305
610 228
615 300
618 235
625 300
627 229
632 219
634 207
634 295
639 192
644 177
644 292
652 169
654 287
661 164
664 282
670 159
672 274
680 156
680 260
688 253
690 154
698 248
700 151
708 243
710 149
718 238
719 144
725 230
729 146
730 220
735 154
735 210
740 163
740 173
740 183
740 193
