24 147
24 157
29 137
29 166
36 174
39 127
44 180
49 122
49 189
57 195
59 112
66 200
67 104
75 96
75 205
80 86
85 205
89 77
94 200
97 69
99 27
99 37
99 47
99 57
104 200
109 24
109 209
109 219
114 228
114 238
119 24
119 247
119 257
124 266
128 29
129 275
129 285
132 295
134 305
134 315
134 552
137 34
137 325
139 561
142 334
142 544
144 42
149 342
149 565
150 536
152 49
154 351
155 59
158 529
158 570
159 360
159 370
159 380
159 390
159 400
163 65
164 409
164 419
164 429
164 439
164 449
164 502
164 512
168 570
169 458
169 468
169 478
169 488
170 73
175 82
175 578
184 87
185 582
192 94
195 585
199 102
205 110
205 580
210 119
215 128
215 580
220 137
220 570
224 147
229 156
229 565
235 164
235 555
240 173
240 545
245 535
248 179
253 528
255 515
257 184
260 430
260 440
260 450
260 460
260 470
260 480
260 490
260 500
265 410
265 420
266 189
273 403
276 189
283 398
285 194
290 390
293 200
300 390
303 204
310 385
312 209
320 385
322 209
329 217
329 380
334 182
334 192
338 375
339 219
342 174
342 199
347 164
347 370
349 219
350 205
355 156
356 365
359 219
360 146
360 205
365 360
368 139
369 219
370 205
375 360
377 134
379 200
379 219
384 365
385 126
388 195
388 214
394 365
395 121
397 189
398 214
403 114
403 370
407 184
408 214
412 109
413 370
415 175
418 214
419 378
421 104
424 170
424 387
428 214
429 396
431 100
432 164
434 405
438 214
441 99
442 160
443 410
447 420
448 214
450 104
452 160
455 427
458 214
460 107
462 160
462 435
467 209
470 109
470 167
470 442
474 532
477 175
477 209
479 185
479 195
479 447
479 541
480 109
482 524
484 456
487 514
488 115
489 465
489 475
489 485
489 495
489 545
495 123
499 545
503 130
509 545
510 138
515 530
518 145
520 155
520 500
520 510
520 520
525 164
525 174
525 225
525 235
525 245
525 255
525 480
525 490
530 183
530 193
530 203
530 213
530 264
534 552
534 562
535 273
535 283
535 370
535 380
535 390
535 480
537 400
539 490
540 292
540 302
540 312
540 340
540 350
540 360
540 410
542 544
544 499
544 565
545 321
545 331
545 419
546 509
547 534
549 519
550 428
553 570
558 435
563 444
563 568
570 452
573 563
575 550
577 460
580 470
580 480
580 490
580 500
580 510
580 520
580 530
580 540
