29 207
29 217
29 227
37 199
37 234
44 242
45 191
54 182
54 245
62 174
63 250
64 157
72 149
73 250
74 137
83 250
84 132
92 124
93 250
102 119
102 245
112 114
112 245
122 114
122 245
130 252
131 119
137 260
139 270
139 280
140 124
142 290
144 300
144 310
144 320
144 330
144 340
144 350
144 360
144 370
144 380
149 389
150 124
151 399
156 408
158 130
159 418
159 627
159 637
164 427
164 437
164 447
164 457
164 467
164 477
164 487
165 645
167 135
167 619
169 496
169 506
169 516
169 526
169 536
169 546
169 556
169 566
169 576
169 586
169 596
169 606
175 645
177 139
184 147
185 645
190 625
190 635
192 154
195 610
200 160
203 603
205 169
209 637
209 647
209 657
210 178
213 600
214 610
214 620
218 185
219 660
225 193
228 665
230 202
235 211
238 663
243 653
244 216
245 635
248 226
250 545
250 555
250 600
250 610
250 620
255 234
255 530
255 564
255 574
255 584
260 490
260 500
260 510
260 520
264 239
265 480
270 470
272 245
280 465
282 249
290 460
291 254
300 259
300 460
310 259
310 455
320 262
320 455
330 264
330 455
339 450
340 264
349 450
350 264
359 450
360 264
369 447
370 264
379 269
379 445
388 440
389 269
398 438
399 269
405 430
408 274
415 425
418 274
425 420
427 269
435 420
437 269
444 425
447 269
450 433
457 269
460 435
466 264
470 435
476 264
479 430
486 264
489 430
495 438
496 264
500 447
504 457
505 259
512 464
515 256
516 474
520 246
524 37
524 47
524 57
524 67
524 480
527 490
528 239
529 27
529 76
529 86
529 96
529 222
532 499
534 105
534 115
534 125
534 135
534 145
534 207
539 24
539 154
539 164
539 174
539 184
539 194
539 507
544 516
545 32
549 525
550 41
550 270
550 280
550 290
555 50
555 255
555 299
555 533
557 60
559 543
559 553
560 70
560 80
560 245
560 308
564 562
564 572
564 622
564 632
565 89
565 230
569 581
569 591
569 612
569 641
570 98
570 215
570 312
574 322
574 600
575 107
575 190
575 200
579 645
580 116
580 165
580 175
580 330
580 340
583 126
585 136
585 146
585 156
585 349
585 359
589 645
590 368
590 378
590 388
595 397
595 407
597 639
600 416
600 426
600 436
600 580
600 590
600 600
602 610
605 445
605 570
605 620
605 630
610 454
610 464
614 575
615 473
619 584
619 647
619 657
620 482
620 492
621 594
624 604
624 637
625 501
627 664
629 613
629 623
634 506
636 669
638 516
645 524
645 534
646 670
650 543
650 553
650 563
650 573
655 582
655 592
655 665
660 601
660 611
660 621
663 658
665 630
665 640
