24 192
24 202
29 211
32 184
36 219
41 179
46 220
50 174
56 220
59 167
64 147
64 157
66 220
72 139
76 220
81 134
86 220
89 127
96 220
99 122
104 226
104 236
109 119
109 245
109 255
109 265
109 275
109 285
109 295
109 305
109 315
109 325
114 334
119 119
119 343
124 352
129 119
129 361
134 370
139 121
140 378
148 126
148 385
155 134
155 393
163 140
163 400
170 148
170 408
174 562
174 572
175 417
178 155
179 427
179 437
179 447
179 581
184 456
184 466
184 557
185 163
189 475
189 485
189 495
189 505
189 515
189 525
189 535
189 545
189 585
190 172
194 182
198 590
199 191
205 199
208 590
210 208
215 217
217 584
222 225
225 565
225 575
230 232
230 550
235 425
235 435
235 445
235 455
235 465
235 475
235 485
235 495
235 505
235 515
237 240
237 525
238 543
245 425
247 244
255 425
256 249
264 420
265 254
274 259
274 417
284 259
284 415
294 259
294 415
304 259
304 415
313 410
314 259
323 410
324 259
333 410
334 259
343 408
344 259
353 405
354 259
363 405
364 259
372 400
374 257
382 400
384 254
391 395
394 254
401 398
404 254
409 405
412 415
414 254
419 423
424 254
424 432
429 441
434 254
436 449
443 259
444 455
453 259
453 460
462 465
463 260
470 268
471 470
480 272
480 475
489 277
489 480
498 485
499 279
507 490
509 279
515 315
515 497
517 325
519 279
522 334
522 505
524 310
524 557
524 567
525 344
527 514
529 279
529 524
529 534
530 353
530 363
530 373
530 383
530 393
530 403
530 413
530 423
532 549
532 574
534 310
535 432
538 274
539 442
542 575
544 307
547 449
548 274
550 459
551 580
554 305
558 274
558 465
561 580
564 305
567 269
567 470
570 585
573 300
575 477
577 264
580 486
580 585
582 295
585 495
585 505
585 515
587 264
587 525
588 578
590 535
590 545
590 555
590 565
592 294
597 259
602 289
607 259
612 285
617 254
622 284
627 249
632 280
637 244
642 279
647 239
652 275
657 234
661 270
665 226
669 262
674 252
675 224
679 242
