34 172
34 182
34 192
39 162
39 201
44 152
44 210
44 220
44 230
50 238
54 142
60 240
62 134
64 122
69 245
72 114
79 245
80 106
85 96
88 240
95 91
98 240
100 81
104 42
104 52
104 62
108 240
112 34
117 24
118 240
124 248
124 258
124 268
124 278
124 288
124 298
124 308
124 318
125 328
127 24
129 338
129 348
130 34
130 44
130 54
134 357
134 367
134 542
134 552
135 63
139 376
139 561
140 72
142 534
144 385
144 395
144 405
146 569
147 524
149 77
149 414
154 423
154 433
154 457
154 467
154 477
154 487
154 512
156 570
159 79
159 442
159 496
166 570
169 79
175 565
178 74
183 558
187 69
188 548
193 538
195 61
195 520
200 51
200 410
200 420
200 430
200 440
200 450
200 460
200 470
200 480
200 490
200 500
200 510
208 44
209 405
215 135
215 145
217 39
219 405
220 154
223 128
225 163
227 39
228 118
228 410
233 169
235 45
235 55
235 65
235 75
235 85
235 95
235 105
237 415
239 582
242 174
244 423
244 433
244 443
244 572
244 591
245 184
249 452
249 462
249 472
251 599
254 189
254 481
254 491
254 557
254 567
259 500
259 510
259 520
259 530
259 540
261 600
264 191
271 600
274 194
281 600
283 199
291 600
293 199
299 592
303 200
304 582
305 410
305 420
305 430
305 440
305 450
305 460
305 470
305 480
305 490
305 500
305 510
305 520
305 530
305 540
305 550
305 560
305 570
313 204
313 403
323 204
323 398
333 204
333 395
342 199
342 390
352 199
352 389
362 199
362 384
372 199
372 380
381 194
382 379
391 194
392 375
400 189
402 374
410 189
412 370
420 189
422 370
427 379
430 189
434 387
440 189
442 394
450 189
450 400
456 408
460 189
464 414
470 189
472 420
477 429
480 189
484 437
489 194
489 446
489 502
489 512
496 454
497 494
497 519
499 194
499 464
499 474
499 484
505 525
508 189
515 520
518 189
525 181
525 215
525 225
525 235
525 510
530 500
533 241
534 532
535 176
535 210
535 251
535 470
535 480
535 490
539 517
539 541
540 200
540 460
541 259
543 169
545 190
545 269
546 549
547 509
549 465
550 278
552 164
552 499
554 474
554 484
555 185
555 287
555 297
556 550
560 306
560 316
561 159
563 178
565 325
565 335
565 345
565 355
566 550
570 364
570 374
570 384
570 394
570 404
571 159
573 175
575 413
575 545
580 164
580 422
583 538
585 431
585 450
585 460
588 528
590 440
590 469
590 479
590 489
590 499
590 509
