24 117
24 127
24 137
24 147
29 156
34 112
36 164
44 109
46 168
54 109
56 170
64 102
65 175
72 94
75 175
82 89
85 175
92 89
95 175
102 89
105 177
112 84
112 185
114 195
119 204
121 89
121 214
124 224
129 233
130 243
131 89
134 253
139 96
139 262
139 272
139 282
139 292
144 301
144 311
145 104
149 320
149 562
149 572
152 330
153 110
154 340
157 579
159 349
159 557
160 118
165 127
165 357
166 584
167 549
169 367
172 135
172 539
174 376
174 386
174 522
176 585
177 144
179 395
179 405
179 415
179 425
179 435
179 492
179 502
179 512
184 444
184 454
184 464
184 474
185 590
186 149
194 156
195 590
198 166
205 174
205 585
213 180
215 575
218 189
220 565
225 550
227 194
230 540
236 199
238 533
240 485
240 495
240 520
245 440
245 450
245 460
245 470
245 504
246 199
250 395
250 405
250 415
250 425
255 204
255 385
264 209
264 380
274 211
274 380
284 214
284 380
294 216
294 377
304 219
304 375
313 224
313 370
322 365
323 224
332 229
332 365
342 229
342 364
352 229
352 360
362 229
362 360
372 229
372 360
381 234
382 360
391 234
392 360
401 234
402 364
409 372
411 234
419 375
421 234
424 384
429 393
430 239
434 402
440 242
442 409
449 417
450 244
454 426
459 249
461 434
469 251
469 440
478 445
479 254
487 450
489 254
496 455
499 254
504 461
509 254
514 465
519 254
520 285
523 470
525 294
529 254
529 280
530 303
530 478
534 557
535 312
535 487
539 254
539 280
539 322
539 497
539 507
539 517
539 527
539 537
539 547
539 566
540 332
540 342
540 352
540 362
545 371
545 381
545 391
548 275
549 254
549 570
550 400
555 409
558 275
559 254
559 570
560 418
565 485
565 495
567 564
568 275
568 425
569 254
570 504
570 514
575 433
575 485
575 523
575 533
575 543
575 553
578 249
578 275
583 440
584 490
587 270
588 249
589 499
589 577
590 448
591 509
594 519
594 529
594 586
597 244
597 269
597 569
599 538
599 548
599 558
600 452
604 590
607 244
607 265
607 460
614 590
615 467
615 477
616 239
616 260
619 487
620 497
620 507
624 517
624 587
625 527
625 537
625 547
625 557
625 567
625 577
626 239
626 260
635 234
636 260
645 234
645 255
653 248
655 234
