24 202
24 212
29 187
29 221
34 230
37 179
37 240
42 169
44 248
45 258
50 161
50 267
54 147
57 275
59 127
59 137
64 117
67 275
72 109
77 274
79 97
85 260
87 89
90 245
95 81
98 238
103 228
105 79
110 220
115 79
120 215
125 79
129 220
134 229
134 239
135 79
139 248
139 258
139 268
144 277
144 287
144 297
144 307
144 317
145 79
149 326
149 336
149 346
154 355
154 365
155 79
159 374
159 617
160 88
161 384
164 626
167 609
168 95
169 390
172 105
172 599
174 399
174 630
176 409
179 419
179 429
179 587
180 112
180 638
184 122
184 438
184 448
184 458
184 468
184 478
184 488
184 498
184 508
184 518
184 528
184 538
184 548
184 558
184 568
184 578
190 640
192 129
199 137
199 645
204 146
209 645
210 154
215 163
219 645
223 170
227 180
229 645
235 187
238 640
239 197
247 204
247 634
252 624
254 212
257 615
262 219
265 605
270 595
272 219
278 588
280 450
280 460
280 470
280 480
280 490
280 500
280 510
281 224
283 578
285 519
285 529
285 539
285 549
285 559
288 443
289 231
295 239
298 438
305 239
308 433
314 244
318 428
323 249
328 425
333 250
338 423
343 254
348 420
353 254
357 415
363 254
367 415
373 254
376 410
383 254
386 410
393 254
396 410
403 254
404 416
413 254
414 420
423 254
424 420
433 254
433 415
443 254
443 415
444 132
449 141
452 124
453 254
453 415
454 150
457 160
457 425
462 124
463 254
465 167
466 430
469 177
471 129
471 439
473 254
474 186
476 448
479 195
480 134
483 254
484 454
485 143
485 203
489 213
490 462
492 249
493 150
494 222
494 232
497 160
497 470
499 241
502 169
505 179
505 477
512 485
513 185
517 195
521 490
522 204
526 499
529 212
530 222
534 505
535 231
537 515
538 241
540 251
540 261
545 270
545 522
547 280
549 532
549 592
549 602
550 290
554 582
555 299
557 539
557 609
559 549
559 559
559 569
560 308
565 317
567 610
570 326
573 336
575 346
577 610
581 354
585 364
587 609
590 373
590 383
595 600
598 390
603 593
605 398
605 408
605 580
610 417
610 550
610 560
610 570
615 426
619 545
620 435
625 444
629 545
630 453
635 462
635 553
639 563
640 471
643 481
644 572
649 581
650 489
654 590
654 600
654 610
654 620
655 498
657 630
662 639
665 502
669 512
670 645
677 519
680 529
680 645
685 538
689 640
693 545
695 555
695 565
697 575
697 634
700 585
700 620
702 595
705 605
