29 77
29 87
29 97
29 107
29 117
29 127
34 136
34 146
37 69
41 154
45 61
50 51
51 155
54 37
61 155
62 29
71 24
71 155
79 161
79 171
79 181
79 191
79 201
79 211
79 221
79 231
79 241
79 251
79 261
81 24
84 270
84 280
84 522
84 532
87 290
89 300
89 512
91 24
92 539
94 309
94 319
97 504
99 328
99 338
99 348
101 24
102 540
104 357
104 367
104 377
104 387
106 499
109 396
109 406
109 416
109 426
109 487
111 24
112 540
114 435
114 445
114 455
114 465
114 475
121 24
122 539
131 24
132 534
140 525
141 24
145 515
150 29
150 490
150 500
155 465
155 475
160 32
160 405
160 415
160 425
160 435
160 445
160 455
165 390
167 40
169 542
174 551
175 47
175 390
177 534
180 56
184 555
185 390
185 526
186 64
193 560
194 71
194 517
195 81
195 390
199 507
200 90
201 398
203 560
204 408
204 418
204 428
204 438
204 448
204 458
204 468
204 478
204 488
204 498
205 99
210 108
213 558
215 117
219 127
223 553
227 134
230 144
230 540
235 525
238 150
240 485
240 495
240 505
240 515
245 435
245 445
245 455
245 465
245 475
248 154
250 405
250 415
250 425
255 390
257 159
263 383
266 164
273 380
276 164
283 378
285 169
293 375
294 174
303 373
304 174
313 370
314 174
322 365
324 174
332 364
334 174
342 360
344 174
352 360
354 174
360 367
364 174
364 377
369 386
369 396
374 174
376 404
381 413
383 169
384 522
389 420
389 531
392 514
393 169
394 429
399 438
399 448
399 535
400 506
403 170
404 457
404 467
404 477
404 487
408 540
413 174
418 540
423 174
428 538
432 179
435 425
435 435
435 445
435 530
440 454
440 464
440 474
440 484
440 494
440 504
440 514
441 184
444 420
451 184
452 414
457 404
460 189
465 395
468 195
475 397
477 200
482 209
482 405
487 414
489 217
491 424
494 226
498 236
499 430
499 440
500 246
504 449
505 255
505 265
505 275
506 459
509 469
509 537
509 547
510 284
510 294
510 304
511 479
514 489
514 499
514 522
515 313
515 323
515 333
515 343
517 554
519 508
520 352
520 362
520 372
520 382
520 392
525 401
525 411
527 555
530 420
535 429
536 560
540 438
540 448
540 458
545 467
545 477
545 487
546 560
550 496
550 506
553 516
555 526
555 555
560 535
560 545
