24 152
24 162
29 171
34 147
36 179
44 142
44 185
52 134
54 185
61 129
63 190
69 122
72 185
74 112
82 104
82 184
89 92
92 179
99 87
102 175
104 47
104 57
104 72
111 170
112 39
121 170
122 39
131 173
132 39
135 183
139 193
141 44
144 202
144 212
145 54
149 221
153 60
154 230
154 240
157 250
158 69
159 260
159 270
159 280
159 290
159 300
159 310
159 320
159 330
164 339
164 349
165 77
169 87
169 358
169 368
174 377
175 95
180 104
182 384
189 392
189 582
190 107
194 591
195 116
197 399
197 574
199 409
199 600
202 610
204 121
204 418
204 428
204 438
207 569
209 447
209 457
209 467
210 129
211 615
214 476
214 486
214 496
214 506
214 516
214 526
214 536
214 546
214 556
215 138
220 147
220 620
225 156
229 615
231 164
235 174
239 612
244 179
245 595
250 575
250 585
252 185
255 560
260 440
260 450
260 460
260 470
260 480
260 490
260 500
260 510
262 189
262 520
263 553
265 420
265 430
265 530
265 540
271 194
273 413
279 201
279 405
289 204
289 405
298 400
299 206
308 398
309 209
318 214
318 395
328 215
328 393
338 219
338 390
347 224
347 385
357 224
357 385
366 229
367 385
376 229
377 384
385 234
387 380
395 234
397 379
405 234
407 375
415 234
416 380
425 237
426 383
434 390
435 239
444 390
445 239
454 387
455 242
464 385
465 244
474 385
475 244
480 393
485 244
488 400
492 410
494 249
497 419
504 249
504 427
512 434
514 249
520 440
524 247
526 448
532 239
534 455
542 234
543 460
550 260
550 270
550 280
550 468
552 234
552 290
557 299
558 253
558 475
559 242
560 309
565 318
565 328
565 338
565 483
570 347
570 357
570 367
573 490
574 577
574 587
575 376
575 386
578 396
580 498
582 569
582 594
583 405
584 508
585 415
587 559
589 517
589 527
589 537
589 547
590 424
592 595
595 433
602 595
603 440
604 617
605 450
609 603
609 626
610 459
615 468
619 630
620 477
625 486
628 635
631 494
638 633
640 499
645 508
645 518
645 528
645 538
645 548
645 558
645 568
645 578
645 588
645 625
650 597
650 607
