34 342
39 127
39 137
39 147
39 157
39 297
39 307
39 317
39 327
44 112
44 345
45 165
49 294
54 109
54 345
55 165
59 296
63 350
64 109
65 167
69 232
69 242
69 252
69 299
73 114
73 350
74 222
75 170
79 255
79 299
82 214
83 114
83 350
85 170
87 204
89 252
89 299
93 114
93 350
95 170
96 199
97 244
99 299
101 190
103 114
103 350
104 492
105 170
105 235
106 180
109 299
109 501
112 484
113 114
113 228
113 350
116 509
117 474
119 299
120 220
122 464
123 114
123 350
126 510
127 454
128 213
129 299
132 355
133 114
134 437
135 505
138 208
138 304
139 427
142 119
142 355
143 198
143 498
144 417
148 304
150 190
150 490
152 119
152 355
154 412
158 304
159 402
160 185
160 485
162 119
162 355
164 392
165 475
168 304
169 180
170 465
172 114
172 355
172 384
177 374
178 304
178 458
179 180
182 114
182 355
182 365
184 189
185 450
188 304
189 198
189 208
190 440
192 109
194 217
194 227
195 430
198 304
199 236
202 109
204 245
204 255
204 277
205 425
207 265
207 309
209 286
209 296
212 109
213 418
214 62
214 72
214 82
219 52
219 91
219 101
220 410
228 403
229 42
233 393
237 34
240 380
245 26
249 375
255 24
258 370
265 24
268 370
274 378
275 27
275 388
282 35
283 395
287 44
289 403
294 52
294 412
295 65
295 75
295 85
295 95
297 105
299 422
300 280
300 290
302 300
305 112
305 310
307 429
310 245
310 255
310 265
310 275
311 439
315 114
315 210
315 220
315 230
315 314
319 445
323 203
325 114
325 190
325 314
325 453
330 365
330 462
334 185
335 114
335 314
335 374
337 470
340 365
340 383
342 479
344 185
345 114
345 314
345 392
349 370
349 402
349 487
353 120
353 190
354 319
354 411
354 496
359 370
360 128
360 419
360 429
361 504
363 190
364 319
367 200
368 435
369 370
369 510
370 132
372 445
374 208
374 319
378 515
379 217
379 370
380 134
380 452
384 319
384 462
387 520
389 220
389 370
390 134
390 470
392 230
392 480
394 319
394 512
395 495
399 370
400 134
400 237
404 319
407 245
409 370
410 134
414 319
415 252
419 262
419 370
420 134
420 190
420 200
423 324
425 209
427 269
428 375
429 139
429 195
430 218
433 324
434 277
435 227
438 375
439 139
439 195
439 286
442 235
443 324
446 294
448 375
449 139
449 195
450 242
453 324
456 298
457 250
458 375
459 139
459 195
462 259
463 324
465 355
465 365
466 300
469 139
469 195
469 267
470 332
470 342
475 275
476 300
479 139
479 195
480 284
485 147
485 157
485 167
485 177
485 187
