99 277
104 267
107 284
109 257
115 290
117 249
122 239
123 283
130 231
130 275
135 221
138 268
143 214
147 204
148 263
155 196
155 255
160 186
163 248
164 492
164 502
164 512
164 522
164 532
164 542
165 176
169 482
169 551
170 240
173 169
174 472
174 560
178 233
179 462
182 164
183 223
183 565
184 452
190 156
192 444
192 570
193 218
197 434
198 149
200 210
202 424
202 569
205 515
205 525
205 535
208 149
209 412
210 210
210 500
210 544
210 554
217 144
217 404
218 493
219 215
222 225
222 394
224 235
225 480
227 144
229 244
229 382
231 254
233 473
234 264
234 372
237 144
239 273
239 283
239 357
240 460
244 292
244 302
244 347
247 139
248 453
249 97
249 107
249 311
249 321
249 331
254 82
254 116
254 126
255 445
260 435
262 74
268 428
270 66
273 418
278 59
280 410
287 54
288 403
297 54
298 398
306 59
308 400
315 64
315 408
320 73
323 415
327 425
328 80
330 90
330 120
330 130
335 99
335 109
335 139
335 340
335 432
340 310
340 320
340 330
340 349
342 440
344 144
345 290
345 300
345 358
345 368
349 448
350 265
350 275
350 377
354 144
354 457
355 240
355 250
357 385
360 220
360 230
362 394
362 464
364 144
365 210
369 402
369 472
374 144
374 411
374 481
375 210
378 421
381 489
383 149
385 212
385 429
389 495
390 438
392 154
392 505
394 217
398 445
400 512
401 159
402 224
402 455
406 234
407 520
409 166
410 462
414 240
414 472
415 174
416 525
420 183
420 248
422 479
424 531
425 489
428 190
428 255
433 495
434 535
435 198
435 263
440 207
440 503
443 540
445 265
445 512
447 215
452 224
452 545
454 517
455 267
459 526
461 229
462 549
465 270
465 534
471 229
471 554
474 265
475 534
481 229
481 558
483 260
483 540
491 229
491 560
492 545
493 258
499 236
500 552
503 246
