124 142
124 152
124 162
129 127
129 171
134 117
134 180
134 190
140 198
142 109
144 237
145 207
149 246
150 101
152 215
154 236
155 130
155 140
155 150
159 250
160 96
160 159
160 169
162 219
163 123
164 239
165 178
166 229
168 255
170 94
173 120
173 185
174 239
174 267
180 94
182 125
182 190
184 270
189 99
190 132
190 197
193 275
194 142
197 105
200 199
202 280
204 137
204 562
204 572
205 112
209 204
209 552
210 121
212 280
214 575
217 544
219 204
220 287
224 517
224 527
224 577
229 204
229 292
229 502
234 301
234 492
234 580
238 199
239 310
239 477
244 462
244 580
245 318
248 199
249 447
253 575
254 432
255 322
258 199
259 382
259 392
259 412
259 422
262 330
263 575
264 357
264 367
264 401
268 199
269 338
269 348
273 573
275 535
275 545
278 199
280 520
280 554
280 564
285 510
287 194
290 500
297 194
298 493
304 485
304 577
304 587
306 199
309 494
309 504
312 569
312 594
314 206
314 513
315 523
319 533
319 552
320 562
321 599
323 211
324 542
331 600
333 215
341 600
343 219
351 600
353 219
361 600
362 224
365 460
365 470
370 450
370 479
370 489
370 499
371 600
372 224
375 508
379 592
380 452
380 517
380 527
380 537
380 547
380 557
382 224
384 567
385 577
389 457
391 229
394 552
399 460
399 561
400 234
402 544
404 570
409 460
409 527
410 237
414 507
414 517
414 570
417 245
418 465
419 497
420 255
424 477
424 487
424 572
428 261
428 465
434 572
438 264
444 572
448 264
454 570
458 264
460 545
462 564
465 535
465 554
468 265
470 515
470 525
475 500
478 269
485 495
488 269
494 490
497 274
500 498
506 279
510 502
514 286
519 507
520 294
528 300
529 510
529 567
533 309
534 557
535 575
538 515
540 317
542 549
544 523
544 537
544 580
545 435
547 325
550 425
550 444
554 580
555 332
555 405
555 415
555 453
560 341
560 380
560 390
560 462
564 422
564 580
566 349
567 470
569 385
569 407
570 430
572 395
572 479
574 580
575 354
579 487
580 363
580 373
580 420
584 580
585 382
585 392
585 402
587 494
590 504
594 577
598 510
600 520
600 530
602 540
604 572
605 550
605 560
