19 247
19 257
19 417
24 407
24 426
29 244
29 260
32 399
34 430
38 239
39 257
41 404
43 435
45 231
49 252
49 392
52 440
55 226
57 245
57 384
61 435
64 362
64 372
65 221
67 244
69 347
69 427
73 214
74 257
74 322
74 332
74 417
77 240
79 307
80 206
80 265
82 249
82 409
84 287
84 297
86 235
87 399
88 199
89 272
92 189
92 249
95 230
95 385
97 240
99 177
100 375
104 167
105 360
109 157
110 345
114 147
115 335
119 137
120 325
125 310
127 129
130 300
135 285
136 124
139 412
141 115
144 102
144 397
144 421
145 280
149 87
149 430
149 440
149 467
152 389
154 77
154 275
154 476
157 459
159 62
159 377
159 442
162 269
164 451
164 480
165 430
167 54
169 327
169 342
169 352
169 362
169 374
169 440
172 264
173 485
174 297
174 307
174 317
175 46
179 287
180 255
183 39
183 485
184 272
185 240
190 31
190 225
190 251
192 479
195 215
195 236
197 469
200 29
200 226
202 460
210 26
211 455
219 447
220 24
225 430
227 440
230 21
235 420
238 15
244 415
247 20
252 409
255 27
260 36
260 400
266 44
269 395
276 44
278 390
285 49
287 385
295 52
297 384
299 462
299 472
305 54
305 375
307 479
309 457
314 59
314 370
314 487
317 449
322 494
323 375
324 61
327 449
329 502
332 380
333 66
334 437
339 505
342 384
342 429
343 70
345 513
349 412
350 78
351 389
355 515
357 404
360 82
363 508
368 498
369 87
373 488
375 95
380 104
380 480
388 473
389 109
393 463
399 106
399 542
400 455
404 527
408 448
409 107
409 545
412 519
414 440
418 550
419 109
419 492
419 502
423 445
424 455
424 465
424 475
427 555
429 111
437 555
438 116
447 555
448 120
457 125
457 554
465 545
467 129
470 465
470 515
472 475
472 525
473 538
474 137
475 450
475 485
475 495
475 505
480 420
480 430
480 440
482 144
485 410
489 152
490 400
495 385
497 159
503 378
506 164
510 174
510 370
516 378
518 180
519 365
519 388
520 398
525 188
528 405
529 415
529 425
529 435
529 452
530 197
534 207
537 459
540 215
540 335
540 345
540 355
540 365
540 375
540 385
542 225
542 395
545 235
545 405
545 415
545 425
545 435
545 445
548 328
550 244
553 318
555 253
555 263
555 275
555 290
555 300
