104 127
109 102
109 112
109 136
109 146
114 155
119 101
119 164
124 173
125 183
129 97
130 192
134 202
139 99
142 209
148 104
149 217
154 226
157 109
159 235
165 243
166 114
170 252
175 119
177 260
184 124
185 267
192 275
193 129
197 284
202 134
204 292
211 139
212 299
219 146
219 307
219 317
219 327
225 154
229 330
232 340
234 350
235 157
240 358
242 165
250 172
250 355
255 345
257 180
264 340
265 187
273 194
273 345
280 353
282 199
289 207
290 357
297 214
297 365
304 222
305 372
312 229
314 377
319 237
324 380
327 244
330 388
336 249
338 395
339 405
344 414
346 249
349 423
350 433
356 249
360 435
365 254
369 440
375 254
379 440
383 260
388 445
390 268
390 335
395 277
395 344
398 443
399 287
400 297
400 335
400 353
404 307
404 435
405 317
405 362
409 327
410 371
413 440
416 379
420 448
424 386
428 396
428 455
432 465
435 404
440 413
440 472
444 482
448 420
449 491
454 500
455 428
459 509
463 434
465 517
469 527
472 439
477 534
481 444
481 544
490 449
490 485
491 540
492 495
495 505
495 515
495 525
500 452
500 485
509 490
510 454
519 459
519 490
528 464
529 490
538 465
539 487
545 473
549 483
