14 192
14 202
19 211
22 184
24 194
26 219
29 172
29 229
31 239
39 167
41 243
44 157
49 147
49 250
55 258
57 139
64 127
65 260
72 119
74 265
77 275
82 119
87 279
90 111
96 284
98 104
105 96
106 288
113 89
114 295
120 303
122 84
130 307
131 79
136 70
139 312
146 65
149 315
152 325
154 57
159 333
159 343
160 353
162 49
168 360
169 370
169 380
170 41
178 385
180 39
182 395
189 27
192 394
197 384
199 24
200 355
200 370
205 335
205 345
209 24
215 337
218 19
224 342
228 19
229 351
234 360
238 19
240 368
248 19
248 375
257 380
258 19
266 385
268 19
276 388
277 14
284 22
284 395
294 21
294 395
300 29
304 395
310 27
314 395
318 34
324 395
327 29
334 395
336 34
344 395
346 34
354 395
356 34
363 390
365 39
373 390
374 44
382 385
383 49
392 54
392 385
402 54
402 384
409 62
410 375
417 69
419 370
426 74
429 367
435 79
437 360
443 85
447 95
447 359
450 275
450 285
455 102
455 294
455 350
459 270
460 200
460 210
463 300
463 343
464 107
465 330
468 193
469 116
469 270
470 126
470 214
470 308
470 318
475 185
476 134
478 275
480 214
483 178
484 141
485 151
485 161
487 280
490 214
496 285
500 211
506 283
510 206
515 196
515 288
525 191
525 292
533 184
535 295
540 176
544 300
548 169
553 305
555 161
563 305
565 159
573 305
574 152
582 310
584 149
592 310
594 149
595 230
595 240
595 250
595 260
597 270
600 215
602 310
603 144
605 190
605 200
605 277
610 286
611 305
613 144
613 183
618 173
623 144
623 163
630 152
