129 442
129 452
129 462
129 472
134 422
134 432
134 481
139 407
141 489
144 377
144 387
144 397
146 498
149 357
149 367
154 505
157 349
164 507
165 341
169 327
174 317
174 510
182 309
184 297
184 510
189 287
194 277
194 507
202 269
204 510
209 257
213 515
219 257
222 510
224 247
227 519
234 242
237 515
244 237
247 515
254 232
257 515
262 224
267 515
272 224
277 515
282 219
287 514
292 214
295 505
302 209
305 505
311 204
315 505
320 209
324 510
329 202
334 510
339 199
340 518
348 194
350 520
358 194
359 525
360 475
362 485
367 189
369 525
370 475
370 492
374 502
375 533
377 189
380 475
384 506
385 530
386 194
388 516
390 475
395 189
400 475
405 189
410 475
415 189
420 470
425 189
429 465
435 189
438 460
445 192
447 455
453 199
457 454
463 199
467 449
472 204
477 444
482 204
482 434
491 209
492 429
497 419
500 204
502 410
505 213
511 405
515 212
515 395
523 388
525 214
533 383
535 214
535 370
540 360
545 212
545 350
552 204
555 335
555 345
557 194
560 315
560 325
562 184
564 167
565 295
565 305
569 152
573 288
574 142
575 270
582 134
585 265
587 124
592 114
594 260
600 106
604 260
605 96
613 265
615 96
620 110
620 120
620 130
620 140
623 265
625 97
625 149
630 158
632 260
640 162
641 265
649 167
651 265
654 176
658 186
661 268
665 194
669 262
670 203
675 212
679 222
679 265
685 230
689 262
690 240
699 262
700 244
709 257
710 247
