34 297
34 307
34 317
39 332
39 342
42 289
44 315
47 325
49 277
54 257
54 267
54 333
54 343
62 349
64 252
64 262
69 237
71 354
77 229
79 347
86 224
89 345
94 217
99 345
102 209
104 197
105 335
112 189
115 330
121 184
125 325
129 177
134 167
135 325
143 318
144 162
153 315
154 159
163 313
164 159
170 300
174 159
180 300
184 159
190 300
194 157
200 300
204 154
210 300
214 154
220 300
224 152
230 300
234 149
240 300
244 112
244 122
244 132
244 142
249 102
249 295
259 101
259 292
263 111
269 290
273 114
278 285
282 119
287 279
292 119
297 275
301 114
307 275
309 102
309 285
314 294
317 94
319 303
320 313
325 86
325 322
334 327
335 81
339 336
339 346
343 74
344 62
344 355
349 364
351 374
352 54
355 245
356 383
361 49
363 251
364 389
365 235
368 260
369 398
370 408
371 49
375 230
375 268
375 278
375 417
379 427
380 287
381 45
384 436
385 225
385 296
389 445
391 44
394 301
395 225
395 311
395 435
401 44
401 319
403 218
405 329
405 430
410 210
410 338
411 44
414 425
415 347
420 210
421 44
422 355
424 422
425 200
430 362
430 372
431 44
433 193
434 417
435 381
438 183
440 390
441 40
444 412
445 165
445 175
445 399
451 39
455 160
459 32
460 150
469 29
470 150
479 29
479 145
485 40
489 142
495 44
499 137
505 44
507 130
515 44
516 125
525 44
525 120
534 49
535 59
535 115
544 49
544 64
545 100
545 110
550 75
550 90
554 64
560 75
560 87
