29 407
29 432
34 422
34 457
39 397
39 410
39 432
39 442
44 387
44 457
49 377
49 466
52 450
57 369
59 465
65 455
67 364
72 354
74 450
74 460
80 346
83 455
87 465
88 339
92 329
94 457
102 324
102 450
110 316
112 450
120 311
120 440
128 304
128 433
135 425
137 299
143 418
146 294
150 410
154 287
159 405
164 277
169 405
174 274
178 400
183 269
187 395
192 264
197 394
201 259
202 385
210 254
211 380
219 247
221 380
229 244
230 375
238 239
240 370
247 234
249 162
249 172
249 182
249 192
249 217
250 365
254 201
259 161
260 360
268 166
269 355
273 175
277 349
283 179
287 344
292 184
297 339
302 184
302 329
310 320
312 184
315 310
319 325
320 176
324 334
324 344
326 354
329 167
329 364
335 372
337 159
344 377
347 154
354 380
356 149
364 142
364 380
370 270
372 134
374 377
375 279
380 126
380 270
383 285
384 372
388 119
388 263
390 293
392 109
394 370
398 260
400 294
402 104
402 364
407 254
408 300
410 96
410 355
415 308
417 249
418 348
420 91
423 315
423 338
425 240
428 84
428 328
434 235
437 79
442 229
446 74
447 219
455 69
457 214
462 204
464 64
470 56
470 195
478 188
480 51
485 180
490 49
490 165
498 158
499 44
505 150
508 39
515 145
518 39
525 140
527 34
535 135
537 34
545 130
546 29
546 39
554 125
556 39
560 105
563 120
566 39
568 111
570 49
575 34
575 65
575 80
576 105
580 49
580 90
584 29
585 58
585 69
588 84
595 72
