14 212
19 202
24 22
24 32
24 82
24 92
24 142
24 152
24 215
27 194
27 225
30 40
30 100
30 160
32 14
34 79
34 139
36 220
37 194
40 42
40 102
40 160
42 14
44 79
44 139
46 220
47 194
50 40
50 102
50 160
52 14
54 79
54 139
56 220
57 194
60 40
60 105
60 160
62 14
64 79
64 139
66 220
67 194
70 40
70 105
70 160
72 14
74 79
74 139
76 220
77 194
80 40
80 100
80 160
82 14
84 79
84 136
86 220
87 194
89 45
89 105
90 162
91 19
94 79
94 139
96 220
97 194
99 45
99 105
100 165
101 19
104 81
104 139
106 220
107 194
109 45
109 105
110 165
111 19
114 81
114 141
116 220
117 194
118 110
119 47
120 24
120 165
124 81
124 141
126 220
127 105
127 194
129 50
130 24
130 165
134 84
134 141
136 110
136 220
137 194
139 50
140 24
140 165
144 86
144 139
146 110
146 199
146 220
149 50
150 24
150 167
153 144
154 87
156 110
156 199
156 220
159 50
160 27
160 165
161 190
163 144
164 89
164 175
166 110
166 220
169 50
169 120
169 132
170 27
174 72
174 82
176 220
179 50
179 60
180 29
185 185
185 195
185 205
185 215
190 27
190 165
190 175
200 29
200 65
200 165
205 38
205 48
205 74
210 165
215 74
220 165
225 74
229 170
235 77
238 165
245 74
247 170
254 79
257 174
263 74
267 174
273 74
277 175
283 74
287 175
293 74
297 175
303 74
307 179
312 69
317 175
322 69
326 180
332 69
336 183
342 69
346 180
352 69
354 186
362 69
364 185
372 69
374 185
382 69
383 190
392 69
393 190
401 74
402 195
410 69
412 194
419 74
422 195
429 76
432 195
439 79
441 200
449 81
451 200
459 81
461 200
469 84
471 200
478 89
481 200
487 94
491 200
497 94
500 195
506 99
510 195
515 104
520 190
524 109
530 190
534 111
538 183
540 119
543 173
548 163
550 122
553 153
555 131
555 141
