14 27
22 19
22 34
24 67
24 77
24 117
24 127
24 172
24 182
30 40
32 19
32 84
32 109
32 164
32 189
34 64
34 130
40 40
42 19
42 85
42 109
42 164
42 190
44 64
44 130
50 40
51 169
52 19
52 85
52 109
52 190
54 64
54 130
60 42
61 114
61 169
62 19
62 85
62 190
63 135
64 66
70 45
71 114
71 169
72 19
72 85
72 190
73 135
74 66
80 45
81 90
81 114
81 169
82 19
82 190
83 135
84 66
90 45
91 88
91 114
91 169
92 19
92 190
93 135
94 69
100 45
100 93
101 115
101 169
102 19
102 190
103 135
104 69
110 45
110 92
111 24
111 119
111 169
112 190
113 74
113 135
120 47
120 95
121 24
121 119
121 169
122 190
123 74
123 135
130 47
130 95
131 24
131 119
131 169
132 140
132 190
133 75
139 52
140 29
140 95
141 115
141 169
142 140
142 190
143 79
149 55
149 100
150 32
151 119
151 169
152 140
152 190
153 79
158 60
159 37
159 100
160 164
161 119
161 185
162 140
163 80
167 44
167 65
168 105
169 152
170 180
171 119
172 74
172 140
175 84
176 49
178 103
180 175
181 119
182 140
185 54
188 105
188 168
190 63
195 160
198 70
200 150
202 80
208 143
210 87
214 135
218 94
224 135
227 89
233 130
236 94
243 130
246 94
253 130
256 95
263 130
266 99
273 130
276 99
282 135
286 99
292 135
296 99
302 135
306 99
312 135
316 99
322 135
326 99
332 135
335 104
342 135
345 101
352 135
355 104
362 135
365 104
372 139
375 104
382 139
385 104
392 140
394 109
402 140
404 109
412 140
414 111
421 145
424 111
431 145
434 114
441 148
444 114
451 150
454 116
461 150
464 116
471 150
474 117
481 150
484 119
491 150
494 116
501 150
504 119
510 155
514 121
520 155
524 119
530 155
534 119
540 155
543 124
549 150
552 129
555 140
