24 27
24 37
24 47
24 57
24 67
24 77
24 87
24 97
29 106
29 116
29 126
34 24
34 135
34 482
40 143
42 474
44 24
44 485
48 150
52 469
54 24
54 485
57 155
62 469
64 24
64 485
66 160
71 464
74 24
74 166
74 485
80 459
81 174
84 24
84 485
89 452
91 178
94 24
94 485
99 185
99 447
104 24
104 485
109 185
109 442
114 24
114 485
118 190
119 437
124 24
124 485
127 195
129 432
134 24
134 485
137 195
139 429
144 24
144 485
146 200
148 424
154 24
154 485
156 200
157 419
164 24
164 485
166 203
166 414
174 24
174 485
175 409
176 205
179 392
184 24
184 327
184 337
184 347
184 357
184 367
184 377
184 485
185 210
189 277
189 287
189 297
189 307
189 317
194 24
194 215
194 225
194 235
194 245
194 255
194 265
194 485
204 24
204 485
214 24
214 485
224 24
224 485
234 24
234 485
244 24
244 485
254 24
254 485
264 24
264 485
274 24
274 485
280 210
280 220
280 230
280 240
280 250
280 260
280 270
280 280
280 290
280 300
280 310
280 320
280 330
280 340
280 350
280 360
280 370
280 380
280 390
280 400
280 410
284 24
284 485
285 419
290 205
294 24
294 424
294 485
298 198
304 24
304 424
304 485
308 193
313 429
314 24
314 485
318 190
322 434
324 24
324 485
327 185
331 439
334 24
334 485
336 180
341 439
344 24
344 485
345 175
350 444
354 24
354 485
355 175
359 449
363 168
364 24
364 485
368 454
370 160
374 24
374 485
378 153
378 455
384 24
384 485
385 145
387 460
393 138
394 24
394 485
397 464
400 125
404 26
404 485
405 110
406 469
408 36
410 46
410 56
410 66
410 76
410 86
410 96
414 485
415 474
424 482
