24 27
24 37
24 47
24 57
24 67
24 77
24 87
24 97
29 106
29 116
29 126
34 24
34 135
39 482
40 143
44 24
48 150
49 477
54 24
55 485
57 155
59 474
64 24
65 162
65 485
68 469
72 170
74 24
75 485
77 464
82 174
84 24
85 485
87 464
90 180
94 24
95 485
96 459
99 185
104 24
105 454
105 485
108 190
114 24
115 451
115 485
118 190
124 24
125 449
125 485
128 190
134 24
135 446
135 485
137 195
144 24
145 444
145 485
147 199
154 24
154 439
155 485
156 204
163 434
164 24
165 485
166 205
173 434
174 24
175 485
176 205
182 429
184 24
185 485
186 208
191 424
194 24
195 213
195 485
199 223
199 233
199 243
199 253
199 263
199 273
199 283
200 293
201 420
204 24
204 303
204 313
204 323
204 333
204 343
204 353
204 363
205 373
205 485
209 383
209 393
209 403
209 413
214 24
215 485
224 24
225 485
234 24
235 485
244 24
245 485
254 24
255 485
264 24
265 485
274 24
275 485
280 205
280 215
280 225
280 235
280 245
280 255
280 265
280 275
280 285
280 295
280 305
280 315
280 325
280 335
280 345
280 355
280 365
280 375
280 385
280 395
280 405
284 24
285 414
285 485
288 198
293 420
294 24
295 185
295 485
302 425
303 178
304 24
305 485
308 168
312 429
314 24
314 160
315 485
321 434
322 154
324 24
325 485
330 145
330 439
334 24
335 485
340 140
340 442
344 24
345 485
349 447
350 140
354 24
355 485
358 133
359 449
364 24
365 125
365 485
368 454
373 118
374 24
375 485
377 459
380 105
384 24
385 95
385 485
386 464
393 88
394 24
395 469
395 485
398 78
400 55
400 65
404 26
405 36
405 46
405 469
405 485
414 474
415 485
425 482
