14 212
14 222
14 237
14 252
14 262
19 202
24 152
24 172
24 192
24 265
29 122
29 132
29 142
29 161
29 181
29 201
34 107
34 265
42 99
44 265
47 89
54 72
54 265
64 62
64 265
72 54
74 265
80 46
84 265
90 41
94 265
98 34
104 265
107 29
114 265
117 29
124 265
125 21
125 90
125 105
125 115
125 125
125 195
130 65
130 75
130 204
134 190
134 265
135 19
135 40
135 50
135 129
135 215
135 225
135 235
135 250
140 30
144 190
145 17
145 129
154 190
155 129
164 190
165 129
174 190
175 129
184 190
185 129
194 190
195 129
204 190
205 129
214 190
215 129
224 190
225 129
234 190
235 129
244 190
245 129
254 190
255 129
264 190
265 129
274 190
275 129
284 190
285 129
294 190
295 129
304 190
305 129
314 190
315 129
324 190
325 129
334 190
335 129
344 190
345 129
354 190
355 129
364 190
365 129
374 190
375 129
384 190
385 129
394 190
395 129
404 190
405 129
414 190
415 129
424 190
425 129
434 190
435 129
444 190
445 129
454 190
455 129
464 190
465 129
474 190
475 129
484 190
485 129
494 190
495 129
504 190
505 129
514 190
515 129
524 190
525 129
534 190
535 129
544 190
545 129
554 190
555 132
555 142
555 155
555 170
555 180
