14 177
14 187
19 87
19 97
19 107
19 117
19 167
19 196
24 77
24 126
24 136
24 146
24 205
27 159
30 213
32 69
37 59
40 215
45 51
50 215
53 44
59 32
60 215
69 29
70 215
78 24
80 215
85 65
85 75
85 85
88 24
90 50
90 94
90 135
90 210
95 35
95 144
98 25
100 91
100 130
100 210
103 150
108 203
110 89
110 130
110 158
113 193
115 167
115 177
120 89
120 125
130 86
130 125
140 84
140 125
150 82
150 125
160 79
160 125
170 79
170 120
180 79
180 120
190 76
190 120
200 74
200 115
210 74
210 115
220 71
220 115
230 69
230 110
240 69
240 110
250 66
250 105
260 66
260 105
270 64
270 105
280 61
280 105
290 59
290 105
299 100
300 59
309 54
309 100
318 95
319 52
328 95
329 54
337 90
338 49
347 94
348 49
357 90
358 49
367 44
367 90
376 85
377 44
386 85
387 44
396 85
397 39
406 83
407 39
416 80
417 39
426 80
427 34
436 80
437 34
445 75
447 34
455 75
456 29
465 34
465 70
474 27
475 70
484 27
485 65
494 24
495 65
504 22
505 65
514 19
514 60
524 19
524 60
534 16
534 57
544 16
544 55
553 21
554 52
555 31
555 41
