134 487
139 472
142 494
146 504
147 464
154 510
155 456
163 449
163 515
172 444
173 515
179 432
180 505
187 424
188 498
195 416
198 493
203 409
205 485
212 404
214 480
222 399
222 474
227 389
227 464
234 377
235 455
244 367
244 450
252 359
252 444
260 435
262 359
268 428
269 342
273 418
279 337
283 413
287 329
290 405
292 319
300 400
301 314
308 393
311 310
315 380
316 300
321 290
325 375
329 282
333 368
337 274
340 360
346 269
350 355
354 257
355 345
363 338
364 252
370 330
372 244
378 323
380 236
385 315
388 229
395 310
397 224
399 102
399 112
400 295
402 214
405 120
407 94
407 204
408 288
414 125
415 196
415 275
416 89
420 133
423 189
424 82
424 270
430 135
430 181
430 260
432 74
438 174
438 253
439 140
442 69
444 162
445 148
445 240
452 64
453 233
460 225
462 64
469 72
470 220
477 79
478 213
483 203
486 84
490 185
490 195
494 91
500 99
500 187
507 195
510 102
512 204
518 109
520 210
527 114
529 215
534 122
538 220
539 131
545 139
547 225
553 145
556 220
560 153
564 212
565 162
570 175
570 200
575 184
