204 227
204 237
209 246
214 224
214 255
214 265
220 273
224 224
228 280
232 290
234 226
239 298
240 234
244 307
249 316
250 237
254 197
254 247
254 325
260 333
262 254
264 194
264 204
265 264
266 214
268 340
270 273
271 223
272 350
274 192
274 233
275 282
277 359
279 242
282 290
284 189
284 251
284 367
289 260
289 270
289 376
290 297
294 189
294 279
294 307
294 385
294 395
299 404
300 287
302 314
304 191
304 413
305 324
305 423
307 295
309 305
310 199
310 432
314 329
315 208
315 313
317 440
319 450
320 217
322 460
323 334
324 470
327 225
327 480
329 490
332 234
335 498
339 187
339 197
339 242
340 507
344 206
344 216
344 251
344 517
348 261
349 184
349 225
352 524
354 234
355 269
356 244
359 184
359 254
359 532
364 263
364 274
364 541
369 184
374 545
379 184
384 545
389 184
394 545
399 186
400 196
404 545
405 205
407 215
410 225
412 235
414 545
415 245
417 255
419 182
424 191
424 201
424 545
427 259
429 179
429 210
429 220
434 229
434 239
434 249
434 545
439 179
444 545
449 179
454 545
458 174
464 545
468 174
474 545
478 175
484 545
485 183
485 193
485 203
490 212
490 222
490 232
494 242
494 545
495 252
500 261
503 271
504 545
505 281
508 291
514 545
515 299
515 309
520 318
524 545
525 327
534 332
534 545
542 339
544 545
549 347
554 545
559 349
564 542
565 525
568 344
570 510
572 334
579 312
579 322
580 505
584 287
584 297
588 498
589 257
589 267
589 277
593 488
594 247
595 475
602 239
603 468
605 445
605 455
609 227
610 430
615 420
617 219
620 410
625 395
626 214
630 370
630 380
635 209
635 340
635 350
635 360
640 310
640 320
640 330
645 209
648 303
650 245
650 255
650 265
650 275
650 285
653 215
658 238
660 223
