134 497
139 506
142 489
149 510
152 484
159 507
162 479
167 500
172 474
174 517
176 495
180 466
180 525
182 509
185 456
185 485
189 530
190 475
192 504
193 449
194 437
198 468
199 427
199 530
202 504
205 460
205 520
207 419
209 492
213 453
214 515
215 411
217 484
220 445
223 404
224 512
225 476
227 394
228 438
230 495
233 469
234 377
235 430
235 485
237 459
239 367
239 447
240 420
243 478
244 97
244 107
244 357
244 435
249 87
249 347
249 415
249 425
250 465
252 114
254 307
254 317
254 327
254 337
255 455
257 79
259 292
260 120
263 448
264 282
267 74
269 115
270 440
272 274
277 69
278 433
279 115
280 266
285 420
287 69
288 259
289 115
292 249
293 413
296 64
298 403
299 115
299 232
303 393
304 202
304 212
304 222
306 60
309 115
309 192
311 50
313 388
317 184
318 120
319 44
322 174
323 383
324 162
327 125
329 44
329 152
333 380
334 133
334 143
335 36
342 385
343 29
349 657
350 392
352 34
354 647
357 400
357 664
360 26
364 644
365 407
365 670
366 34
370 44
370 54
372 415
374 644
374 665
378 60
380 422
382 70
383 639
384 662
387 79
387 430
393 639
394 87
394 660
395 437
399 96
400 106
400 631
402 445
404 657
405 115
407 125
409 647
410 135
410 145
410 626
412 155
412 449
414 717
414 727
415 165
415 175
415 185
417 195
419 642
420 205
420 455
420 621
422 709
424 730
425 214
425 224
427 635
428 614
429 460
430 233
431 704
434 732
436 630
437 609
438 240
438 465
440 699
444 597
444 622
444 727
445 248
448 465
449 587
449 692
450 257
452 720
454 620
455 266
457 470
457 579
457 684
458 276
460 286
461 715
462 569
464 557
464 617
465 295
465 676
467 474
469 547
469 707
470 304
473 669
474 532
474 612
474 697
476 479
477 659
478 310
479 502
479 512
479 522
480 685
482 320
482 649
484 485
484 610
484 622
484 632
485 675
490 327
493 668
497 335
500 660
507 339
510 655
514 347
518 648
522 354
523 638
525 585
525 595
525 605
525 615
525 625
530 575
531 359
538 568
540 364
548 563
550 367
558 558
560 369
565 550
569 374
573 543
577 380
583 538
585 387
592 395
593 533
597 404
603 528
604 412
610 420
610 520
615 429
618 513
620 438
623 503
625 447
630 456
631 509
634 519
634 529
634 539
634 549
639 558
640 459
644 567
650 459
652 574
660 459
660 565
668 558
670 459
675 545
680 459
683 538
689 464
690 530
698 523
699 466
705 515
708 471
710 505
715 479
715 489
