49 347
49 357
55 365
59 344
64 370
69 344
74 367
79 344
84 365
89 344
94 365
98 339
104 362
108 339
114 357
117 334
124 355
127 334
134 355
137 329
144 352
146 324
154 350
155 319
164 350
165 319
174 350
175 319
179 497
179 507
184 314
184 350
187 489
187 514
193 345
194 312
197 489
197 515
203 345
204 309
207 489
207 514
213 304
213 345
216 484
217 510
219 472
222 340
223 304
224 457
226 505
229 442
232 299
232 340
234 432
234 497
235 485
237 289
239 417
240 470
241 345
244 272
244 402
245 460
249 262
249 387
251 345
253 453
254 372
257 254
259 52
259 351
259 361
260 440
264 42
264 61
265 246
268 433
269 32
270 420
271 69
273 239
275 410
277 24
279 75
280 400
282 234
287 24
288 80
288 393
289 217
294 88
294 202
295 385
296 29
299 97
299 187
304 177
304 390
305 34
307 104
312 169
313 395
314 112
315 37
317 159
319 121
319 131
319 141
322 400
323 44
327 409
332 49
334 417
341 54
342 424
349 432
350 59
359 435
360 62
368 440
369 67
377 445
379 69
386 450
387 75
390 85
390 95
390 105
395 114
395 124
395 455
400 133
404 460
405 142
405 152
405 162
410 220
412 170
412 230
413 465
415 180
415 190
415 200
415 210
415 240
415 250
415 260
415 270
420 279
422 470
425 288
430 297
430 477
434 307
434 487
439 496
439 506
439 516
439 597
439 607
439 617
442 314
444 525
444 587
444 626
447 535
449 322
451 634
454 582
456 540
457 329
460 625
464 337
464 546
464 577
465 605
465 615
469 555
469 565
470 595
472 344
479 590
481 349
488 585
489 647
489 657
489 667
490 354
494 637
494 676
497 580
499 622
499 685
500 357
502 695
504 588
504 598
504 608
507 365
511 700
515 372
515 640
515 650
515 660
519 692
520 525
520 625
520 669
520 679
522 535
523 379
525 615
528 518
530 542
532 384
533 508
533 608
535 551
535 561
538 598
539 392
540 500
540 585
541 569
545 490
547 399
550 409
550 480
555 418
558 473
563 424
565 460
572 429
574 465
577 475
581 434
582 484
589 492
590 439
594 501
599 510
600 442
608 515
609 447
617 454
617 520
624 462
627 524
632 469
635 530
639 477
644 525
647 484
650 494
650 515
655 503
