39 87
39 97
44 77
47 104
49 342
49 352
52 69
54 332
55 110
59 355
62 69
64 115
64 329
68 360
71 64
73 324
74 117
77 354
79 57
80 316
82 110
87 349
88 309
89 52
92 110
95 301
95 340
97 44
100 330
102 110
105 296
107 39
108 323
112 110
113 289
117 39
118 318
122 110
122 284
125 310
127 34
127 274
132 110
134 305
137 34
137 269
142 110
143 300
147 34
147 264
152 110
153 300
156 29
157 264
159 118
163 300
164 127
164 137
165 34
167 264
173 300
174 140
174 150
175 34
177 264
179 159
179 169
183 300
184 178
185 34
185 188
187 259
189 212
189 222
189 232
190 197
193 300
194 241
194 251
195 37
200 46
202 305
204 315
204 325
209 334
210 49
211 344
219 350
220 52
229 57
229 350
237 64
238 355
246 69
247 360
250 320
250 330
250 340
255 367
256 69
259 315
260 344
265 74
265 370
268 310
270 83
270 344
274 365
277 305
279 339
280 84
284 327
284 365
287 304
290 87
293 360
294 97
294 324
297 300
302 104
302 354
304 324
307 300
310 345
311 109
312 330
315 119
316 295
323 125
326 295
329 352
329 362
333 129
336 295
339 347
339 365
342 134
346 295
347 339
349 367
352 134
352 329
356 295
359 362
360 321
361 139
365 350
366 295
370 144
370 316
375 345
376 295
380 144
380 317
385 345
386 295
390 144
390 319
395 345
396 295
400 144
400 316
405 290
405 345
410 144
410 311
414 295
415 345
419 139
425 345
429 137
435 345
439 134
445 345
449 134
455 340
459 134
465 285
465 295
465 305
465 315
465 325
465 335
469 134
475 275
479 136
485 270
489 139
495 272
498 144
499 282
508 144
509 285
515 293
517 149
523 300
526 154
530 308
536 154
538 315
545 159
547 320
555 162
556 325
565 164
566 325
575 167
576 325
583 174
585 330
590 220
590 230
593 174
594 335
595 239
600 220
600 248
600 258
602 179
603 340
605 267
606 228
609 277
610 287
611 184
613 340
616 230
619 292
621 184
623 340
626 233
629 294
630 189
633 340
636 235
639 294
640 192
642 345
645 240
648 299
649 197
652 349
655 242
657 304
659 199
659 357
664 312
665 245
667 364
669 199
672 319
675 245
675 329
676 369
679 199
680 338
681 378
685 245
688 204
688 345
689 385
692 355
692 395
694 250
698 205
700 362
701 400
704 250
707 370
708 209
709 406
714 250
716 414
717 214
717 374
723 255
726 379
726 415
727 214
733 255
735 384
735 394
736 415
737 214
740 403
742 260
747 214
752 260
756 219
762 260
765 224
772 260
773 230
782 260
783 234
792 260
793 235
801 255
802 240
