44 477
44 487
44 497
49 506
52 469
54 457
59 510
64 447
68 515
69 432
74 422
78 515
82 414
87 404
87 509
92 394
92 499
97 384
100 490
106 379
108 483
115 475
116 375
125 470
126 374
130 460
136 374
140 455
146 375
150 450
156 370
160 452
166 365
167 460
176 364
177 460
182 469
186 360
191 474
194 354
200 346
201 478
206 354
209 485
215 359
218 490
219 662
219 672
219 682
219 692
219 702
224 354
224 627
224 637
224 647
227 495
229 612
229 700
234 354
236 500
239 577
239 587
239 597
239 607
239 697
243 359
244 506
244 687
247 569
250 660
250 670
251 514
252 559
253 359
255 625
255 635
255 645
259 520
260 605
260 615
262 354
262 530
262 554
265 595
269 538
272 354
273 588
282 354
283 583
289 575
292 354
299 572
300 346
307 565
310 344
314 573
315 583
319 339
323 590
329 337
332 595
339 332
342 595
347 324
352 595
357 319
360 540
360 550
361 590
362 560
365 311
365 520
365 530
370 301
370 510
370 585
372 559
375 500
378 294
380 585
382 284
382 554
385 495
389 532
389 542
390 276
390 585
393 488
394 517
395 575
398 269
400 480
404 516
405 570
407 264
409 475
414 519
415 545
415 555
415 565
417 264
417 469
420 455
420 527
426 259
429 450
436 255
437 444
439 477
439 487
439 497
439 507
439 517
439 527
445 435
446 250
447 469
447 534
455 430
455 461
456 249
457 529
460 515
463 454
465 244
465 430
470 490
470 500
470 510
472 449
474 435
475 241
475 480
483 473
484 232
490 460
494 227
499 455
500 365
500 375
500 385
504 224
505 394
507 449
510 360
510 403
510 413
513 219
515 440
518 420
520 360
520 430
522 214
530 360
530 427
532 214
540 360
542 209
550 360
552 209
555 255
559 365
560 264
561 204
564 250
569 269
569 365
571 200
573 245
578 274
579 365
581 199
583 245
587 279
589 362
591 195
592 240
596 284
599 357
601 190
602 239
605 289
607 230
609 352
611 185
614 294
616 225
617 344
621 180
624 287
625 220
625 335
629 172
632 279
634 215
634 330
639 169
642 279
644 215
644 327
648 164
651 274
652 320
653 210
657 159
660 279
661 315
662 204
667 154
670 279
671 315
672 199
677 149
679 284
681 315
682 194
687 149
689 284
691 315
692 190
696 144
699 284
701 185
701 315
705 292
706 144
709 177
711 315
714 167
715 139
715 294
720 320
722 159
725 136
725 294
730 150
730 320
735 137
735 294
740 320
745 294
750 320
755 294
760 320
765 294
770 320
774 299
779 315
782 305
