124 457
129 466
134 452
134 475
142 444
143 480
150 436
152 485
158 429
161 490
168 429
169 147
171 490
174 156
177 424
179 144
179 165
181 493
185 173
187 419
189 144
191 490
193 180
194 337
194 347
194 357
194 367
194 377
194 387
197 419
199 146
199 232
199 396
199 406
201 490
202 185
202 329
207 224
207 239
207 319
208 151
211 190
211 490
212 309
215 159
215 245
217 219
219 196
219 297
220 485
221 253
225 162
227 219
227 289
229 200
230 485
231 253
233 169
234 209
234 502
234 512
234 522
234 542
235 281
239 490
239 531
239 551
240 258
243 170
244 268
244 560
250 568
252 164
258 575
260 156
262 585
265 146
272 589
273 139
280 595
282 134
289 600
291 129
299 600
300 124
308 605
309 119
317 610
318 114
326 605
328 114
336 608
337 109
346 605
347 109
356 605
357 109
365 600
367 109
375 600
377 109
384 595
386 114
394 592
395 119
404 587
405 122
412 580
414 127
421 575
422 134
429 567
431 139
435 149
435 555
443 155
443 548
447 165
448 538
450 260
452 174
453 528
455 184
455 269
455 470
455 480
455 500
455 515
460 193
460 203
460 260
460 460
460 489
463 275
465 450
468 210
469 255
470 283
470 440
475 218
475 425
478 290
479 255
480 405
480 415
482 300
485 219
485 375
485 390
487 309
489 252
490 319
490 340
490 350
490 360
495 219
495 328
499 252
505 219
509 252
514 214
519 250
524 214
528 245
534 212
538 243
544 211
548 238
554 214
555 230
