64 147
69 137
69 156
76 164
77 129
84 442
84 452
86 124
86 168
89 427
89 461
94 117
94 175
94 417
94 470
97 480
99 402
100 183
102 109
102 489
104 392
108 190
109 382
109 497
112 104
114 372
115 198
119 362
119 497
120 96
123 205
127 215
127 354
128 89
129 225
129 342
129 495
134 234
134 332
135 81
139 243
139 253
139 263
139 292
139 302
139 312
139 322
139 495
143 74
144 272
144 282
145 503
152 69
153 510
159 518
162 64
164 527
169 536
171 59
174 545
180 54
180 553
188 560
189 47
192 570
197 39
202 574
207 34
211 579
217 29
221 580
227 29
231 580
236 24
240 585
246 24
249 590
256 24
259 590
266 24
268 595
276 24
277 600
286 24
287 604
296 24
296 609
306 24
306 610
315 615
316 24
324 620
326 24
330 200
330 210
332 220
334 620
335 29
338 193
342 224
343 183
343 625
345 32
348 173
351 229
353 625
354 37
355 165
360 155
361 229
362 44
363 625
368 148
370 50
370 480
370 490
371 229
373 625
375 59
375 140
375 470
375 499
380 68
380 460
381 229
383 133
383 625
385 450
385 499
388 74
390 125
391 229
393 443
393 625
395 499
397 79
400 120
400 224
400 435
402 620
404 87
404 504
408 113
408 428
410 224
412 94
412 620
414 506
415 420
418 108
420 224
422 620
423 511
424 415
430 221
431 615
433 410
433 514
440 219
440 610
442 405
443 514
450 219
450 610
451 400
453 515
459 214
459 605
460 395
462 520
468 600
469 212
470 222
470 395
472 524
475 231
477 595
479 390
480 240
481 529
485 249
487 594
488 385
490 534
495 249
495 585
498 383
500 537
504 254
504 580
508 378
509 542
513 575
514 256
518 375
519 546
523 261
523 573
525 554
528 375
533 264
537 370
542 269
546 365
552 269
555 360
562 269
563 353
570 345
571 274
578 338
579 281
585 289
585 299
585 309
585 319
585 329
