99 537
99 547
99 557
99 567
104 512
104 522
104 576
104 586
109 127
109 502
109 595
114 117
114 136
114 146
114 156
114 166
114 176
115 603
117 494
119 107
119 185
119 195
122 205
123 610
124 97
124 215
125 486
127 620
129 87
129 224
130 476
130 550
130 560
130 570
131 234
134 244
135 466
135 540
135 579
135 589
135 627
137 79
139 253
140 263
140 456
140 525
140 598
142 635
144 273
145 515
147 74
148 449
149 282
149 292
150 505
150 602
152 639
154 301
154 392
155 441
157 74
158 498
159 310
159 382
160 431
160 604
161 644
162 320
162 399
164 372
164 409
164 419
165 490
167 74
167 329
169 650
170 480
170 604
171 339
172 364
175 613
176 69
178 473
179 345
179 650
181 359
183 620
185 465
186 69
189 650
190 628
194 460
196 69
198 655
200 626
203 455
206 69
208 655
210 627
213 455
216 69
218 655
219 632
222 450
226 69
227 649
229 636
232 450
236 69
242 450
246 69
252 450
256 69
260 440
266 69
269 435
276 69
278 430
286 69
288 430
296 69
297 435
305 442
306 69
315 445
316 69
325 445
326 69
335 445
336 69
345 445
346 69
355 445
356 69
365 64
365 445
375 64
375 445
384 59
385 447
394 59
395 450
404 59
405 450
413 54
415 445
423 54
425 445
433 54
435 445
442 49
445 445
452 44
455 445
462 44
465 445
471 39
475 445
481 35
485 445
491 34
495 445
500 29
505 445
509 24
515 75
515 85
515 95
515 105
515 115
515 125
515 135
515 145
515 155
515 165
515 175
515 185
515 195
515 440
519 26
520 45
520 55
520 65
520 204
520 214
520 224
520 234
520 244
525 34
525 253
525 435
530 262
530 272
534 430
535 281
538 291
543 300
543 425
545 310
550 319
550 329
552 419
555 338
557 409
560 347
560 357
560 367
560 395
564 377
