134 77
139 62
139 86
144 52
146 94
152 44
156 98
161 39
166 100
171 39
176 100
181 39
186 100
189 110
189 120
189 130
189 140
189 307
190 44
192 150
194 287
194 297
194 316
197 159
198 50
201 324
202 279
205 58
206 164
206 333
210 67
210 271
214 77
214 340
216 168
217 350
218 264
222 84
225 173
225 357
227 259
229 92
232 365
235 177
235 300
235 310
237 254
239 96
239 447
239 457
240 319
240 372
242 185
245 104
245 300
247 249
247 380
247 439
248 325
249 460
252 189
254 295
255 104
255 241
255 333
255 387
256 434
259 460
260 195
260 342
262 395
263 110
263 234
264 207
264 222
264 295
264 407
264 417
264 427
268 455
269 347
272 115
273 290
277 354
278 453
280 122
283 290
286 359
288 129
288 453
290 369
293 290
297 134
298 375
298 448
302 385
303 290
306 139
307 394
308 443
313 290
314 402
315 144
318 438
319 411
323 150
323 290
325 419
325 429
330 158
332 295
335 167
340 176
341 300
345 185
349 306
350 194
354 315
355 203
360 212
360 323
365 221
368 330
370 230
372 240
377 249
377 335
380 259
382 344
385 268
385 278
390 287
391 349
397 295
399 355
402 365
407 299
412 369
416 304
421 374
424 311
429 380
430 319
438 385
440 322
447 390
449 327
457 334
457 394
466 399
467 334
474 342
476 403
484 346
485 408
494 349
495 412
502 355
504 417
509 477
510 362
512 424
514 434
514 444
514 454
514 464
517 370
519 480
525 377
529 387
529 482
535 395
537 474
540 404
545 465
550 404
550 455
555 445
558 410
560 425
560 435
