149 447
154 437
157 454
159 427
161 464
169 422
171 465
177 414
179 72
179 82
180 470
184 62
184 91
184 402
189 100
190 472
192 54
192 394
195 108
197 384
200 117
200 475
201 49
204 132
204 142
205 376
210 54
210 366
210 475
212 149
216 159
218 359
220 57
220 475
221 168
222 349
224 337
229 62
229 470
230 173
230 460
232 329
235 405
235 415
235 425
235 435
235 445
237 319
238 180
239 66
240 385
240 395
244 297
244 307
245 74
245 370
247 185
249 287
250 83
253 363
254 277
255 92
255 192
258 353
262 200
262 269
263 343
265 94
268 333
270 261
271 205
275 91
275 325
279 211
279 221
280 256
280 315
284 230
284 240
285 94
288 308
294 99
298 303
303 104
308 298
310 112
318 295
320 112
328 295
329 117
335 125
337 300
343 131
345 307
352 315
353 135
354 325
354 335
354 345
360 143
360 353
365 152
368 360
369 162
375 368
379 166
383 176
385 186
385 370
388 196
390 206
390 216
390 265
390 275
390 285
390 295
390 305
390 315
390 325
390 335
390 345
395 225
395 250
395 354
395 370
400 234
405 351
405 370
415 349
415 370
425 349
425 365
434 370
435 346
444 372
445 349
454 375
455 346
463 370
465 344
470 378
474 339
480 377
483 334
487 385
492 329
497 384
502 324
505 390
512 319
514 395
522 319
524 395
530 403
532 319
540 405
541 324
549 331
549 410
550 341
553 351
557 404
560 359
560 369
560 379
560 389
