154 467
159 87
159 97
159 107
159 457
164 72
164 470
167 114
167 449
172 64
174 470
175 120
177 444
180 56
182 434
184 125
184 422
184 470
189 407
190 54
193 130
194 397
194 470
199 382
200 54
203 130
204 372
204 470
210 54
212 135
212 364
212 464
214 145
217 155
217 354
219 59
220 400
220 410
220 420
220 430
220 440
220 450
222 164
222 344
224 332
227 65
228 393
229 172
229 307
229 317
234 297
235 72
235 385
239 175
243 79
243 378
244 287
248 180
250 87
250 365
254 284
255 355
257 185
258 94
260 345
263 279
265 335
267 89
267 189
269 267
270 305
270 315
270 325
274 197
276 84
279 257
280 307
284 200
285 79
289 247
290 208
290 305
294 84
299 242
300 212
300 305
304 81
309 217
309 237
310 300
314 81
319 220
319 234
320 295
323 86
329 94
330 290
338 99
340 285
348 100
350 280
355 108
360 280
365 112
368 273
372 120
378 270
380 127
387 135
387 265
389 275
394 284
395 142
396 294
401 303
402 150
407 159
409 310
414 167
415 318
422 174
423 325
429 182
430 333
437 189
440 337
444 197
447 345
452 204
455 352
459 212
462 360
464 221
468 231
470 241
472 364
475 250
480 259
481 369
490 262
490 272
491 373
495 281
495 291
495 301
500 378
501 309
510 314
510 377
516 305
520 377
526 300
529 372
536 295
539 367
544 289
549 362
553 284
555 350
563 284
563 343
570 335
572 279
575 325
581 274
583 318
589 267
593 318
597 259
603 318
604 247
609 237
609 310
617 229
619 312
627 224
629 310
637 224
639 307
646 229
649 305
654 236
659 305
660 244
668 250
669 305
675 258
679 305
683 264
689 305
692 269
699 277
699 305
707 284
709 305
716 289
717 299
