159 77
159 87
159 97
159 107
159 117
159 127
164 67
164 136
174 62
174 140
180 148
184 59
190 147
194 61
200 147
203 66
210 147
213 69
214 422
217 155
219 412
219 431
223 69
224 440
227 159
227 404
230 448
233 69
234 387
236 164
238 455
239 377
243 69
244 362
246 165
247 460
249 352
253 69
254 252
254 262
254 272
254 282
254 292
254 302
254 312
254 322
254 332
254 342
255 170
257 464
259 242
263 69
264 175
265 455
267 234
270 435
270 445
273 69
274 175
275 405
275 415
275 425
277 229
280 183
280 285
280 305
280 325
280 345
280 365
280 385
283 69
283 398
285 221
285 265
285 275
285 294
285 314
285 334
285 354
285 374
290 187
293 69
294 197
294 207
295 260
303 69
304 255
312 74
313 250
322 74
322 245
331 79
331 240
341 80
341 240
351 84
351 238
354 248
354 258
354 268
354 278
359 287
360 89
364 296
369 94
371 304
379 96
379 310
385 104
389 310
392 320
393 110
400 327
402 115
410 122
410 330
419 127
419 335
420 195
420 205
420 215
420 225
420 235
420 245
420 255
420 265
420 275
420 285
427 134
428 188
428 340
430 289
435 180
436 139
437 345
440 289
443 173
444 146
447 345
449 294
450 154
450 164
452 354
458 299
461 359
467 304
469 365
474 312
478 370
482 319
482 380
485 329
490 387
493 335
497 395
500 343
506 400
508 350
511 409
515 358
519 415
525 359
525 423
533 430
534 447
535 359
539 456
545 359
546 464
555 359
556 465
565 359
565 450
565 460
570 440
575 359
578 433
580 405
580 415
583 365
585 375
585 385
585 395
