154 77
154 87
154 97
159 67
159 106
164 115
167 59
173 120
176 54
182 125
186 54
192 129
196 54
199 137
204 146
204 437
205 59
209 427
210 445
211 154
213 65
217 75
217 419
219 160
220 447
222 170
225 82
227 414
227 455
229 287
229 297
230 177
234 87
234 277
234 306
234 317
234 332
234 342
234 352
234 367
234 377
234 387
234 402
237 455
239 182
242 269
244 86
247 455
249 185
250 261
254 86
255 251
256 460
259 185
260 94
263 244
264 452
267 234
268 190
269 442
270 92
275 198
275 226
275 415
275 425
280 92
280 270
280 280
280 290
280 300
280 310
280 400
285 202
285 221
285 319
285 329
285 339
285 349
285 359
285 369
285 379
285 389
290 92
290 270
294 207
295 217
299 97
299 265
309 99
309 267
318 104
319 267
328 104
329 262
337 99
339 262
346 104
349 257
355 109
359 257
364 277
365 109
367 250
369 267
369 286
374 114
374 258
374 295
379 304
381 314
382 120
386 323
390 127
394 330
397 135
400 338
405 142
408 345
412 150
417 350
420 157
422 359
427 165
429 367
430 175
435 184
435 194
435 204
435 214
435 224
435 234
435 244
435 254
435 264
435 274
435 284
435 294
435 304
439 370
442 380
443 310
452 315
452 384
459 392
462 319
469 327
469 395
477 334
478 400
480 344
487 405
488 350
495 358
495 412
502 420
503 365
510 373
510 427
518 380
519 432
524 441
524 451
528 380
529 460
535 388
538 465
545 389
547 470
553 395
557 469
560 403
560 413
565 422
565 432
565 455
570 441
