154 92
154 102
154 112
159 82
159 121
159 131
164 72
166 139
169 62
174 145
179 57
183 150
189 54
189 158
190 168
195 177
199 51
199 457
199 467
202 185
205 59
209 452
209 470
210 192
215 62
217 200
219 449
219 470
222 70
225 207
225 441
229 287
229 297
229 307
229 317
229 327
229 337
229 347
229 357
229 367
229 377
229 387
229 397
229 407
229 417
229 427
229 470
230 77
234 87
234 212
234 272
235 97
239 262
239 470
244 215
245 99
247 254
249 470
253 220
254 104
255 246
259 470
263 99
263 220
265 241
265 290
265 305
265 320
265 335
265 350
265 365
265 380
267 390
269 470
270 400
272 104
272 225
274 235
274 285
275 409
275 419
279 470
280 428
280 438
281 99
284 285
285 450
287 464
290 104
294 285
299 99
304 285
308 104
314 285
317 109
324 282
326 114
334 277
335 119
344 272
345 122
352 130
352 265
360 137
361 270
368 144
371 268
374 278
374 288
377 149
379 297
379 307
384 316
386 154
389 325
389 335
394 161
394 344
396 354
400 169
401 363
405 178
410 368
413 184
420 192
420 370
425 205
429 375
433 211
438 220
438 380
440 230
445 239
445 249
445 259
445 269
445 279
445 289
445 299
448 378
450 308
455 317
458 373
465 316
468 368
473 309
473 358
478 348
482 304
483 338
487 294
490 330
494 282
499 325
502 274
507 319
511 269
514 257
517 314
519 247
527 239
527 309
536 234
537 305
545 239
547 305
555 242
557 305
562 250
567 304
572 254
577 300
579 262
587 300
589 266
597 300
598 271
607 300
608 270
613 279
617 299
620 287
