174 532
174 542
179 512
179 522
179 551
179 561
184 502
186 569
192 494
194 427
194 467
194 575
199 377
199 387
199 397
199 407
199 417
199 436
199 446
199 456
199 476
200 486
203 580
204 357
204 367
209 327
209 337
209 347
212 585
214 312
219 292
219 302
221 580
224 262
224 272
224 282
229 252
231 580
234 242
241 580
242 234
247 224
251 583
255 216
255 593
263 209
263 600
267 199
270 590
272 189
276 598
279 177
286 595
287 169
290 525
295 161
295 534
296 593
298 518
300 151
304 539
306 595
308 515
310 146
310 585
314 539
317 520
319 580
320 141
320 560
322 570
323 544
326 515
330 139
330 552
330 562
336 515
340 136
346 515
348 129
356 513
357 124
364 507
365 116
373 109
374 510
382 104
383 515
392 99
392 520
397 529
401 94
407 530
411 94
416 535
420 89
425 530
430 92
434 535
440 92
444 535
450 92
454 535
460 89
464 535
465 460
470 89
470 469
474 537
475 460
480 89
480 469
484 535
485 455
490 87
490 467
490 543
494 450
500 89
500 469
500 540
503 445
510 89
510 469
510 540
513 445
519 535
520 89
520 467
522 440
528 474
529 94
529 535
531 435
535 425
537 469
537 529
539 96
540 515
545 420
546 474
548 101
550 510
555 415
555 480
558 104
558 503
560 405
560 489
565 112
570 400
575 112
575 390
582 120
585 380
587 129
593 373
596 134
600 144
600 365
605 355
610 144
615 340
615 350
619 149
623 333
625 320
628 154
635 315
638 155
643 308
648 154
650 295
657 149
660 295
666 154
670 295
675 159
679 300
680 168
685 177
685 308
690 225
690 235
692 185
694 317
698 218
698 241
700 192
702 324
703 208
706 334
708 244
716 338
718 244
726 335
728 244
735 330
738 244
743 323
748 245
752 255
753 318
759 310
762 259
765 269
765 279
765 295
