19 127
19 137
24 112
24 146
24 156
31 164
32 104
41 99
41 168
44 237
44 247
44 257
44 267
44 277
44 287
44 297
49 175
49 227
49 306
49 317
50 94
54 217
54 337
54 347
58 180
59 320
59 356
60 94
62 209
65 188
69 89
69 198
69 360
72 370
79 89
81 365
89 89
91 365
98 94
101 365
108 94
111 365
118 94
119 357
125 285
125 295
127 99
127 305
129 352
134 280
135 312
135 340
136 104
139 322
143 285
146 104
152 290
156 100
160 297
166 95
169 302
176 90
179 305
184 84
185 313
194 82
195 317
204 77
205 320
212 69
214 325
221 64
224 325
231 64
233 330
241 64
242 335
246 55
251 45
252 339
259 37
262 340
269 32
271 345
279 27
281 348
289 24
290 353
299 24
300 355
309 24
310 355
317 30
319 360
324 402
324 412
324 422
327 34
329 360
329 392
330 430
334 369
334 379
335 26
339 435
345 21
349 435
353 14
359 435
363 14
368 430
373 14
378 430
383 14
388 430
392 19
398 428
399 27
404 36
408 423
410 44
410 365
413 413
415 374
415 384
419 49
420 393
420 403
425 370
429 51
431 378
438 56
439 385
445 64
448 390
453 70
457 395
460 78
467 395
468 84
477 395
478 84
487 89
487 399
490 99
495 108
497 400
503 115
506 395
507 125
515 390
517 129
524 137
525 385
532 144
534 390
539 152
543 395
545 160
550 169
552 400
555 178
555 188
555 198
560 207
562 399
565 216
568 226
570 236
572 395
575 245
575 310
580 254
580 264
580 319
581 390
585 273
585 310
585 328
590 282
590 292
591 390
593 335
595 301
600 343
600 385
605 352
605 375
609 362
