19 47
19 57
24 37
24 66
29 27
29 75
35 83
39 27
44 192
44 202
44 212
45 82
47 19
52 184
52 219
54 87
57 19
60 225
62 94
62 184
66 233
67 19
69 102
72 184
75 238
77 19
79 105
80 176
83 245
86 24
88 110
90 171
92 250
96 24
97 115
98 164
101 245
105 29
107 119
107 159
111 245
115 32
115 125
116 154
120 240
121 133
122 40
124 147
128 233
130 47
131 135
135 225
139 52
144 220
147 59
150 69
150 210
159 252
159 262
160 72
160 205
166 213
167 80
169 249
169 265
170 223
172 275
175 232
177 84
177 284
179 246
184 237
186 289
187 84
191 298
197 84
200 303
205 76
210 66
210 305
218 59
220 300
227 54
230 295
237 54
239 300
244 309
246 59
252 315
256 59
257 324
264 332
266 59
269 341
276 55
276 349
284 355
286 55
287 365
294 373
296 54
302 380
306 50
307 389
311 399
316 54
316 408
325 59
325 413
333 420
335 62
337 430
343 69
344 497
344 507
344 517
345 437
349 447
352 74
352 489
354 456
354 520
357 530
359 465
361 79
361 484
367 534
370 84
374 542
378 90
384 545
387 95
392 104
393 550
401 109
403 550
405 119
412 555
415 122
419 132
419 547
427 139
429 542
430 530
434 147
439 535
442 154
444 544
450 160
450 552
455 525
457 544
458 166
460 534
464 520
465 174
473 180
473 515
480 188
482 509
488 195
490 500
493 204
498 493
500 212
503 483
505 460
505 470
508 219
510 440
510 450
515 227
515 430
520 415
522 235
525 405
527 244
533 398
535 250
537 260
538 388
545 267
545 277
545 370
545 380
550 286
550 296
550 355
555 305
555 315
555 325
555 335
555 345
