14 347
19 322
19 332
22 354
29 312
32 355
39 307
42 359
49 304
51 364
58 299
61 363
68 299
70 368
77 294
80 367
87 294
90 365
96 289
100 365
106 285
110 360
116 289
120 360
125 284
129 247
129 257
129 267
129 355
134 237
135 275
138 350
139 217
139 227
140 284
144 207
148 350
149 187
149 197
154 177
157 345
159 162
166 340
167 154
174 346
175 146
180 136
181 354
188 129
191 355
192 119
194 412
194 422
197 109
199 431
200 350
202 404
204 97
205 420
207 394
209 355
209 365
209 375
211 428
214 92
220 415
222 84
229 420
232 79
235 405
238 415
240 71
245 407
250 66
250 395
258 59
260 335
260 345
260 385
265 354
265 364
265 374
267 54
269 330
275 320
276 49
285 44
285 315
293 308
295 41
303 303
305 39
309 295
315 36
317 289
325 31
325 280
333 273
335 29
340 265
344 24
348 258
353 19
355 250
363 19
363 243
370 230
373 19
378 223
383 19
384 231
392 224
393 19
402 224
403 19
407 214
413 20
415 205
423 24
423 198
430 190
433 25
440 185
442 30
448 178
452 34
455 170
460 160
462 34
468 153
472 34
475 60
478 148
480 69
480 79
481 29
484 156
484 166
485 55
489 175
490 79
491 25
494 50
495 183
497 169
500 76
500 155
501 29
503 45
509 160
510 24
510 71
512 170
513 43
519 157
520 21
520 66
520 145
523 38
530 19
530 30
530 64
530 147
539 142
540 19
540 67
540 125
545 115
549 72
553 108
554 81
555 91
