14 287
19 296
22 279
24 305
27 269
29 314
37 269
37 320
45 327
47 264
54 332
57 264
62 339
67 264
72 339
77 264
81 344
87 259
91 345
97 254
101 345
106 354
107 254
116 355
117 254
119 232
119 242
126 358
127 224
135 216
136 355
145 211
145 350
149 197
154 187
155 345
159 177
164 167
165 345
172 159
175 345
181 154
184 137
184 340
192 129
193 335
197 119
202 109
203 335
212 104
213 335
222 99
222 340
224 350
229 87
229 359
234 368
234 378
234 388
235 398
237 79
240 407
245 71
250 410
255 66
260 410
263 59
265 400
270 330
272 54
274 405
275 339
275 385
280 325
280 394
282 54
283 345
285 355
285 365
285 375
290 46
290 320
298 39
300 315
307 34
310 310
316 29
320 310
325 300
326 30
335 300
336 29
343 293
346 29
350 285
355 24
359 280
364 19
368 275
374 17
377 270
384 17
386 265
394 17
395 260
403 253
404 19
410 245
414 19
420 240
423 24
428 233
433 24
438 228
443 24
445 220
453 24
455 220
463 24
465 215
473 25
475 215
482 30
484 242
485 215
489 225
489 251
490 37
495 240
499 42
504 245
507 49
514 242
515 155
515 230
516 54
520 164
523 148
524 61
524 235
528 138
530 164
530 220
534 64
535 120
535 130
538 213
540 164
543 113
544 64
545 173
548 215
550 100
550 182
550 192
550 202
552 70
555 80
555 90
