4 2322
4 2312
14 2309
23 2304
32 2299
42 2294
52 2289
61 2284
69 2277
77 2269
87 2264
94 2252
102 2244
109 2232
119 2222
124 2212
132 2204
137 2194
142 2184
147 2174
152 2164
154 2152
159 2137
164 2127
164 2117
169 2107
169 2097
174 2082
179 2070
179 2060
179 2050
179 2040
169 2037
169 2027
169 2017
179 2007
184 1997
189 1987
194 1977
199 1967
207 1959
209 1947
217 1939
219 1922
219 1912
224 1902
229 1887
234 1872
234 1862
234 1852
239 1837
239 1827
244 1817
244 1807
249 1797
249 1787
249 1777
249 1767
249 1757
249 1747
249 1737
249 1727
254 1712
262 1704
267 1694
272 1684
277 1674
284 1662
284 1652
289 1642
299 1637
299 1627
307 1619
312 1609
314 1597
322 1589
329 1577
329 1567
334 1552
339 1542
344 1527
349 1512
357 1504
359 1492
364 1482
364 1472
364 1462
372 1454
374 1437
379 1422
379 1412
384 1397
389 1384
384 1375
384 1365
384 1355
384 1345
384 1335
384 1325
384 1315
375 1310
369 1302
369 1292
379 1288
374 1279
374 1269
372 1259
367 1250
364 1240
359 1231
359 1221
354 1212
349 1203
342 1195
339 1185
329 1182
324 1173
317 1165
310 1157
305 1148
299 1140
289 1137
285 1127
275 1123
268 1115
260 1108
254 1100
244 1096
236 1090
227 1085
222 1094
212 1095
204 1089
199 1080
189 1077
189 1067
189 1057
199 1052
209 1047
217 1039
225 1031
234 1022
242 1014
247 1004
255 996
264 987
272 979
277 969
282 959
290 951
295 941
300 931
308 924
314 907
322 899
329 882
334 872
339 862
344 852
349 837
349 827
354 812
359 797
359 787
364 772
364 762
364 747
364 737
369 725
369 715
369 705
369 695
369 685
369 675
364 666
364 656
364 646
359 637
359 627
359 617
359 607
354 598
349 589
349 579
347 569
342 560
339 550
339 540
334 531
329 522
325 512
317 505
309 499
304 490
294 486
289 477
289 467
297 459
307 454
315 446
320 436
325 426
329 412
334 397
339 387
339 377
339 367
339 357
344 340
344 330
344 320
344 310
344 300
344 290
344 280
342 270
339 260
339 250
334 241
334 231
334 221
329 212
324 203
324 193
320 183
319 173
314 164
309 155
307 145
303 135
294 130
294 120
289 111
284 102
279 93
270 88
266 78
256 74
254 64
252 54
247 45
244 35
239 26
234 17
234 7
244 4
254 4
264 4
274 4
284 6
294 9
304 9
313 14
322 19
332 19
341 24
350 29
359 34
369 34
379 34
388 39
397 44
406 49
415 54
425 57
433 64
443 65
453 69
463 70
470 78
480 82
487 90
495 97
504 102
514 106
520 114
528 120
535 128
543 135
552 140
560 147
569 152
579 156
585 164
595 167
603 174
610 182
619 187
627 194
636 199
645 204
655 207
659 217
667 224
670 234
680 237
684 247
690 255
695 264
703 270
710 278
715 287
720 296
726 304
734 311
740 319
745 328
753 335
760 343
768 350
772 360
780 367
785 376
791 384
795 394
803 400
810 408
815 417
820 426
826 434
830 444
835 453
843 460
850 468
855 477
862 485
867 494
870 504
875 513
883 520
887 530
892 539
895 549
900 558
905 567
905 577
910 586
916 594
920 604
925 613
925 623
925 633
930 642
930 652
930 662
934 672
935 682
939 692
940 702
945 711
945 721
948 731
950 741
950 751
950 761
945 770
940 785
935 795
930 805
925 815
925 825
920 840
915 855
915 865
910 875
905 890
905 900
900 910
895 920
895 930
890 945
885 960
880 975
875 985
870 1000
865 1015
865 1025
860 1040
855 1055
850 1070
845 1085
840 1100
835 1115
835 1125
830 1135
825 1145
825 1155
820 1170
815 1185
810 1200
805 1215
805 1225
800 1235
800 1245
795 1255
795 1265
805 1261
813 1254
822 1249
831 1244
839 1237
849 1232
859 1222
869 1217
879 1212
889 1207
899 1202
909 1197
919 1192
929 1187
939 1184
949 1184
959 1182
969 1177
979 1174
989 1174
999 1174
1009 1174
1019 1174
1029 1174
1039 1174
1048 1179
1057 1184
1064 1192
1072 1199
1079 1207
1080 1217
1080 1227
1080 1237
1080 1247
1080 1257
1075 1270
1075 1280
1075 1290
1075 1300
1073 1313
1065 1320
1060 1330
1060 1340
1055 1350
1055 1360
1050 1370
1048 1388
1040 1395
1035 1405
1035 1415
1035 1425
1028 1433
1018 1435
1008 1435
999 1440
989 1440
979 1442
969 1445
959 1445
950 1450
955 1459
965 1459
975 1456
985 1454
995 1454
1005 1454
1015 1454
1025 1454
1035 1454
1044 1459
1053 1464
1062 1469
1069 1477
1077 1484
1084 1492
1092 1499
1101 1504
1109 1511
1115 1519
1125 1522
1132 1530
1140 1537
1147 1545
1155 1552
1162 1560
1170 1567
1178 1574
1185 1582
1192 1590
1200 1597
1204 1607
1210 1615
1215 1624
1220 1633
1225 1642
1230 1651
1230 1661
1225 1675
1223 1693
1215 1700
1208 1708
1200 1715
1190 1715
1180 1715
1171 1720
1161 1720
1152 1725
1142 1725
1132 1729
1122 1730
1112 1730
1102 1730
1092 1730
1082 1730
1073 1735
1063 1735
1053 1735
1043 1735
1033 1735
1023 1735
1013 1735
1003 1735
993 1735
983 1735
973 1735
963 1735
954 1730
944 1730
934 1730
925 1725
915 1725
915 1735
915 1745
920 1754
925 1763
933 1769
942 1774
951 1779
960 1784
969 1789
977 1795
987 1799
996 1804
1005 1809
1014 1814
1022 1820
1032 1824
1039 1832
1049 1834
1058 1839
1067 1844
1076 1849
1085 1854
1095 1857
1104 1862
1114 1866
1124 1869
1133 1874
1142 1879
1151 1884
1160 1889
1170 1892
1180 1894
1190 1897
1199 1902
1209 1904
1218 1909
1228 1910
1237 1915
1247 1919
1257 1919
1266 1924
1275 1929
1285 1929
1295 1932
1305 1934
1315 1937
1325 1939
1334 1944
1344 1944
1354 1944
1364 1944
1374 1944
1384 1946
1394 1944
1404 1944
1414 1944
1424 1944
1434 1944
1444 1944
1453 1939
1463 1939
1473 1939
1483 1939
1493 1939
1502 1944
1511 1949
1520 1954
1529 1959
1539 1961
1548 1966
1550 1976
1553 1986
1560 1994
1568 2000
1572 2010
1580 2017
1585 2026
1595 2027
1595 2037
1600 2046
1606 2054
1614 2061
1618 2071
1625 2079
1633 2085
1640 2093
1648 2099
1657 2104
1666 2109
1670 2119
1680 2122
1680 2132
1689 2137
1695 2145
1700 2154
1705 2163
1710 2172
1717 2180
1725 2187
1730 2196
1736 2204
1744 2211
1748 2221
1755 2229
1760 2238
1768 2245
1770 2255
1778 2261
1783 2270
1790 2278
1795 2287
1799 2297
1805 2305
1810 2314
1815 2323
1820 2332
1827 2340
1832 2349
1839 2357
1844 2366
1850 2374
1855 2383
1860 2392
1867 2400
1872 2409
1879 2417
1884 2426
1890 2434
1895 2443
1900 2452
1907 2460
1912 2469
1919 2477
1920 2487
1925 2496
1925 2506
1931 2514
1939 2521
1943 2531
1945 2541
1945 2551
1945 2561
1945 2571
1945 2581
1948 2591
1950 2601
1950 2611
1955 2620
1955 2630
1955 2640
1960 2649
1960 2659
1960 2669
1960 2679
1965 2688
1965 2698
1965 2708
1970 2717
1970 2727
1975 2736
1975 2746
1975 2756
1978 2766
1980 2776
1980 2786
1985 2795
1985 2805
1990 2814
1990 2824
1990 2834
1990 2844
1995 2853
1995 2863
1995 2873
2000 2882
2005 2891
2005 2901
2005 2911
2005 2921
2005 2931
2005 2941
2005 2951
2005 2961
2000 2975
2000 2985
2000 2995
2000 3005
1995 3015
1995 3025
1993 3038
1985 3045
1977 3055
1967 3055
1957 3055
1954 3045
1953 3035
1945 3028
1939 3020
1934 3011
1929 3002
1924 2993
1917 2985
1910 2977
1902 2970
1898 2960
1889 2955
1881 2949
1876 2940
1867 2935
1858 2930
1849 2925
1841 2918
1831 2914
1822 2909
1812 2905
1809 2895
1799 2895
1790 2890
1781 2885
1772 2880
1762 2880
1753 2875
1743 2875
1734 2870
1725 2865
1715 2865
1706 2860
1696 2860
1686 2860
1677 2855
1667 2855
1657 2855
1648 2850
1638 2850
1628 2850
1618 2850
1608 2850
1599 2845
1589 2845
1579 2845
1564 2840
1555 2845
1545 2850
1535 2850
1529 2842
1524 2833
1517 2825
1513 2815
1505 2808
1498 2800
1489 2795
1484 2786
1476 2780
1467 2775
1459 2768
1452 2760
1443 2755
1434 2750
1424 2747
1417 2739
1407 2735
1400 2727
1390 2725
1381 2720
1372 2715
1362 2714
1354 2707
1345 2702
1335 2700
1327 2694
1317 2690
1310 2682
1300 2680
1290 2677
1280 2675
1270 2675
1261 2670
1251 2670
1242 2665
1232 2665
1223 2660
1214 2655
1204 2655
1195 2660
1185 2660
1176 2655
1166 2655
1156 2655
1146 2655
1136 2655
1127 2650
1117 2650
1107 2650
1097 2650
1087 2650
1077 2650
1067 2650
1057 2650
1047 2650
1044 2640
1044 2630
1039 2621
1034 2612
1029 2603
1022 2595
1015 2587
1007 2580
1003 2570
995 2563
988 2555
980 2548
974 2540
964 2536
959 2527
950 2522
942 2515
934 2509
929 2500
919 2500
911 2494
904 2486
896 2480
887 2475
877 2475
874 2465
864 2465
856 2459
847 2454
837 2450
833 2440
824 2435
814 2435
805 2430
797 2424
787 2420
778 2415
769 2410
761 2404
752 2399
742 2395
733 2390
723 2390
714 2385
705 2380
695 2378
686 2373
676 2370
666 2370
656 2370
647 2365
637 2365
627 2365
617 2364
607 2360
597 2360
587 2360
577 2360
567 2360
558 2355
549 2350
540 2345
530 2345
520 2345
510 2345
500 2345
490 2343
483 2335
474 2330
464 2330
454 2330
444 2330
434 2330
424 2330
415 2335
405 2335
395 2335
386 2340
376 2340
367 2345
359 2352
349 2355
340 2360
330 2360
320 2360
310 2360
300 2357
292 2350
285 2342
275 2338
266 2333
256 2330
246 2328
236 2325
226 2325
216 2325
206 2325
197 2320
187 2320
177 2320
167 2320
158 2315
148 2315
138 2315
128 2315
118 2318
108 2320
98 2320
88 2320
78 2323
68 2325
58 2325
49 2330
39 2330
29 2332
19 2335
9 2331
