4 1742
4 1732
9 1717
9 1707
14 1697
19 1682
24 1667
32 1659
34 1642
34 1632
39 1622
44 1612
52 1604
54 1592
62 1584
64 1572
69 1562
69 1552
77 1544
82 1534
90 1526
98 1519
102 1509
107 1499
115 1491
123 1484
130 1476
138 1469
142 1459
149 1447
154 1437
162 1429
167 1419
174 1407
184 1397
192 1389
197 1379
204 1362
214 1357
224 1347
234 1337
244 1332
252 1324
262 1319
270 1311
278 1304
287 1299
296 1294
304 1287
312 1279
320 1271
330 1266
338 1259
345 1251
353 1244
362 1239
370 1231
380 1226
388 1219
397 1214
405 1206
415 1201
423 1194
432 1189
441 1184
450 1179
459 1172
467 1164
477 1159
485 1151
495 1146
505 1141
515 1136
523 1129
532 1124
542 1119
552 1114
562 1114
571 1109
581 1105
591 1104
596 1095
606 1094
615 1089
625 1089
635 1086
645 1084
655 1084
665 1084
674 1079
684 1079
693 1074
703 1074
712 1069
722 1069
732 1064
742 1064
752 1064
762 1064
771 1069
781 1069
790 1074
799 1079
808 1084
817 1089
827 1089
837 1089
846 1094
855 1099
865 1099
875 1102
885 1104
894 1109
904 1109
913 1114
922 1119
932 1119
942 1119
951 1124
960 1129
970 1129
979 1134
988 1139
998 1140
1008 1144
1017 1149
1027 1149
1037 1149
1046 1154
1055 1159
1065 1159
1074 1164
1084 1166
1094 1169
1103 1174
1113 1175
1123 1179
1133 1180
1142 1185
1152 1189
1162 1189
1171 1194
1181 1194
1190 1199
1200 1202
1210 1204
1219 1209
1229 1209
1238 1214
1248 1214
1257 1219
1269 1219
1264 1210
1256 1204
1252 1194
1244 1187
1240 1177
1234 1169
1229 1160
1221 1154
1217 1144
1212 1135
1209 1125
1204 1116
1199 1107
1194 1098
1189 1089
1184 1080
1184 1070
1184 1060
1179 1051
1174 1042
1174 1032
1174 1022
1174 1012
1174 1002
1174 992
1174 982
1174 972
1179 962
1187 954
1195 946
1203 939
1212 934
1222 934
1232 934
1242 934
1252 934
1262 934
1271 939
1281 939
1291 939
1301 939
1311 939
1319 946
1328 951
1338 954
1348 955
1358 959
1368 960
1378 964
1388 965
1395 973
1405 977
1415 979
1425 979
1433 985
1435 995
1435 1005
1440 1014
1440 1024
1440 1034
1445 1043
1445 1053
1450 1062
1459 1056
1459 1046
1454 1037
1454 1027
1454 1017
1454 1007
1454 997
1454 987
1454 977
1459 967
1464 957
1472 949
1480 941
1488 934
1495 926
1500 916
1508 909
1515 901
1520 891
1528 884
1535 876
1543 869
1550 861
1558 854
1565 846
1573 839
1577 829
1587 824
1595 816
1605 811
1613 804
1622 799
1631 794
1640 789
1649 784
1659 784
1669 784
1678 789
1688 789
1697 794
1704 802
1712 809
1715 819
1715 829
1720 838
1720 848
1725 857
1725 867
1725 877
1730 886
1730 896
1730 906
1730 916
1730 926
1733 936
1735 946
1735 956
1735 966
1735 976
1735 986
1735 996
1735 1006
1735 1016
1735 1026
1735 1036
1735 1046
1730 1060
1730 1070
1725 1085
1725 1095
1735 1099
1745 1099
1754 1092
1764 1087
1769 1077
1777 1069
1782 1059
1787 1049
1792 1039
1799 1022
1807 1014
1812 1004
1817 994
1824 982
1832 974
1834 962
1839 952
1844 942
1849 932
1854 922
1859 912
1864 902
1869 887
1874 877
1879 867
1884 857
1889 847
1894 837
1894 827
1899 817
1904 802
1909 787
1914 777
1919 767
1919 757
1924 742
1929 732
1929 722
1934 712
1934 702
1939 687
1944 672
1944 662
1944 652
1944 642
1944 632
1944 616
1944 606
1944 596
1944 586
1944 576
1944 566
1939 557
1939 547
1939 537
1939 527
1939 517
1944 507
1952 499
1957 489
1959 477
1964 467
1974 464
1984 462
1992 454
2000 446
2010 441
2018 434
2034 419
2043 414
2052 409
2060 401
2070 396
2078 389
2085 381
2093 374
2099 362
2104 352
2112 344
2120 336
2130 334
2136 325
2144 319
2153 314
2162 309
2171 304
2179 297
2187 289
2196 284
2204 277
2212 269
2222 264
2231 259
2239 252
2247 244
2257 244
2262 234
2272 229
2281 224
2290 219
2299 212
2309 207
2319 202
2329 197
2337 189
2346 184
2354 177
2364 172
2372 164
2382 159
2391 154
2399 147
2409 142
2417 134
2427 129
2436 124
2444 117
2454 112
2462 104
2472 99
2481 94
2491 90
2501 89
2511 85
2519 77
2529 72
2539 69
2549 69
2559 69
2569 69
2579 69
2589 67
2599 64
2609 64
2618 59
2628 59
2638 59
2647 54
2657 54
2667 54
2677 54
2686 49
2696 49
2706 49
2715 44
2725 44
2734 39
2744 39
2754 39
2764 37
2774 34
2784 34
2793 29
2803 29
2812 24
2822 24
2832 24
2842 24
2851 19
2861 19
2871 19
2880 14
2889 9
2899 9
2909 9
2919 9
2929 9
2939 9
2949 9
2959 9
2969 9
2978 14
2988 14
2998 14
3008 14
3017 19
3027 19
3037 19
3044 27
3054 31
3055 41
3055 51
3049 60
3039 60
3030 65
3020 70
3013 80
3004 85
2995 90
2985 90
2980 100
2970 105
2960 115
2950 125
2940 135
2935 145
2928 158
2923 168
2915 175
2910 185
2905 195
2895 205
2890 220
2885 230
2880 240
2875 255
2875 265
2870 275
2865 285
2865 295
2860 305
2860 315
2860 325
2855 335
2855 345
2855 355
2850 365
2850 375
2850 385
2850 395
2850 405
2845 415
2845 425
2845 435
2840 450
2845 459
2850 468
2843 485
2834 490
2825 495
2815 500
2808 508
2800 515
2790 525
2783 533
2778 543
2773 553
2763 558
2758 568
2750 575
2744 590
2738 598
2733 608
2725 615
2720 630
2715 640
2713 653
2705 660
2700 670
2700 680
2693 688
2688 698
2680 705
2680 715
2675 725
2675 735
2670 750
2670 760
2665 770
2660 785
2655 800
2655 810
2660 819
2655 835
2655 845
2655 855
2655 865
2655 875
2650 885
2650 895
2650 905
2650 915
2650 925
2650 935
2650 945
2650 955
2642 970
2632 970
2622 974
2613 980
2604 985
2595 990
2588 998
2580 1005
2570 1010
2563 1018
2555 1025
2548 1033
2540 1040
2534 1050
2525 1055
2515 1065
2509 1080
2500 1085
2495 1100
2488 1108
2480 1115
2475 1125
2475 1135
2465 1140
2463 1153
2455 1160
2450 1170
2440 1180
2435 1190
2430 1205
2423 1218
2418 1228
2413 1238
2408 1248
2400 1255
2395 1265
2390 1280
2385 1295
2380 1305
2375 1320
2370 1330
2370 1340
2370 1350
2365 1365
2365 1375
2365 1385
2360 1400
2360 1410
2360 1420
2360 1430
2360 1440
2355 1450
2350 1460
2345 1470
2345 1480
2345 1490
2345 1500
2345 1510
2345 1520
2335 1525
2330 1540
2330 1550
2330 1560
2330 1570
2330 1580
2330 1590
2335 1599
2335 1609
2335 1619
2340 1628
2340 1638
2345 1647
2352 1655
2355 1665
2360 1674
2360 1684
2360 1694
2360 1704
2354 1715
2348 1723
2340 1730
2335 1740
2330 1750
2330 1760
2325 1770
2325 1780
2325 1790
2325 1800
2320 1815
2320 1825
2320 1835
2315 1850
2315 1860
2315 1870
2315 1880
2315 1890
2320 1899
2320 1909
2320 1919
2320 1929
2325 1938
2325 1948
2325 1958
2330 1967
2330 1977
2334 1987
2333 2003
2325 2010
2315 2010
2309 2002
2305 1992
2300 1983
2296 1973
2291 1964
2284 1956
2279 1947
2272 1939
2267 1930
2260 1922
2250 1918
2244 1910
2235 1905
2229 1897
2220 1892
2210 1888
2204 1880
2194 1877
2185 1872
2175 1868
2166 1863
2156 1860
2147 1855
2137 1855
2128 1850
2118 1850
2109 1845
2099 1845
2090 1840
2080 1837
2070 1835
2060 1835
2050 1835
2040 1835
2034 1845
2024 1845
2014 1842
2007 1834
1997 1830
1988 1825
1979 1820
1970 1815
1962 1809
1952 1805
1943 1800
1934 1795
1924 1795
1914 1795
1905 1790
1896 1785
1886 1783
1876 1780
1866 1780
1856 1780
1847 1775
1837 1775
1827 1775
1818 1770
1808 1770
1799 1765
1789 1765
1779 1765
1769 1765
1759 1765
1749 1765
1739 1765
1729 1765
1720 1760
1710 1758
1704 1750
1694 1747
1685 1742
1675 1738
1668 1730
1658 1730
1649 1725
1639 1721
1631 1715
1622 1710
1613 1705
1604 1700
1594 1697
1587 1689
1577 1685
1567 1684
1557 1680
1548 1675
1539 1670
1529 1670
1520 1665
1510 1663
1504 1655
1494 1655
1485 1650
1475 1650
1465 1650
1457 1644
1447 1640
1437 1640
1428 1635
1418 1635
1409 1630
1399 1630
1390 1625
1380 1625
1370 1630
1360 1630
1350 1630
1340 1630
1330 1630
1320 1630
1310 1630
1302 1645
1292 1644
1284 1637
1274 1640
1264 1640
1255 1645
1246 1650
1236 1650
1227 1655
1217 1659
1207 1664
1197 1669
1189 1675
1183 1683
1175 1690
1165 1690
1158 1703
1148 1708
1140 1715
1134 1725
1125 1730
1115 1740
1110 1750
1103 1758
1098 1768
1090 1775
1085 1785
1093 1791
1095 1801
1090 1810
1080 1810
1073 1825
1063 1825
1054 1820
1049 1811
1044 1802
1037 1794
1029 1787
1022 1779
1014 1772
1005 1767
997 1760
994 1750
984 1746
976 1740
967 1735
959 1728
950 1723
941 1718
931 1714
924 1706
916 1700
906 1699
899 1691
891 1685
881 1683
871 1679
862 1674
852 1670
843 1665
833 1665
824 1660
814 1660
805 1655
795 1655
785 1652
775 1650
765 1650
756 1645
747 1650
737 1649
727 1645
717 1645
707 1645
697 1645
687 1645
677 1645
668 1650
658 1650
648 1650
638 1653
628 1655
618 1655
608 1655
599 1660
590 1665
580 1665
570 1665
561 1670
552 1675
542 1675
533 1680
523 1683
513 1688
505 1695
499 1705
490 1710
485 1720
475 1725
465 1722
459 1714
454 1705
446 1698
436 1694
427 1689
417 1685
408 1680
398 1680
389 1675
379 1675
369 1675
359 1675
350 1670
340 1670
330 1670
320 1670
310 1670
300 1670
290 1670
280 1670
270 1670
260 1675
250 1675
241 1680
231 1680
221 1680
212 1685
203 1690
193 1690
183 1693
173 1695
164 1700
155 1705
145 1705
135 1710
130 1720
120 1720
110 1725
100 1730
90 1735
84 1745
75 1750
66 1760
56 1760
47 1765
38 1770
29 1775
20 1780
10 1780
4 1772
4 1762
4 1752
