4 1057
4 1047
9 1037
19 1027
19 1017
27 1009
34 992
42 984
44 967
52 959
59 947
59 937
59 927
64 912
64 902
64 892
69 877
74 867
74 857
79 847
84 837
84 827
89 817
94 802
99 787
104 777
109 767
114 752
114 742
119 732
124 722
132 714
137 704
145 696
155 691
163 684
164 667
164 657
169 647
174 632
179 622
179 612
187 604
195 596
200 586
208 579
215 571
225 566
233 559
243 559
251 553
249 543
242 535
232 534
222 530
213 525
204 520
196 514
187 509
179 502
175 492
167 485
164 475
159 466
154 457
149 448
146 438
141 429
137 419
129 412
129 402
129 392
124 383
121 373
116 364
114 354
112 344
107 335
104 325
102 315
95 307
90 298
84 290
74 286
74 276
69 267
62 259
57 250
50 242
40 240
30 240
24 232
24 222
29 212
37 204
42 194
51 189
61 189
65 199
65 209
70 218
78 224
85 232
93 239
100 247
108 254
117 259
120 269
128 275
135 283
135 293
143 299
152 304
155 314
155 324
155 334
160 343
165 352
165 362
165 372
170 381
173 391
175 401
180 410
180 420
182 430
190 437
199 442
207 449
216 454
220 464
229 469
229 452
229 442
229 432
229 422
234 407
242 399
247 389
252 379
259 371
254 362
254 352
254 342
262 330
253 325
244 320
234 317
227 309
219 302
210 297
204 289
196 283
190 275
184 267
177 259
169 252
164 243
159 234
154 225
146 219
142 209
137 200
129 193
129 183
122 175
114 169
109 160
109 150
101 144
99 134
96 124
92 114
84 107
79 98
79 88
72 80
69 70
69 60
69 50
64 41
59 32
59 22
69 17
79 14
89 14
98 19
105 27
105 37
105 47
109 57
110 67
110 77
119 82
120 92
120 102
127 110
132 119
135 129
140 138
145 147
145 157
153 164
160 172
165 181
170 190
175 199
180 208
188 215
195 223
200 232
204 242
214 246
218 256
224 264
234 266
238 276
245 284
255 284
263 290
270 298
279 292
279 282
284 267
292 259
300 251
304 237
314 232
324 229
334 231
343 236
353 240
360 248
368 255
372 265
377 274
380 284
385 293
395 289
404 284
414 284
420 276
428 269
432 259
442 254
450 246
458 239
467 234
475 226
483 219
492 214
494 202
502 194
509 177
514 167
519 157
524 142
532 134
539 122
544 107
549 97
549 87
554 77
564 67
564 57
569 41
564 32
564 22
564 12
574 7
584 4
594 4
602 10
605 20
605 30
605 40
605 50
605 60
600 70
593 83
585 90
580 105
575 115
573 128
565 135
560 145
555 160
550 170
545 180
545 190
538 198
530 205
528 218
520 225
510 235
503 248
495 255
488 263
480 270
470 270
460 280
455 290
445 295
435 300
428 313
420 320
410 325
410 335
410 345
410 355
410 365
405 375
413 381
418 390
425 398
430 407
434 417
435 427
435 437
440 446
435 460
445 464
454 457
462 449
472 449
477 439
485 431
495 426
504 417
509 407
514 397
514 387
514 377
514 367
514 357
514 347
514 337
514 327
514 317
514 307
524 302
534 297
534 287
542 279
550 271
558 264
567 259
569 247
579 244
588 239
595 231
600 221
608 214
617 209
622 199
632 199
641 204
650 209
658 215
665 223
663 238
653 240
643 240
633 238
625 245
615 255
609 270
603 278
593 283
588 293
578 298
573 308
565 315
565 325
560 335
560 345
560 355
555 365
555 375
550 385
550 395
545 405
540 420
533 433
525 440
520 450
518 463
513 473
505 480
498 493
488 498
480 505
470 510
462 519
453 525
444 530
435 535
425 535
415 535
415 545
415 555
425 559
435 559
444 564
452 570
462 574
465 584
473 590
477 600
485 607
489 617
490 627
495 636
498 646
500 656
503 666
505 676
511 684
520 689
528 695
532 705
540 712
544 722
550 730
552 740
555 750
555 760
557 770
565 777
565 787
570 796
575 805
580 814
580 824
585 833
590 842
590 852
595 861
600 870
600 880
605 889
610 898
610 908
610 918
615 927
622 935
625 945
625 955
630 964
635 973
635 983
645 987
649 997
650 1007
654 1017
660 1025
660 1035
665 1044
673 1050
682 1055
685 1065
678 1080
668 1080
658 1080
649 1085
639 1085
629 1081
624 1072
624 1062
634 1053
629 1044
624 1035
624 1025
614 1022
614 1012
609 1003
604 994
604 984
599 975
595 965
589 957
589 947
584 938
577 930
574 920
569 911
569 901
564 892
559 883
559 873
554 864
549 855
549 845
544 836
544 826
539 817
539 807
535 797
529 789
529 779
524 770
515 765
515 775
515 785
515 795
510 810
512 820
515 830
510 840
510 850
510 860
505 870
505 880
505 890
510 899
510 909
510 919
515 928
515 938
515 948
515 958
515 968
515 978
520 987
520 997
520 1007
524 1017
525 1027
525 1037
525 1047
525 1057
525 1067
530 1076
530 1086
530 1096
530 1106
530 1116
530 1126
530 1136
535 1145
535 1155
530 1170
530 1180
532 1190
537 1199
540 1209
540 1219
540 1229
550 1232
545 1250
547 1260
555 1267
555 1277
560 1286
563 1296
568 1305
570 1315
570 1325
575 1334
580 1343
580 1353
590 1349
600 1349
610 1352
605 1370
596 1375
587 1380
577 1380
567 1384
559 1390
549 1390
539 1390
529 1386
524 1377
524 1367
534 1362
531 1343
526 1334
524 1324
524 1314
522 1304
517 1295
514 1285
514 1275
514 1265
509 1256
504 1247
504 1237
499 1224
499 1214
499 1204
496 1194
489 1186
484 1177
484 1167
484 1157
484 1147
484 1137
484 1127
484 1117
489 1106
484 1097
484 1087
484 1072
484 1062
489 1051
484 1042
484 1032
484 1022
484 1012
484 1002
484 992
480 982
474 974
469 965
463 973
455 980
448 988
440 995
432 1004
424 1012
414 1017
406 1025
397 1030
388 1035
378 1035
369 1040
359 1040
349 1040
339 1040
330 1045
320 1045
310 1045
301 1040
291 1040
282 1035
272 1035
263 1030
254 1025
246 1019
239 1011
231 1005
222 1000
218 990
209 985
200 980
195 995
200 1004
200 1014
200 1024
200 1034
200 1044
200 1054
200 1064
200 1074
200 1084
200 1094
200 1104
200 1114
200 1124
200 1134
200 1144
200 1154
205 1163
205 1173
205 1183
195 1190
195 1200
195 1210
190 1220
185 1235
185 1245
185 1255
185 1265
175 1270
175 1280
175 1290
170 1300
165 1315
163 1328
155 1335
155 1345
165 1349
175 1349
180 1358
178 1368
170 1375
160 1375
150 1375
140 1375
130 1380
120 1378
113 1370
104 1365
94 1361
89 1352
89 1342
99 1339
109 1339
119 1331
114 1322
114 1312
119 1302
127 1294
134 1277
139 1267
144 1257
144 1247
149 1237
149 1222
149 1212
154 1197
154 1187
154 1177
154 1167
154 1157
154 1147
154 1137
154 1127
154 1117
154 1107
154 1097
159 1087
159 1077
159 1067
159 1057
159 1047
159 1037
159 1027
159 1017
164 1006
164 996
164 986
159 977
159 967
159 957
159 947
159 937
159 927
164 918
164 908
164 898
164 888
159 879
159 869
159 859
154 850
154 840
154 830
154 820
154 810
154 800
154 790
154 780
154 770
145 775
145 785
140 795
135 805
135 815
130 825
125 840
120 855
120 865
115 880
110 895
108 913
103 923
95 930
95 940
95 950
85 960
85 970
80 985
70 995
70 1005
65 1015
55 1020
53 1038
48 1048
56 1054
65 1059
65 1069
59 1080
49 1080
39 1080
29 1080
19 1080
10 1075
4 1067
