574 972
574 962
579 952
579 942
579 932
579 922
579 912
579 902
579 892
579 882
579 872
579 862
579 852
579 842
579 832
584 817
584 807
584 797
584 787
584 777
584 767
589 752
594 737
599 727
599 717
604 707
604 697
604 687
609 677
614 667
619 652
624 642
629 632
634 622
639 607
644 592
649 577
649 567
654 552
659 537
664 522
669 512
669 502
669 492
674 477
674 467
679 457
679 447
684 437
684 427
689 412
689 402
689 392
689 382
689 372
689 362
694 352
699 342
707 334
716 329
726 325
736 324
745 329
755 332
762 340
767 349
770 359
770 369
770 379
770 389
770 399
770 409
770 419
770 429
765 445
765 455
765 465
765 475
765 485
760 495
760 505
760 515
760 525
755 540
755 550
755 560
755 570
755 580
755 590
755 600
755 610
755 620
755 630
755 640
755 650
755 660
755 670
755 680
757 690
760 700
765 709
765 719
770 728
775 737
775 747
770 765
770 775
770 785
765 800
765 810
765 820
765 830
765 840
760 850
760 860
760 870
760 880
760 890
760 900
760 910
755 920
755 930
755 940
755 950
755 960
755 970
755 980
755 990
750 1005
750 1015
750 1025
750 1035
745 1045
740 1055
732 1064
722 1065
712 1065
702 1065
692 1065
682 1065
672 1065
662 1065
652 1065
642 1065
632 1065
622 1065
612 1065
603 1060
594 1055
586 1049
579 1041
574 1032
574 1022
574 1012
574 1002
574 992
574 982
