549 962
549 952
554 942
554 932
559 917
559 907
559 897
564 887
564 877
564 867
564 857
564 847
569 832
569 822
569 812
569 802
569 792
569 782
569 772
574 762
574 752
574 742
574 732
579 717
584 702
584 692
589 682
589 672
594 657
594 647
602 639
610 631
620 626
628 619
635 611
640 601
648 594
655 586
663 579
664 567
664 557
669 547
669 537
674 527
674 517
679 502
679 492
679 482
684 467
684 457
684 447
684 437
684 427
689 417
689 407
689 397
694 382
694 372
699 362
707 354
716 349
726 349
736 345
746 344
756 344
764 351
770 359
770 369
770 379
770 389
770 399
770 409
770 419
770 429
770 439
770 449
770 459
770 469
770 479
765 490
765 500
765 510
760 525
760 535
760 545
760 555
760 565
760 575
760 585
760 595
760 605
760 615
765 624
765 634
765 644
770 653
770 663
770 673
775 682
775 692
775 702
775 712
775 722
775 732
775 742
775 752
775 762
775 772
775 782
775 792
770 805
770 815
770 825
770 835
770 845
765 860
765 870
765 880
760 895
760 905
760 915
760 925
760 935
760 945
760 955
760 965
760 975
760 985
755 995
755 1005
755 1015
755 1025
755 1035
755 1045
749 1057
741 1065
731 1065
721 1065
711 1065
702 1070
692 1070
682 1070
672 1070
662 1070
652 1070
642 1070
632 1070
623 1065
613 1065
604 1060
594 1060
585 1055
575 1055
565 1055
557 1049
549 1042
549 1032
549 1022
549 1012
549 1002
549 992
549 982
549 972
