934 237
934 227
942 219
951 214
960 209
969 204
979 204
989 202
999 199
1009 199
1019 199
1029 201
1035 209
1040 218
1045 227
1045 237
1050 246
1050 256
1055 265
1055 275
1057 285
1060 295
1060 305
1060 315
1065 324
1065 334
1070 343
1070 353
1075 362
1075 372
1080 381
1080 391
1083 401
1085 411
1088 421
1090 431
1093 441
1095 451
1100 460
1105 469
1110 478
1115 487
1115 497
1120 506
1125 515
1130 524
1135 533
1140 542
1140 552
1144 562
1149 571
1153 581
1158 590
1162 600
1167 609
1170 619
1175 628
1175 638
1180 647
1180 657
1185 666
1185 676
1188 686
1190 696
1190 706
1190 716
1195 725
1195 735
1195 745
1195 755
1195 765
1195 775
1195 785
1195 795
1200 804
1200 814
1200 824
1200 834
1205 843
1205 853
1205 863
1210 872
1210 882
1210 892
1214 902
1215 912
1215 922
1219 932
1220 942
1220 952
1225 961
1225 971
1225 981
1225 991
1217 1004
1208 1010
1199 1015
1189 1017
1179 1020
1170 1025
1160 1025
1150 1030
1140 1030
1130 1035
1120 1035
1110 1035
1100 1035
1090 1035
1080 1035
1070 1035
1060 1035
1050 1035
1040 1035
1030 1035
1020 1032
1012 1025
1009 1015
1004 1006
1004 996
1004 986
1004 976
999 967
999 957
999 947
994 938
994 928
989 919
989 909
989 899
984 890
984 880
982 870
979 860
979 850
977 840
974 830
974 820
974 810
972 800
969 790
969 780
969 770
969 760
967 750
964 740
964 730
962 720
959 710
959 700
954 691
954 681
949 672
949 662
949 652
949 642
949 632
949 622
949 612
949 602
949 592
949 582
949 572
954 557
954 547
954 537
954 527
959 512
959 502
959 492
959 482
964 473
964 463
964 453
964 443
964 433
964 423
964 413
964 403
964 393
959 384
959 374
959 364
956 354
954 344
954 334
954 324
954 314
954 304
954 294
952 284
947 275
944 265
944 255
939 246
