899 567
899 557
904 547
904 537
909 522
914 512
919 502
919 492
924 477
924 467
924 457
929 447
929 437
929 427
929 417
929 407
929 397
929 387
929 377
929 367
929 357
929 347
929 337
929 327
929 317
929 307
929 297
929 287
929 277
929 267
929 257
929 247
929 237
929 227
929 217
929 207
934 197
939 187
949 182
959 177
969 174
979 174
989 174
998 179
1007 184
1010 194
1015 203
1020 212
1025 221
1025 231
1030 240
1032 250
1037 259
1040 269
1040 279
1045 288
1045 298
1045 308
1045 318
1045 328
1045 338
1050 347
1050 357
1054 367
1055 377
1060 386
1063 396
1065 406
1068 416
1073 425
1077 435
1082 444
1089 452
1094 461
1098 471
1103 480
1105 490
1110 499
1115 508
1115 518
1120 527
1124 537
1125 547
1130 556
1130 566
1133 576
1135 586
1135 596
1140 605
1140 615
1145 624
1145 634
1145 644
1150 653
1150 663
1150 673
1155 682
1155 692
1155 702
1159 712
1160 722
1160 732
1160 742
1164 752
1165 762
1165 772
1165 782
1165 792
1165 802
1165 812
1170 821
1170 831
1170 841
1170 851
1173 861
1175 871
1175 881
1175 891
1178 901
1180 911
1180 921
1185 930
1185 940
1190 949
1190 959
1190 969
1190 979
1190 989
1190 999
1195 1008
1188 1020
1179 1025
1170 1030
1160 1030
1150 1030
1140 1030
1130 1030
1120 1035
1110 1035
1100 1035
1090 1035
1080 1035
1070 1035
1060 1035
1050 1032
1040 1030
1031 1035
1021 1035
1011 1035
1001 1035
991 1035
981 1035
971 1035
961 1034
954 1026
949 1017
942 1009
937 1000
934 990
929 981
924 972
924 962
924 952
924 942
924 932
924 922
924 912
924 902
919 893
919 883
919 873
919 863
919 853
919 843
914 834
914 824
914 814
914 804
914 794
909 785
909 775
909 765
909 755
904 746
904 736
904 726
904 716
899 707
899 697
899 687
899 677
899 667
899 657
899 647
899 637
899 627
899 617
899 607
899 597
899 587
899 577
