559 1017
559 1007
564 997
564 987
564 977
569 967
569 957
574 947
574 937
574 927
574 917
574 907
574 897
574 887
579 877
579 867
579 857
579 847
584 832
584 822
584 812
584 802
584 792
584 782
584 772
589 762
589 752
589 742
594 732
594 722
594 712
594 702
594 692
599 677
604 662
609 652
614 642
619 632
627 624
632 614
637 604
642 594
649 582
654 567
654 557
659 547
664 532
669 517
674 507
674 497
674 487
674 477
679 467
679 457
679 447
684 432
684 422
689 407
689 397
689 387
689 377
689 367
694 352
694 342
694 332
694 322
702 314
711 309
721 309
730 314
740 314
750 317
760 319
770 322
777 330
775 340
770 350
765 360
765 370
760 385
760 395
755 405
750 420
750 430
745 445
745 455
745 465
745 475
745 485
745 495
745 505
745 515
745 525
745 535
745 545
745 555
745 565
745 575
745 585
745 595
750 604
750 614
750 624
755 633
755 643
760 652
760 662
760 672
760 682
760 692
760 702
760 712
760 722
760 732
760 742
760 752
760 762
760 772
760 782
760 792
760 802
760 812
760 822
760 832
760 842
760 852
760 862
760 872
760 882
760 892
760 902
760 912
760 922
755 940
755 950
755 960
750 975
750 985
750 995
750 1005
750 1015
750 1025
745 1035
745 1045
738 1053
730 1060
720 1060
710 1060
700 1060
690 1060
680 1065
670 1065
660 1065
650 1065
640 1065
630 1065
620 1065
610 1065
600 1065
590 1063
581 1058
571 1054
564 1046
559 1037
559 1027
