574 1007
574 997
579 982
579 972
579 962
579 952
579 942
579 932
579 922
579 912
579 902
579 892
579 882
579 872
579 862
579 852
579 842
579 832
584 817
584 807
589 797
589 787
589 777
594 767
594 757
594 747
599 732
599 722
599 712
599 702
599 692
599 682
604 667
604 657
609 647
609 637
614 622
619 607
624 597
629 587
634 577
639 567
644 552
649 542
649 532
654 522
654 512
654 502
659 487
659 477
659 467
659 457
664 447
664 437
669 427
669 417
674 407
674 397
674 387
674 377
674 367
679 352
679 342
684 327
694 322
704 319
714 319
724 319
734 319
744 319
754 321
760 329
765 338
760 355
760 365
760 375
755 385
755 395
755 405
750 420
750 430
750 440
750 450
750 460
750 470
750 480
750 490
750 500
750 510
750 520
750 530
750 540
750 550
752 560
755 570
757 580
760 590
765 599
765 609
765 619
770 628
775 637
775 647
775 657
775 667
775 677
775 687
775 697
770 715
770 725
770 735
770 745
770 755
770 765
770 775
770 785
770 795
770 805
770 815
765 830
765 840
765 850
760 860
760 870
760 880
755 895
755 905
755 915
750 930
750 940
750 950
750 960
745 970
745 980
745 990
745 1000
745 1010
745 1020
745 1030
745 1040
739 1052
731 1060
721 1060
711 1060
701 1060
691 1060
681 1060
671 1060
662 1055
652 1055
642 1054
632 1050
622 1049
612 1045
602 1045
592 1045
582 1044
574 1037
574 1027
574 1017
