559 857
559 847
564 837
564 827
564 817
569 802
569 792
574 782
574 772
574 762
579 747
579 737
584 722
589 707
594 697
594 687
599 672
604 657
609 642
614 627
614 617
614 607
619 597
624 587
624 577
629 567
634 557
639 547
644 537
644 527
649 517
654 507
654 497
659 482
664 467
669 457
674 442
679 427
679 417
679 407
679 397
679 387
679 377
679 367
679 357
679 347
679 337
687 329
696 324
706 324
716 324
726 324
736 324
744 331
750 339
750 349
750 359
750 369
750 379
745 390
745 400
745 410
745 420
745 430
745 440
745 450
745 460
745 470
745 480
745 490
745 500
745 510
745 520
747 530
750 540
750 550
750 560
750 570
750 580
752 590
755 600
757 610
760 620
762 630
765 640
770 649
770 659
770 669
770 679
775 688
775 698
775 708
780 717
780 727
780 737
780 747
780 757
780 767
775 785
775 795
775 805
775 815
775 825
775 835
775 845
775 855
775 865
770 875
770 885
770 895
770 905
765 920
765 930
765 940
760 950
760 960
755 975
755 985
750 1000
750 1010
750 1020
750 1030
750 1040
745 1055
739 1065
730 1070
720 1070
710 1070
700 1070
690 1070
680 1070
670 1070
660 1068
651 1063
641 1060
632 1055
622 1054
612 1050
602 1050
593 1045
583 1045
574 1040
564 1036
559 1027
559 1017
559 1007
559 997
559 987
559 977
559 967
559 957
559 947
559 937
559 927
559 917
559 907
559 897
559 887
559 877
559 867
