559 972
559 962
564 952
564 942
564 932
569 917
569 907
569 897
569 887
569 877
569 867
569 857
574 847
574 837
574 827
579 817
579 807
579 797
579 787
584 777
584 767
589 757
589 747
589 737
594 727
594 717
594 707
594 697
594 687
594 677
594 667
599 652
604 642
609 632
614 622
619 612
624 602
629 592
634 577
639 567
644 557
644 547
649 537
649 527
654 517
659 502
664 492
669 482
669 472
669 462
674 447
674 437
674 427
674 417
674 407
674 397
674 387
679 372
679 362
679 352
679 342
684 332
692 324
701 319
711 319
721 319
731 319
741 319
750 324
760 327
760 337
760 347
760 357
755 370
750 385
750 395
750 405
750 415
745 430
745 440
745 450
745 460
745 470
745 480
745 490
745 500
745 510
745 520
745 530
745 540
745 550
745 560
745 570
745 580
745 590
745 600
745 610
747 620
750 630
752 640
755 650
755 660
755 670
760 679
760 689
765 698
765 708
765 718
770 727
770 737
770 747
770 757
775 766
775 776
775 786
775 796
775 806
775 816
775 826
775 836
775 846
770 860
770 870
770 880
765 890
765 900
760 915
760 925
760 935
760 945
760 955
760 965
760 975
755 985
755 995
755 1005
750 1015
750 1025
745 1035
744 1047
739 1057
729 1062
719 1065
709 1065
699 1065
690 1070
680 1070
670 1070
660 1070
650 1070
640 1070
631 1065
621 1065
612 1060
602 1059
592 1055
583 1050
574 1045
564 1041
559 1032
559 1022
559 1012
559 1002
559 992
559 982
