509 452
509 442
517 434
526 429
534 422
544 417
554 412
562 404
570 396
578 389
585 381
593 374
602 369
607 359
617 354
627 349
626 334
622 324
617 315
614 305
609 296
609 286
609 276
612 259
621 254
631 250
641 249
651 249
660 244
670 244
680 241
690 239
700 239
710 239
720 239
729 234
739 234
749 234
759 234
769 234
778 239
787 244
794 252
800 260
805 269
810 278
815 287
819 297
825 305
835 309
845 309
855 309
865 306
875 304
885 304
895 304
905 304
915 304
925 301
935 299
945 299
954 294
964 292
974 289
984 289
993 284
1002 279
1012 279
1022 279
1032 279
1041 274
1051 274
1061 274
1071 274
1081 274
1091 274
1101 274
1111 274
1121 274
1131 274
1141 270
1151 269
1161 269
1171 265
1181 264
1191 264
1201 264
1211 264
1220 269
1228 275
1235 283
1245 287
1252 295
1260 302
1269 307
1277 314
1286 319
1294 326
1300 334
1308 340
1315 348
1325 352
1333 359
1342 354
1352 354
1362 354
1372 354
1381 349
1391 349
1401 345
1411 344
1421 344
1431 344
1441 344
1451 340
1461 339
1471 335
1481 334
1490 329
1500 329
1510 329
1518 335
1525 343
1530 352
1534 362
1539 371
1545 379
1550 388
1550 398
1550 408
1545 420
1540 430
1535 440
1530 450
1523 458
1518 468
1510 475
1503 483
1495 490
1487 499
1479 505
1470 510
1472 520
1477 529
1480 539
1480 549
1485 558
1490 567
1495 576
1495 586
1500 595
1505 604
1510 613
1515 622
1517 639
1509 647
1499 650
1489 650
1480 655
1470 655
1460 660
1450 660
1440 660
1430 660
1420 660
1410 660
1400 660
1390 660
1380 660
1371 665
1361 665
1351 665
1341 665
1331 665
1321 663
1311 659
1302 654
1292 650
1283 645
1274 640
1265 635
1257 629
1249 622
1240 617
1232 610
1225 602
1217 595
1208 590
1198 590
1188 593
1178 595
1169 600
1159 600
1149 602
1139 607
1129 610
1119 610
1109 610
1099 610
1089 610
1079 610
1069 610
1060 615
1050 615
1040 615
1030 620
1020 620
1010 620
1000 625
990 625
980 630
970 630
960 630
950 630
940 630
930 630
921 635
911 635
901 634
892 629
882 625
875 617
865 613
858 605
849 600
840 595
831 590
822 585
812 584
802 580
795 572
785 568
779 560
769 560
759 557
750 552
742 545
732 545
723 540
713 540
703 540
693 540
684 545
674 547
664 550
654 550
644 550
634 550
624 550
615 555
605 555
595 555
585 555
575 557
567 550
560 542
555 533
551 523
546 514
542 504
537 495
534 485
529 476
524 467
517 459
