394 887
394 877
399 867
399 857
399 847
404 832
409 817
414 807
422 799
427 789
435 781
440 771
448 764
455 756
460 746
468 739
475 731
483 724
490 716
498 709
505 701
513 694
520 686
530 681
538 674
547 669
555 661
565 656
575 651
583 644
592 639
602 634
612 634
621 629
631 625
641 624
651 620
661 619
671 619
680 614
690 611
700 609
710 609
720 606
730 604
740 604
750 604
760 604
770 604
780 604
790 604
800 604
810 601
820 599
830 599
834 586
834 576
834 566
834 556
834 537
839 522
842 505
832 505
822 505
812 504
802 500
793 495
784 490
774 490
764 486
759 477
767 469
777 469
787 469
797 464
807 459
817 459
826 454
835 449
845 449
855 449
865 449
875 449
884 454
893 459
902 464
909 472
915 480
908 490
899 495
890 500
890 510
888 523
880 530
870 530
870 540
870 550
870 560
870 570
875 579
880 588
890 589
900 589
910 589
920 589
929 582
939 577
949 574
959 574
969 574
979 574
989 574
999 574
1009 576
1018 581
1025 589
1034 594
1043 599
1053 599
1063 599
1072 604
1082 604
1092 604
1102 604
1112 604
1122 604
1132 604
1142 604
1152 604
1161 609
1165 619
1174 624
1182 630
1183 643
1178 653
1170 660
1160 665
1150 665
1140 665
1130 670
1120 670
1110 675
1115 684
1123 690
1130 698
1140 699
1150 699
1160 699
1170 699
1180 699
1190 696
1200 694
1210 694
1220 694
1230 691
1240 689
1250 689
1260 689
1270 689
1280 689
1290 689
1299 684
1309 684
1318 679
1328 679
1338 679
1347 674
1357 674
1367 669
1377 669
1387 669
1397 669
1407 669
1416 664
1426 664
1436 664
1446 664
1456 664
1466 664
1476 664
1486 664
1496 664
1506 664
1516 664
1526 664
1536 664
1546 664
1556 664
1566 664
1576 664
1586 664
1594 671
1590 685
1584 697
1576 705
1567 710
1558 715
1549 720
1540 725
1530 725
1520 730
1511 735
1502 740
1493 745
1484 750
1474 752
1464 755
1455 760
1445 760
1436 765
1426 765
1417 770
1407 774
1397 775
1388 780
1379 785
1369 787
1359 792
1349 795
1340 800
1331 805
1321 805
1312 810
1304 817
1294 822
1284 825
1274 825
1265 830
1255 830
1245 830
1235 830
1225 830
1215 835
1205 835
1195 835
1185 835
1175 835
1165 840
1155 840
1145 845
1135 845
1125 845
1115 845
1105 850
1105 860
1105 870
1110 879
1119 874
1129 874
1139 874
1149 874
1159 876
1165 884
1170 893
1170 903
1170 913
1170 923
1170 933
1162 949
1152 950
1143 955
1133 955
1123 955
1114 960
1104 960
1095 965
1085 965
1075 965
1065 970
1055 970
1046 975
1036 975
1026 975
1016 975
1006 975
997 980
987 980
977 984
967 985
957 985
948 990
939 995
930 1000
930 1010
930 1020
928 1038
923 1048
913 1053
903 1055
893 1055
883 1058
873 1060
863 1060
853 1060
843 1060
833 1060
823 1063
813 1065
803 1065
793 1065
783 1065
774 1070
764 1070
754 1070
744 1070
734 1070
725 1075
715 1075
705 1075
695 1075
685 1075
675 1080
665 1080
655 1080
645 1080
635 1080
625 1080
615 1080
605 1080
595 1080
585 1080
576 1085
566 1085
556 1085
546 1085
536 1085
520 1085
510 1085
500 1085
490 1085
480 1085
470 1085
460 1085
452 1079
449 1062
454 1052
462 1044
471 1039
481 1039
491 1039
500 1044
505 1053
513 1060
517 1070
528 1079
535 1071
543 1064
553 1064
563 1064
573 1064
582 1059
592 1059
602 1054
612 1054
622 1049
632 1049
639 1037
649 1039
649 1029
649 1019
647 1009
637 1005
627 1005
617 1005
607 1005
597 1005
587 1005
577 1005
567 1004
557 1000
547 1000
537 1000
527 999
517 995
507 995
497 995
488 990
478 990
468 990
458 990
448 990
439 985
429 982
420 977
410 973
404 965
399 956
394 947
394 937
394 927
394 917
394 907
394 897
