404 907
404 897
409 882
409 872
409 862
414 847
419 832
424 817
429 807
434 792
439 777
447 769
455 761
460 751
465 741
473 734
480 726
488 719
495 711
503 704
510 696
520 691
530 686
538 679
547 674
557 669
567 664
577 659
587 654
597 649
607 644
616 639
625 634
634 627
644 622
654 617
664 612
674 607
684 602
694 599
704 597
714 594
724 594
734 594
744 594
754 594
764 594
774 594
784 594
794 594
804 594
814 594
824 592
829 577
829 567
820 562
815 553
814 543
814 533
811 523
801 520
791 519
782 514
774 507
774 497
782 489
792 484
801 479
810 474
819 469
829 467
839 462
849 459
858 454
867 449
874 457
882 464
885 474
890 483
887 494
879 500
870 505
870 515
870 525
870 535
870 545
870 555
872 565
875 575
880 584
880 594
890 594
900 594
910 594
919 589
928 584
938 584
947 579
956 574
965 569
975 569
985 569
995 569
1005 569
1015 569
1025 569
1035 572
1044 577
1054 581
1063 586
1073 590
1082 595
1092 599
1102 599
1112 599
1122 599
1132 599
1142 599
1151 604
1161 604
1170 609
1178 615
1178 633
1173 643
1163 648
1153 650
1144 655
1134 655
1124 655
1115 660
1105 660
1095 660
1085 665
1075 665
1075 675
1075 685
1085 689
1095 689
1105 689
1115 689
1125 689
1135 689
1145 689
1155 689
1165 686
1175 684
1185 684
1195 684
1205 684
1215 684
1224 679
1234 677
1244 674
1253 669
1263 669
1272 664
1281 659
1291 655
1301 654
1311 650
1321 649
1331 649
1341 649
1351 645
1361 644
1371 644
1380 639
1390 639
1400 639
1410 639
1419 634
1429 634
1439 632
1449 629
1459 629
1469 629
1478 624
1488 624
1498 624
1508 624
1518 624
1528 624
1538 624
1548 624
1558 624
1568 624
1578 624
1587 629
1597 629
1606 634
1610 644
1615 653
1610 670
1604 682
1594 687
1586 695
1577 700
1568 705
1558 708
1548 713
1538 718
1528 723
1518 725
1509 730
1499 732
1489 735
1480 740
1470 740
1460 745
1450 745
1440 750
1430 750
1420 755
1411 760
1401 760
1391 760
1382 765
1372 765
1363 770
1353 770
1344 775
1335 780
1325 780
1315 785
1305 790
1295 795
1285 800
1276 805
1267 810
1257 814
1247 819
1237 820
1227 824
1217 825
1208 830
1198 830
1188 833
1178 835
1168 835
1158 835
1148 838
1140 845
1140 855
1140 865
1140 875
1145 884
1154 889
1160 897
1165 906
1165 916
1163 928
1155 935
1145 940
1135 945
1125 950
1115 950
1105 955
1095 955
1085 955
1075 955
1065 955
1055 955
1045 955
1035 955
1025 955
1015 955
1005 955
995 955
985 955
975 960
965 960
965 970
965 980
965 990
965 1000
964 1017
959 1027
949 1032
939 1037
929 1040
920 1045
910 1045
900 1045
891 1050
881 1050
871 1050
862 1055
852 1055
842 1059
832 1060
822 1060
813 1065
803 1065
794 1070
784 1070
775 1075
765 1075
755 1075
745 1080
735 1080
726 1085
716 1085
706 1085
697 1090
687 1094
677 1095
667 1095
657 1095
647 1095
637 1095
627 1095
617 1095
607 1095
597 1095
587 1095
577 1095
567 1095
557 1095
547 1095
537 1095
527 1095
517 1095
507 1095
497 1095
487 1095
478 1090
468 1090
459 1085
449 1081
449 1057
457 1049
466 1044
476 1044
486 1044
494 1051
504 1054
514 1054
524 1054
534 1054
544 1054
554 1054
564 1054
574 1054
584 1054
594 1054
603 1049
613 1049
622 1044
632 1039
642 1039
652 1034
654 1021
654 1011
654 1001
646 995
636 995
626 995
616 995
606 995
596 995
586 995
576 995
566 995
556 995
546 995
536 995
526 995
516 995
506 995
496 995
486 995
477 990
467 989
457 985
448 980
439 975
431 969
422 964
417 955
414 945
409 936
404 927
404 917
