24 1227
24 1217
29 1207
29 1197
34 1187
34 1177
39 1162
39 1152
39 1142
39 1132
39 1122
39 1112
39 1102
39 1092
44 1082
44 1072
49 1062
54 1047
59 1037
59 1027
64 1012
64 1002
64 992
69 977
69 967
74 952
82 944
84 926
84 901
84 891
84 881
84 871
84 861
84 851
84 841
84 831
84 821
84 811
84 801
84 791
79 782
79 772
84 762
89 747
89 737
94 722
94 712
99 697
99 687
104 672
109 662
109 652
114 640
114 630
109 621
109 611
109 601
109 591
109 581
109 571
109 561
109 551
109 541
109 531
109 521
109 511
104 502
104 492
109 481
109 471
109 461
109 451
109 441
109 431
104 422
104 412
104 402
104 392
109 376
104 367
104 357
104 347
109 336
104 327
104 317
104 307
104 297
104 285
104 275
104 265
102 255
99 245
99 235
99 225
99 215
94 206
94 196
89 187
89 177
94 167
94 157
94 147
94 137
94 127
99 112
99 102
104 92
109 77
109 67
119 62
127 54
136 49
144 42
154 39
163 34
173 34
182 29
192 29
202 29
212 29
221 24
231 24
241 24
251 24
261 24
271 24
281 24
290 19
300 19
310 19
319 24
329 22
339 19
349 19
359 19
369 19
379 19
389 19
399 19
408 14
418 14
428 14
438 14
448 14
458 14
468 14
478 14
488 14
498 14
508 14
518 14
528 14
537 9
547 9
557 9
567 9
577 9
587 9
597 9
607 9
617 9
627 9
637 9
647 9
657 9
667 9
677 9
687 9
697 9
707 9
717 9
727 9
736 4
746 4
756 4
765 9
775 9
785 9
795 9
805 9
815 9
825 9
835 9
845 9
855 6
865 4
875 4
885 4
895 7
905 9
914 4
924 4
934 4
944 4
954 4
964 4
974 4
984 4
994 4
1004 4
1014 4
1024 4
1034 4
1044 4
1054 4
1064 4
1074 4
1084 4
1094 4
1104 4
1114 4
1124 4
1134 4
1144 4
1154 4
1164 4
1174 4
1184 4
1193 9
1203 9
1213 9
1223 9
1233 9
1243 9
1253 9
1263 9
1273 9
1283 9
1293 9
1303 9
1313 9
1323 9
1333 9
1343 9
1353 9
1363 9
1373 9
1383 9
1393 9
1403 9
1413 9
1423 9
1433 9
1443 9
1453 9
1463 9
1473 10
1483 14
1493 14
1503 14
1513 14
1523 14
1533 14
1543 14
1553 14
1563 14
1573 14
1583 14
1593 14
1602 19
1612 19
1622 19
1632 19
1642 19
1652 19
1662 19
1672 19
1682 19
1691 24
1700 19
1710 19
1720 19
1730 22
1740 24
1750 24
1760 24
1770 24
1779 29
1789 29
1799 29
1809 29
1819 29
1829 29
1839 31
1849 34
1859 34
1869 34
1879 34
1889 34
1898 39
1908 39
1918 39
1928 39
1938 40
1948 44
1958 44
1968 44
1978 44
1987 49
1997 49
2007 49
2017 49
2027 49
2037 49
2046 54
2056 54
2066 54
2076 54
2085 59
2095 59
2105 62
2115 64
2125 64
2135 64
2145 67
2155 69
2165 69
2175 72
2185 74
2195 74
2204 79
2214 79
2224 81
2234 84
2244 84
2253 89
2263 89
2272 94
2282 94
2292 94
2301 99
2311 99
2320 104
2330 104
2339 109
2349 111
2359 114
2369 116
2379 119
2389 119
2398 124
2408 125
2418 129
2427 134
2437 134
2446 139
2456 139
2465 144
2474 149
2482 155
2492 159
2499 167
2505 175
2502 194
2493 200
2483 200
2473 200
2463 200
2453 200
2443 200
2433 200
2423 200
2413 200
2403 200
2393 200
2383 200
2373 200
2363 200
2353 200
2344 205
2335 210
2325 215
2320 230
2320 240
2320 250
2320 260
2320 270
2320 280
2325 289
2323 303
2315 310
2320 319
2320 329
2320 339
2320 349
2320 359
2320 369
2320 379
2320 389
2320 399
2320 409
2320 419
2320 429
2320 439
2329 444
2339 444
2349 444
2354 432
2354 422
2362 414
2371 409
2381 409
2391 409
2400 414
2400 424
2395 435
2385 435
2375 435
2380 444
2390 444
2400 444
2410 444
2420 444
2430 444
2439 449
2448 444
2458 444
2467 449
2477 449
2487 449
2497 449
2507 449
2517 449
2527 449
2537 449
2547 449
2557 449
2567 449
2577 449
2587 449
2597 449
2607 449
2617 449
2627 449
2637 449
2647 449
2657 449
2667 449
2677 449
2687 449
2697 449
2707 449
2717 449
2727 449
2737 449
2747 449
2757 449
2767 449
2777 449
2787 449
2797 449
2807 449
2817 449
2827 449
2837 449
2847 449
2857 449
2867 449
2877 449
2887 449
2897 449
2907 449
2917 449
2927 449
2937 449
2947 449
2957 449
2967 449
2977 449
2986 454
2996 454
3006 454
3016 454
3026 454
3036 454
3046 454
3055 459
3065 459
3075 459
3074 442
3074 432
3079 422
3089 419
3099 419
3109 419
3118 414
3128 414
3137 419
3146 424
3156 424
3165 429
3170 438
3170 448
3168 458
3160 465
3170 469
3178 475
3187 480
3195 487
3203 494
3212 499
3219 507
3225 515
3233 521
3235 531
3244 536
3248 546
3253 555
3260 563
3265 572
3265 582
3265 592
3269 602
3265 620
3270 629
3270 639
3279 634
3282 624
3290 616
3298 609
3307 604
3317 604
3327 599
3337 599
3347 599
3357 599
3367 599
3376 594
3386 594
3396 590
3406 589
3415 594
3425 594
3434 599
3440 607
3447 615
3450 625
3455 634
3460 643
3465 652
3465 662
3470 671
3470 681
3475 690
3475 700
3475 710
3475 720
3475 730
3480 739
3490 739
3500 742
3509 747
3519 751
3529 754
3539 756
3545 764
3555 764
3563 770
3573 774
3583 775
3592 780
3597 789
3607 789
3614 797
3624 801
3630 809
3640 812
3647 820
3655 827
3660 836
3666 844
3670 854
3678 860
3685 868
3693 875
3695 885
3695 895
3700 904
3705 913
3710 922
3710 932
3715 941
3710 955
3712 965
3715 975
3710 990
3705 1000
3695 1005
3685 1005
3675 1002
3665 1000
3655 998
3648 990
3639 985
3630 980
3620 980
3625 989
3630 998
3635 1007
3642 1015
3647 1024
3650 1034
3658 1040
3660 1050
3662 1060
3667 1069
3670 1079
3675 1088
3680 1097
3680 1107
3685 1116
3685 1126
3690 1135
3690 1145
3690 1155
3692 1165
3695 1175
3697 1185
3700 1195
3700 1205
3695 1215
3700 1224
3695 1240
3695 1250
3695 1260
3695 1270
3690 1285
3690 1295
3685 1305
3685 1315
3680 1325
3680 1335
3678 1348
3670 1355
3665 1370
3660 1380
3658 1393
3653 1403
3645 1410
3640 1420
3633 1428
3625 1435
3620 1445
3613 1453
3608 1463
3600 1470
3593 1478
3585 1485
3575 1490
3568 1498
3558 1500
3549 1505
3540 1510
3531 1515
3522 1520
3517 1529
3509 1537
3499 1542
3489 1545
3479 1545
3470 1550
3461 1555
3452 1560
3442 1560
3432 1560
3422 1560
3412 1560
3402 1564
3392 1565
3382 1564
3372 1560
3362 1560
3352 1560
3342 1560
3333 1555
3323 1555
3314 1550
3304 1550
3294 1550
3285 1545
3276 1540
3266 1540
3257 1535
3248 1530
3239 1525
3229 1522
3220 1517
3210 1513
3204 1505
3196 1499
3187 1494
3179 1487
3172 1479
3164 1472
3155 1467
3147 1460
3143 1450
3134 1445
3125 1450
3123 1463
3118 1473
3113 1483
3108 1493
3100 1500
3095 1510
3090 1520
3085 1530
3078 1538
3070 1545
3065 1555
3055 1560
3048 1573
3040 1580
3030 1585
3020 1595
3010 1600
3000 1605
2990 1610
2980 1615
2971 1620
2962 1625
2953 1630
2943 1633
2935 1640
2925 1645
2916 1650
2906 1650
2897 1655
2887 1655
2877 1659
2867 1660
2857 1660
2847 1660
2837 1660
2827 1660
2817 1660
2807 1660
2797 1660
2787 1659
2777 1655
2767 1654
2757 1650
2747 1650
2737 1650
2728 1645
2719 1640
2711 1633
2701 1630
2692 1625
2683 1620
2674 1615
2665 1610
2655 1608
2649 1600
2639 1596
2631 1590
2622 1585
2613 1580
2605 1573
2599 1565
2589 1561
2584 1552
2577 1544
2569 1537
2564 1528
2555 1523
2549 1515
2544 1506
2539 1497
2530 1492
2525 1483
2521 1473
2516 1464
2509 1456
2504 1447
2504 1437
2500 1427
2494 1419
2492 1409
2487 1400
2484 1390
2476 1384
2474 1374
2474 1364
2469 1355
2469 1345
2469 1335
2460 1330
2451 1325
2441 1325
2431 1325
2421 1325
2411 1325
2401 1325
2392 1320
2382 1320
2372 1319
2362 1315
2354 1308
2349 1299
2349 1289
2349 1279
2357 1265
2347 1269
2339 1275
2329 1275
2320 1280
2310 1280
2300 1285
2290 1285
2280 1290
2270 1290
2266 1300
2256 1300
2246 1300
2236 1300
2226 1300
2217 1305
2207 1305
2197 1305
2187 1305
2177 1305
2167 1305
2158 1310
2148 1310
2138 1310
2128 1310
2118 1310
2108 1310
2098 1310
2088 1310
2078 1310
2068 1310
2058 1310
2048 1310
2038 1310
2028 1310
2018 1313
2008 1315
1998 1315
1988 1315
1978 1315
1968 1315
1959 1310
1949 1310
1939 1310
1929 1310
1919 1310
1909 1310
1899 1310
1890 1305
1880 1305
1870 1305
1860 1305
1850 1305
1840 1305
1830 1305
1820 1305
1810 1305
1800 1305
1790 1305
1780 1305
1770 1305
1762 1315
1752 1315
1744 1308
1737 1300
1727 1300
1717 1300
1707 1300
1697 1300
1687 1300
1677 1300
1667 1300
1657 1300
1647 1300
1637 1300
1627 1300
1617 1300
1607 1300
1598 1295
1588 1295
1578 1295
1568 1295
1558 1295
1548 1295
1538 1295
1528 1295
1518 1295
1509 1290
1500 1295
1490 1295
1480 1295
1470 1292
1460 1290
1450 1290
1440 1290
1430 1290
1420 1290
1410 1290
1405 1305
1395 1305
1385 1305
1380 1320
1373 1328
1368 1338
1360 1345
1353 1353
1348 1363
1340 1370
1335 1385
1325 1385
1320 1395
1310 1395
1300 1405
1294 1415
1285 1420
1276 1425
1267 1430
1258 1435
1248 1438
1240 1445
1230 1445
1220 1445
1210 1450
1200 1455
1190 1455
1180 1455
1171 1460
1161 1460
1151 1460
1141 1460
1131 1460
1121 1460
1111 1460
1101 1460
1091 1458
1081 1455
1071 1455
1061 1453
1051 1450
1042 1445
1032 1445
1023 1440
1014 1435
1005 1430
997 1424
989 1417
980 1412
972 1405
963 1400
955 1393
946 1388
940 1380
932 1374
927 1365
920 1357
912 1350
909 1340
904 1331
899 1322
894 1313
889 1304
884 1295
882 1285
873 1290
864 1295
854 1295
844 1297
834 1300
824 1300
815 1295
805 1295
795 1295
785 1295
775 1295
765 1295
755 1295
755 1305
750 1315
745 1325
740 1340
735 1355
730 1365
725 1375
723 1388
715 1395
710 1405
705 1415
698 1428
693 1438
685 1445
678 1453
670 1460
663 1473
653 1478
645 1485
635 1490
625 1495
620 1505
610 1505
605 1515
595 1515
588 1530
578 1530
568 1530
558 1533
548 1535
538 1538
528 1540
519 1545
509 1545
499 1545
489 1545
479 1545
469 1545
459 1545
449 1545
439 1545
429 1545
419 1545
410 1540
400 1540
391 1535
381 1533
371 1530
362 1525
353 1520
344 1515
334 1512
327 1504
317 1500
309 1494
304 1485
294 1482
287 1474
277 1470
270 1462
264 1454
259 1445
251 1439
244 1431
239 1422
234 1413
229 1404
224 1395
219 1386
214 1377
209 1368
202 1360
199 1350
199 1340
194 1331
189 1322
184 1313
184 1303
184 1293
180 1283
174 1275
170 1265
160 1262
150 1260
140 1257
130 1255
120 1255
110 1255
100 1255
90 1255
80 1252
70 1250
60 1248
51 1243
41 1239
32 1234
