14 1052
14 1042
19 1032
19 1022
19 1012
24 997
29 982
29 972
37 964
39 947
47 939
52 929
57 919
64 902
74 897
79 887
87 879
95 871
103 864
110 856
118 849
127 844
136 839
145 834
154 829
164 829
173 824
182 819
192 819
202 819
212 819
222 819
231 824
241 824
251 824
261 824
271 820
281 819
284 801
284 791
284 781
284 771
284 761
279 752
279 742
284 730
284 720
284 710
284 700
284 690
284 680
284 670
284 660
279 651
279 641
279 631
279 621
279 611
279 601
279 591
279 581
279 571
279 561
279 551
279 541
279 531
279 521
274 512
274 502
274 492
274 482
274 472
274 462
274 452
274 442
274 432
274 422
274 412
274 402
279 387
284 372
289 362
294 352
302 344
310 336
318 329
328 329
338 329
347 324
356 319
366 315
376 314
386 314
396 314
406 314
415 309
425 309
434 304
443 299
452 294
462 289
472 289
481 284
490 279
499 274
508 279
518 279
528 279
538 279
547 274
557 274
567 274
577 274
587 269
596 264
606 264
616 265
626 264
636 264
646 264
656 264
666 264
676 264
686 264
696 264
706 264
716 264
726 264
736 264
746 264
756 264
766 264
776 264
786 264
795 259
805 259
815 259
825 259
835 259
845 259
855 259
865 259
875 262
885 264
895 264
905 264
915 261
925 259
935 259
945 259
955 259
965 259
975 259
985 259
994 264
1004 264
1013 259
1023 259
1033 259
1043 260
1053 259
1063 259
1072 264
1081 259
1091 259
1101 259
1111 259
1121 259
1131 259
1141 259
1151 259
1161 259
1171 259
1181 259
1191 259
1201 259
1211 259
1221 259
1231 259
1241 259
1251 259
1261 259
1271 259
1281 259
1291 259
1301 259
1311 259
1321 259
1331 259
1341 259
1351 259
1361 259
1371 259
1381 259
1391 259
1401 259
1411 259
1421 259
1431 259
1441 259
1451 259
1461 259
1471 259
1481 259
1491 259
1501 259
1511 259
1521 259
1531 259
1541 259
1551 259
1561 259
1571 259
1581 259
1591 259
1601 259
1611 259
1621 259
1630 254
1640 254
1649 259
1659 257
1669 254
1679 256
1689 257
1699 254
1709 254
1719 254
1729 254
1739 254
1749 254
1759 256
1769 259
1779 259
1788 264
1798 264
1807 269
1817 269
1827 269
1837 269
1847 269
1856 274
1866 274
1876 274
1886 274
1896 274
1905 279
1915 279
1925 279
1935 279
1945 279
1955 282
1965 284
1975 284
1985 284
1995 284
2004 289
2014 289
2023 294
2033 294
2043 294
2053 294
2063 294
2073 294
2083 295
2093 299
2103 299
2113 299
2123 299
2133 299
2143 299
2153 299
2162 304
2172 304
2182 304
2192 304
2201 309
2211 309
2221 309
2231 309
2241 309
2251 309
2261 309
2271 309
2280 314
2290 317
2299 322
2309 324
2319 324
2329 326
2339 329
2349 331
2359 334
2369 334
2379 336
2389 339
2399 339
2408 344
2418 345
2428 349
2438 350
2448 354
2458 354
2465 362
2472 370
2474 387
2466 395
2456 395
2446 395
2436 395
2427 390
2417 390
2407 390
2397 390
2387 390
2377 390
2367 390
2357 390
2348 395
2338 395
2329 400
2320 405
2310 415
2305 425
2305 435
2305 445
2305 455
2305 465
2305 475
2305 485
2305 495
2305 505
2305 515
2310 524
2320 524
2325 533
2315 545
2305 545
2307 555
2310 565
2310 575
2310 585
2310 595
2320 599
2330 599
2340 599
2350 599
2360 599
2370 599
2379 604
2389 604
2399 604
2408 599
2418 599
2427 604
2437 604
2447 604
2457 604
2466 599
2476 599
2486 599
2495 604
2504 599
2514 599
2524 599
2534 601
2544 599
2554 599
2563 604
2573 604
2583 604
2592 599
2602 599
2611 604
2621 604
2631 604
2641 604
2651 604
2661 604
2671 604
2681 604
2691 604
2701 604
2711 604
2721 604
2731 604
2741 604
2751 604
2761 604
2771 604
2781 604
2791 604
2801 604
2811 604
2821 604
2831 604
2841 604
2851 604
2861 604
2871 604
2881 604
2891 604
2901 604
2911 604
2921 604
2931 604
2941 604
2951 604
2961 604
2971 604
2981 604
2991 604
3001 604
3011 604
3021 604
3031 604
3041 604
3051 604
3061 604
3071 604
3081 604
3091 604
3101 604
3111 604
3121 604
3131 604
3141 604
3151 604
3161 604
3171 604
3181 604
3191 604
3201 604
3211 604
3221 604
3231 604
3241 604
3251 604
3261 604
3270 609
3280 609
3290 609
3300 609
3310 609
3320 609
3330 609
3339 597
3339 587
3339 577
3339 567
3339 557
3347 549
3357 549
3364 537
3372 529
3382 529
3391 524
3401 524
3410 529
3420 529
3430 532
3430 542
3430 552
3430 562
3425 580
3415 590
3415 600
3410 610
3420 614
3429 619
3437 625
3445 632
3449 642
3450 652
3459 657
3465 665
3473 671
3478 680
3480 690
3485 699
3485 709
3490 718
3495 727
3500 736
3500 746
3500 756
3500 766
3510 769
3520 769
3530 769
3540 769
3550 766
3560 764
3570 764
3580 764
3590 767
3600 769
3605 778
3605 788
3605 798
3610 807
3614 817
3615 827
3615 837
3623 844
3633 845
3643 849
3653 850
3662 855
3672 859
3681 864
3690 869
3698 875
3707 880
3717 884
3724 892
3732 899
3741 904
3749 911
3755 919
3763 925
3770 933
3778 940
3785 948
3790 957
3795 966
3801 974
3809 981
3810 991
3813 1001
3818 1010
3820 1020
3822 1030
3825 1040
3825 1050
3825 1060
3820 1070
3813 1080
3804 1085
3794 1085
3784 1085
3774 1085
3764 1085
3755 1080
3745 1084
3750 1093
3755 1102
3759 1112
3765 1120
3770 1129
3775 1138
3780 1147
3784 1157
3785 1167
3793 1174
3802 1169
3812 1169
3817 1159
3819 1147
3827 1139
3837 1139
3847 1139
3856 1144
3860 1154
3870 1154
3880 1154
3889 1159
3895 1167
3895 1177
3899 1187
3895 1205
3890 1215
3895 1224
3900 1233
3905 1242
3905 1252
3903 1263
3898 1273
3893 1283
3885 1290
3875 1295
3865 1300
3855 1297
3845 1295
3835 1300
3825 1305
3815 1305
3805 1305
3795 1310
3785 1310
3785 1320
3780 1335
3780 1345
3775 1355
3770 1365
3765 1380
3760 1395
3755 1405
3748 1418
3743 1428
3738 1438
3733 1448
3725 1455
3718 1463
3710 1470
3704 1480
3695 1485
3688 1493
3680 1500
3672 1509
3662 1514
3657 1524
3647 1525
3639 1532
3629 1537
3619 1542
3609 1547
3599 1552
3589 1555
3580 1560
3570 1560
3560 1565
3551 1570
3541 1570
3531 1570
3522 1575
3512 1575
3502 1575
3492 1575
3482 1575
3472 1575
3463 1580
3454 1585
3445 1590
3435 1595
3425 1600
3416 1605
3407 1610
3397 1614
3387 1615
3378 1620
3368 1623
3358 1628
3348 1633
3338 1635
3328 1638
3318 1640
3308 1640
3299 1645
3289 1645
3280 1650
3270 1650
3261 1645
3251 1645
3241 1645
3231 1645
3221 1643
3211 1640
3201 1640
3192 1635
3182 1635
3173 1630
3163 1630
3154 1625
3144 1622
3135 1617
3125 1615
3116 1610
3107 1605
3097 1604
3089 1597
3080 1592
3070 1588
3064 1580
3054 1577
3047 1569
3039 1562
3030 1557
3022 1550
3018 1540
3009 1535
3001 1529
2994 1521
2989 1512
2982 1504
2974 1497
2970 1487
2962 1480
2959 1470
2954 1461
2949 1452
2944 1443
2939 1434
2937 1424
2927 1420
2917 1420
2907 1420
2897 1420
2887 1420
2877 1420
2867 1420
2857 1420
2847 1420
2837 1420
2827 1420
2817 1420
2807 1420
2797 1420
2787 1424
2777 1425
2767 1425
2758 1420
2748 1420
2738 1420
2728 1420
2718 1420
2708 1420
2698 1420
2688 1420
2678 1420
2668 1420
2658 1420
2648 1420
2638 1420
2628 1420
2618 1420
2608 1420
2598 1420
2588 1420
2578 1420
2568 1420
2558 1420
2548 1420
2538 1420
2528 1423
2518 1425
2508 1425
2498 1425
2488 1428
2478 1430
2468 1430
2458 1430
2448 1430
2438 1433
2428 1435
2418 1435
2409 1440
2399 1440
2390 1435
2380 1440
2370 1440
2360 1440
2350 1440
2340 1440
2330 1440
2320 1440
2310 1445
2300 1442
2290 1440
2281 1445
2271 1445
2261 1445
2252 1440
2243 1445
2233 1445
2223 1445
2213 1445
2203 1445
2193 1445
2183 1445
2174 1440
2164 1440
2154 1440
2144 1440
2134 1440
2125 1445
2115 1445
2106 1440
2097 1445
2087 1445
2078 1440
2068 1443
2058 1445
2048 1445
2039 1440
2029 1440
2020 1445
2010 1445
2000 1445
1990 1445
1980 1445
1970 1445
1960 1445
1950 1445
1940 1445
1930 1445
1920 1445
1910 1445
1900 1445
1890 1445
1880 1445
1870 1445
1860 1445
1850 1445
1840 1445
1830 1445
1820 1445
1810 1445
1800 1445
1790 1445
1780 1445
1770 1445
1760 1445
1750 1445
1740 1445
1730 1445
1720 1445
1710 1445
1700 1445
1690 1445
1680 1445
1670 1445
1660 1445
1650 1445
1640 1445
1630 1445
1620 1445
1610 1445
1600 1445
1590 1445
1580 1445
1570 1445
1560 1445
1550 1445
1540 1445
1530 1445
1520 1445
1510 1445
1500 1445
1490 1445
1480 1445
1470 1445
1460 1445
1450 1445
1440 1445
1430 1445
1420 1445
1410 1445
1400 1445
1390 1445
1380 1445
1370 1445
1360 1445
1350 1445
1340 1445
1330 1445
1320 1445
1310 1445
1300 1445
1290 1445
1280 1445
1270 1445
1260 1445
1250 1445
1240 1445
1230 1445
1220 1445
1210 1445
1200 1445
1193 1458
1185 1465
1180 1475
1173 1483
1165 1490
1158 1498
1150 1505
1140 1510
1130 1520
1120 1525
1114 1535
1105 1540
1096 1545
1087 1550
1077 1554
1067 1559
1059 1565
1049 1565
1040 1570
1030 1570
1020 1575
1010 1575
1001 1580
991 1580
981 1580
972 1585
962 1585
952 1585
942 1585
932 1585
922 1585
912 1585
902 1585
892 1585
882 1585
872 1589
864 1595
855 1600
845 1605
836 1610
827 1615
818 1620
808 1620
799 1625
790 1630
780 1635
770 1640
760 1645
750 1650
740 1650
730 1655
721 1660
711 1660
701 1660
692 1655
682 1655
672 1655
663 1660
653 1660
643 1660
633 1660
623 1660
613 1660
603 1660
593 1660
583 1660
573 1660
563 1660
553 1660
543 1660
534 1655
525 1650
516 1645
507 1640
498 1635
489 1630
481 1624
472 1619
464 1612
457 1604
449 1597
442 1589
437 1580
433 1570
425 1563
419 1555
411 1549
404 1541
399 1532
392 1524
384 1517
380 1507
375 1498
369 1490
367 1480
360 1472
355 1463
349 1455
345 1445
336 1450
326 1450
316 1450
306 1450
296 1450
286 1450
276 1450
266 1448
256 1445
246 1445
236 1445
226 1445
216 1445
206 1445
196 1445
186 1445
177 1440
167 1439
157 1435
148 1430
138 1430
129 1425
121 1419
114 1411
106 1405
97 1400
90 1392
82 1385
78 1375
69 1370
60 1365
54 1357
49 1348
45 1338
44 1328
41 1318
35 1310
25 1310
19 1302
19 1292
29 1289
34 1279
32 1269
27 1260
24 1250
24 1240
19 1231
19 1221
19 1211
19 1201
14 1192
14 1182
14 1172
14 1162
14 1152
14 1142
14 1132
14 1122
14 1112
14 1102
14 1092
14 1082
14 1072
14 1062
