50 1626
50 1616
55 1606
60 1596
68 1589
70 1576
75 1566
85 1561
93 1554
103 1549
113 1544
120 1536
124 1521
120 1511
120 1501
120 1491
120 1481
125 1466
125 1456
133 1449
138 1439
145 1431
155 1426
163 1420
173 1419
183 1415
193 1414
203 1414
213 1414
223 1415
232 1420
241 1425
251 1425
261 1425
271 1420
281 1415
291 1410
300 1405
309 1400
318 1395
327 1390
336 1385
346 1385
355 1380
364 1375
373 1380
382 1385
392 1385
402 1385
411 1380
421 1375
431 1375
441 1370
450 1365
460 1365
470 1365
480 1365
490 1365
500 1368
508 1375
517 1380
524 1388
529 1397
530 1407
535 1416
538 1426
540 1436
540 1446
545 1455
550 1464
555 1473
560 1482
565 1491
571 1499
575 1509
580 1518
589 1523
597 1530
604 1538
614 1541
623 1546
630 1554
638 1560
647 1565
656 1570
666 1574
674 1581
680 1589
685 1598
690 1607
695 1616
701 1624
705 1634
713 1640
722 1645
730 1631
730 1621
735 1612
735 1602
730 1593
725 1584
719 1576
715 1566
710 1557
705 1548
698 1540
695 1530
690 1521
695 1506
695 1496
700 1486
708 1479
715 1471
725 1466
733 1460
742 1455
751 1450
761 1445
771 1440
781 1440
791 1440
801 1440
810 1445
820 1448
829 1453
839 1455
849 1456
859 1456
869 1460
879 1460
889 1460
899 1458
906 1450
910 1433
910 1423
910 1413
905 1404
905 1394
901 1384
898 1374
890 1368
884 1360
876 1353
866 1350
857 1345
847 1345
838 1350
828 1350
818 1350
808 1353
798 1355
788 1355
778 1358
768 1358
758 1358
748 1360
739 1355
731 1348
721 1344
712 1339
702 1335
693 1330
684 1325
675 1320
666 1315
658 1309
650 1302
643 1294
635 1288
629 1280
621 1273
616 1264
609 1256
605 1246
600 1237
595 1228
590 1219
585 1210
585 1200
585 1190
585 1180
585 1170
585 1160
585 1150
585 1140
583 1130
580 1120
578 1110
575 1100
573 1090
570 1080
570 1070
570 1060
565 1051
565 1041
565 1031
564 1021
560 1011
560 1001
560 991
560 981
560 971
565 956
565 946
570 931
578 924
583 915
590 901
598 894
608 889
615 881
620 871
628 864
638 859
648 854
655 846
665 845
675 845
685 845
695 843
705 843
715 845
725 845
734 850
743 855
752 860
761 865
770 870
778 876
785 884
793 890
799 898
807 905
814 913
820 921
829 926
839 925
849 925
859 925
868 930
878 930
888 930
897 935
907 935
916 940
926 944
935 949
945 953
954 958
962 965
969 973
977 980
984 988
990 996
995 1005
1000 1014
1005 1023
1010 1032
1016 1040
1020 1050
1021 1060
1025 1070
1025 1080
1025 1090
1020 1100
1020 1110
1021 1120
1018 1133
1010 1140
1010 1150
1005 1160
1000 1175
995 1190
988 1203
980 1210
981 1220
986 1229
994 1235
1004 1235
1014 1236
1024 1240
1033 1245
1043 1245
1053 1245
1063 1245
1072 1250
1081 1255
1091 1255
1101 1255
1111 1255
1120 1250
1130 1250
1139 1245
1148 1239
1155 1231
1155 1221
1155 1211
1155 1201
1160 1191
1160 1181
1160 1171
1160 1161
1160 1151
1160 1141
1160 1131
1160 1121
1165 1111
1165 1101
1173 1094
1178 1084
1188 1079
1195 1066
1195 1056
1203 1050
1212 1045
1221 1040
1231 1035
1240 1030
1250 1030
1258 1036
1268 1039
1278 1035
1287 1040
1296 1045
1306 1045
1316 1049
1326 1050
1335 1055
1345 1055
1355 1051
1365 1050
1374 1045
1384 1043
1394 1038
1401 1030
1406 1020
1410 1006
1410 996
1415 981
1420 968
1420 958
1420 948
1414 940
1404 940
1395 945
1385 950
1382 969
1374 975
1365 980
1355 985
1345 990
1336 995
1326 995
1316 995
1306 995
1296 995
1288 989
1280 982
1273 974
1263 970
1254 965
1246 959
1239 951
1231 945
1222 940
1213 935
1203 935
1193 935
1184 930
1174 930
1165 935
1155 931
1145 930
1136 925
1128 919
1118 915
1110 909
1101 904
1095 896
1090 887
1085 878
1080 869
1075 860
1070 851
1069 841
1065 831
1070 821
1070 811
1070 801
1075 786
1075 776
1080 766
1080 756
1085 740
1085 730
1085 720
1080 711
1080 700
1075 691
1075 681
1070 672
1065 663
1060 654
1054 646
1050 636
1055 626
1060 616
1065 606
1065 596
1073 589
1078 579
1080 561
1085 551
1085 541
1080 532
1075 523
1071 513
1065 505
1060 496
1060 486
1064 476
1060 466
1068 459
1070 441
1078 434
1085 426
1093 419
1098 409
1095 396
1090 387
1085 378
1080 369
1074 361
1070 351
1070 341
1070 331
1070 321
1070 311
1070 301
1069 291
1065 281
1070 271
1075 261
1080 246
1085 236
1090 226
1095 216
1103 209
1110 201
1118 194
1125 186
1135 181
1145 176
1155 175
1164 170
1174 170
1183 165
1192 160
1201 155
1211 155
1221 155
1231 155
1241 155
1250 160
1259 165
1268 160
1278 160
1284 168
1294 171
1300 179
1308 185
1314 193
1322 200
1326 210
1334 216
1340 224
1350 228
1358 235
1367 240
1371 250
1381 254
1389 261
1395 269
1403 275
1413 275
1423 275
1433 275
1443 275
1452 280
1461 285
1471 285
1480 290
1488 296
1495 304
1503 310
1506 320
1511 329
1515 339
1520 348
1520 358
1524 368
1532 375
1541 370
1551 370
1560 375
1570 375
1580 375
1589 380
1599 380
1608 385
1614 393
1622 400
1629 408
1637 415
1644 423
1650 431
1656 439
1660 449
1665 458
1665 468
1673 475
1675 485
1676 495
1681 504
1689 511
1693 521
1698 530
1701 540
1709 546
1713 556
1718 565
1721 575
1729 581
1733 591
1738 600
1741 610
1749 616
1750 626
1750 636
1755 645
1750 660
1745 675
1745 685
1738 693
1733 703
1725 710
1720 725
1715 735
1715 745
1710 755
1705 765
1705 775
1698 788
1690 795
1691 805
1690 815
1680 820
1670 825
1663 833
1655 840
1648 853
1638 858
1630 865
1635 874
1643 880
1649 888
1657 895
1667 895
1676 890
1686 890
1696 890
1706 894
1716 895
1726 895
1736 890
1744 883
1749 873
1750 861
1750 851
1755 841
1760 831
1760 821
1768 814
1770 796
1778 789
1785 776
1793 769
1803 764
1813 759
1823 754
1833 754
1843 750
1853 750
1859 758
1867 765
1876 770
1886 774
1895 779
1903 785
1912 790
1919 798
1927 805
1934 813
1942 820
1951 825
1960 830
1970 826
1980 821
1990 816
1998 809
2005 801
2010 786
2010 776
2010 766
2015 752
2010 743
2010 733
2010 723
2010 713
2004 705
1994 707
1984 710
1974 710
1964 710
1954 710
1944 710
1934 710
1924 710
1914 710
1905 705
1895 705
1886 700
1876 698
1866 694
1859 686
1850 681
1840 677
1833 669
1825 662
1818 654
1810 648
1804 640
1796 634
1793 624
1788 615
1784 605
1776 599
1775 589
1770 580
1770 570
1765 561
1765 551
1765 541
1765 531
1770 516
1770 506
1775 496
1780 486
1785 476
1785 466
1793 459
1800 451
1805 436
1805 426
1815 421
1823 415
1832 410
1841 405
1851 400
1851 384
1845 376
1840 367
1835 358
1830 349
1825 340
1824 330
1819 321
1815 311
1815 301
1815 291
1815 281
1820 266
1825 256
1833 249
1838 239
1845 226
1855 216
1863 209
1873 204
1883 199
1890 191
1900 186
1910 181
1920 176
1930 175
1940 175
1950 175
1960 171
1970 175
1980 175
1990 175
2000 175
2009 180
2019 181
2028 186
2035 194
2045 198
2054 203
2062 210
2069 218
2077 225
2084 233
2090 241
2095 250
2100 259
2105 268
2110 277
2110 287
2115 296
2118 306
2120 316
2123 326
2133 330
2143 330
2152 335
2161 340
2171 340
2180 345
2190 345
2198 351
2205 359
2213 365
2222 370
2229 378
2237 385
2241 395
2246 404
2254 411
2258 421
2263 430
2266 440
2274 446
2278 456
2280 466
2280 476
2280 486
2280 496
2280 506
2275 520
2270 530
2265 540
2260 550
2253 563
2248 573
2240 580
2235 590
2228 598
2220 605
2213 613
2205 620
2198 628
2190 635
2185 645
2185 655
2185 665
2186 675
2191 684
2195 694
2195 704
2195 714
2200 723
2205 732
2211 740
2221 740
2230 745
2240 748
2249 753
2259 755
2268 750
2278 750
2288 750
2297 745
2307 745
2315 736
2323 729
2330 716
2330 706
2330 696
2338 689
2345 681
2345 671
2353 665
2362 660
2371 655
2379 648
2386 640
2395 635
2404 630
2413 624
2420 616
2430 611
2438 604
2448 599
2455 591
2463 584
2465 571
2470 560
2470 550
2465 541
2460 532
2455 523
2449 515
2444 506
2440 496
2440 486
2440 476
2445 466
2450 456
2450 446
2460 441
2468 434
2475 426
2483 419
2490 411
2500 406
2510 401
2518 395
2527 390
2530 376
2530 366
2530 356
2535 341
2540 331
2548 324
2553 315
2562 310
2570 301
2580 296
2590 291
2598 285
2607 280
2611 270
2616 260
2625 251
2630 241
2630 231
2638 224
2645 211
2653 204
2663 199
2670 191
2680 186
2690 181
2700 176
2708 170
2717 165
2726 160
2736 155
2746 155
2756 155
2766 155
2776 155
2786 155
2796 150
2806 150
2816 150
2826 150
2836 154
2846 155
2856 159
2865 164
2870 173
2875 182
2881 190
2886 199
2890 209
2895 218
2900 227
2906 235
2911 244
2915 254
2923 260
2926 270
2931 279
2935 289
2940 298
2940 308
2940 318
2945 327
2945 337
2945 347
2945 357
2940 375
2938 393
2930 400
2922 409
2917 419
2908 425
2899 430
2890 435
2881 440
2871 440
2861 440
2851 440
2842 435
2832 434
2823 429
2815 423
2808 415
2799 410
2790 415
2795 424
2795 434
2795 444
2795 454
2795 464
2795 475
2790 485
2791 495
2796 504
2804 511
2805 521
2810 530
2810 540
2815 549
2815 559
2820 568
2820 578
2824 588
2825 598
2830 607
2830 617
2825 635
2825 645
2820 655
2818 668
2810 675
2803 683
2798 693
2790 700
2785 715
2785 725
2780 735
2780 745
2778 763
2770 770
2770 780
2765 790
2760 800
2760 810
2755 820
2755 830
2750 840
2745 850
2745 860
2740 870
2735 880
2730 895
2725 905
2720 915
2720 925
2715 940
2715 950
2715 960
2720 969
2720 979
2725 988
2725 998
2729 1008
2735 1016
2740 1025
2745 1034
2750 1043
2754 1053
2760 1061
2765 1070
2770 1079
2775 1088
2783 1095
2789 1103
2794 1112
2800 1120
2805 1129
2810 1138
2810 1148
2810 1158
2805 1175
2800 1190
2800 1200
2795 1210
2795 1220
2790 1230
2785 1240
2780 1255
2780 1265
2780 1275
2780 1285
2785 1294
2785 1304
2790 1313
2795 1322
2795 1332
2800 1341
2805 1350
2805 1360
2806 1370
2810 1380
2810 1390
2805 1400
2806 1410
2805 1420
2805 1430
2800 1440
2800 1450
2795 1460
2795 1470
2800 1479
2805 1488
2809 1498
2810 1508
2814 1518
2815 1528
2819 1538
2820 1548
2828 1555
2831 1565
2836 1574
2840 1584
2840 1594
2848 1600
2850 1610
2850 1620
2855 1629
2855 1639
2855 1649
2860 1658
2860 1668
2868 1675
2870 1685
2871 1695
2875 1705
2875 1715
2870 1725
2870 1735
2865 1750
2860 1760
2865 1769
2858 1783
2850 1790
2850 1800
2843 1808
2835 1815
2828 1823
2820 1830
2813 1843
2805 1850
2798 1858
2790 1865
2783 1873
2775 1880
2765 1885
2758 1893
2750 1900
2740 1905
2733 1913
2725 1920
2715 1925
2708 1933
2700 1940
2693 1948
2685 1955
2675 1960
2668 1968
2660 1975
2650 1980
2643 1988
2635 1995
2625 2000
2618 2008
2608 2013
2600 2020
2592 2029
2582 2034
2572 2039
2562 2044
2553 2050
2544 2055
2535 2060
2525 2065
2515 2070
2505 2075
2497 2084
2487 2089
2477 2094
2467 2099
2459 2105
2450 2110
2441 2115
2432 2120
2423 2125
2414 2130
2405 2135
2395 2140
2385 2145
2375 2150
2367 2159
2357 2164
2347 2169
2337 2174
2329 2180
2320 2185
2311 2190
2302 2195
2293 2200
2284 2205
2275 2210
2265 2215
2255 2220
2245 2225
2237 2234
2227 2239
2217 2244
2207 2249
2199 2255
2190 2260
2181 2265
2172 2270
2163 2275
2154 2280
2145 2285
2135 2290
2125 2295
2115 2300
2107 2309
2097 2314
2087 2319
2077 2324
2068 2330
2059 2335
2050 2340
2040 2345
2030 2350
2020 2355
2013 2363
2003 2368
1993 2373
1983 2378
1973 2383
1963 2385
1954 2390
1945 2395
1935 2395
1925 2400
1915 2405
1905 2410
1898 2418
1888 2420
1878 2423
1868 2428
1858 2430
1849 2435
1840 2440
1830 2440
1821 2445
1811 2445
1802 2450
1792 2454
1782 2455
1773 2460
1764 2465
1754 2465
1745 2470
1735 2475
1726 2480
1716 2480
1707 2485
1698 2490
1688 2490
1679 2495
1669 2495
1660 2500
1650 2500
1640 2505
1632 2514
1622 2515
1612 2515
1602 2515
1592 2515
1583 2520
1573 2523
1563 2525
1553 2525
1543 2528
1533 2530
1524 2535
1514 2537
1504 2540
1494 2540
1484 2540
1474 2540
1465 2545
1455 2545
1445 2545
1435 2545
1425 2546
1415 2545
1405 2545
1396 2540
1386 2538
1376 2534
1367 2529
1357 2525
1347 2525
1338 2520
1328 2520
1319 2515
1309 2515
1300 2510
1291 2505
1281 2503
1271 2499
1265 2491
1255 2488
1248 2480
1244 2470
1236 2464
1233 2454
1228 2445
1225 2435
1220 2426
1215 2417
1210 2408
1206 2398
1201 2389
1195 2381
1195 2371
1193 2355
1189 2345
1181 2339
1174 2331
1165 2326
1157 2319
1152 2310
1142 2310
1133 2305
1124 2300
1114 2300
1104 2300
1095 2295
1085 2291
1075 2288
1068 2280
1064 2270
1059 2261
1055 2251
1055 2241
1055 2231
1055 2221
1061 2208
1055 2200
1054 2190
1046 2184
1043 2174
1035 2168
1035 2158
1028 2150
1019 2145
1010 2140
1000 2140
990 2145
980 2145
970 2145
960 2150
950 2150
940 2146
930 2145
920 2141
910 2138
904 2130
896 2123
891 2114
888 2104
880 2098
876 2088
871 2079
865 2071
860 2062
855 2053
851 2043
845 2035
840 2026
835 2017
830 2008
824 2000
816 1994
813 1984
805 1977
800 1968
794 1960
786 1953
776 1949
770 1941
762 1935
753 1930
743 1930
733 1929
723 1925
713 1924
703 1920
694 1915
684 1915
675 1910
665 1908
658 1900
649 1895
639 1895
629 1895
621 1889
615 1881
605 1880
596 1875
587 1870
578 1865
569 1860
560 1855
550 1853
544 1845
535 1840
525 1840
516 1835
506 1835
497 1830
488 1835
479 1840
469 1840
460 1835
450 1835
440 1831
430 1828
424 1820
416 1814
410 1806
405 1797
398 1789
393 1780
389 1770
381 1764
378 1754
370 1747
363 1739
358 1730
348 1729
338 1725
328 1725
318 1725
308 1725
298 1725
288 1728
280 1735
275 1745
270 1755
270 1765
265 1775
258 1783
248 1788
240 1795
233 1803
223 1808
213 1810
203 1813
193 1815
183 1815
173 1815
163 1815
153 1815
143 1815
134 1810
124 1806
116 1800
108 1794
100 1787
95 1778
89 1770
84 1761
80 1751
75 1742
70 1733
70 1723
65 1714
65 1704
65 1694
65 1684
60 1675
58 1665
55 1655
50 1646
50 1636
