284 412
284 402
289 392
297 384
302 374
310 366
320 361
330 356
340 354
349 349
359 349
368 344
378 344
388 344
398 344
407 339
417 339
427 339
437 339
447 339
457 339
467 339
476 334
486 334
496 334
506 334
516 334
526 334
536 334
546 334
556 334
566 334
576 334
586 330
596 329
606 329
616 329
626 329
636 329
646 329
656 329
666 329
676 329
686 329
696 329
706 329
716 329
726 329
736 329
746 329
756 329
766 329
776 329
786 329
796 329
806 329
815 334
825 334
835 334
845 334
855 334
864 329
874 329
884 329
894 329
904 329
914 329
924 329
934 329
944 329
954 329
964 329
974 331
984 334
994 334
1004 334
1014 334
1024 334
1034 334
1044 334
1054 336
1064 339
1074 341
1084 344
1094 346
1104 349
1112 355
1120 362
1127 370
1135 377
1140 386
1145 395
1145 405
1145 415
1145 425
1145 435
1145 445
1145 455
1147 465
1152 474
1159 482
1167 489
1176 494
1185 499
1195 499
1204 494
1214 494
1224 494
1233 489
1243 489
1253 489
1263 489
1273 489
1283 489
1293 490
1303 494
1313 495
1323 499
1332 504
1342 504
1349 512
1359 516
1365 524
1373 530
1382 535
1387 544
1394 552
1402 559
1409 567
1414 576
1418 586
1423 595
1427 605
1432 614
1435 624
1440 633
1440 643
1445 652
1445 662
1450 671
1450 681
1453 691
1455 701
1455 711
1455 721
1460 730
1460 740
1460 750
1462 760
1465 770
1465 780
1465 790
1465 800
1465 810
1465 820
1465 830
1465 840
1465 850
1465 860
1465 870
1465 880
1465 890
1465 900
1465 910
1465 920
1460 930
1460 940
1460 950
1460 960
1455 975
1455 985
1455 995
1450 1010
1450 1020
1445 1035
1445 1045
1440 1060
1440 1070
1435 1080
1435 1090
1430 1100
1425 1115
1420 1125
1418 1138
1413 1148
1408 1158
1400 1165
1395 1175
1388 1188
1380 1195
1373 1208
1363 1213
1355 1220
1347 1229
1339 1235
1330 1240
1320 1240
1311 1245
1302 1250
1292 1254
1282 1259
1272 1260
1262 1260
1253 1265
1243 1265
1233 1265
1223 1265
1213 1265
1203 1265
1193 1265
1184 1260
1174 1260
1164 1260
1154 1262
1144 1262
1144 1252
1144 1242
1144 1232
1144 1222
1149 1212
1149 1202
1149 1192
1149 1182
1149 1172
1149 1162
1149 1152
1149 1142
1154 1127
1154 1117
1154 1107
1154 1097
1164 1106
1168 1116
1175 1124
1183 1130
1187 1140
1192 1149
1199 1157
1205 1165
1210 1174
1220 1177
1228 1184
1237 1189
1247 1189
1257 1189
1267 1189
1277 1189
1286 1184
1296 1180
1306 1175
1316 1170
1324 1162
1332 1154
1340 1146
1345 1136
1353 1129
1357 1119
1359 1107
1364 1092
1369 1077
1374 1062
1374 1052
1379 1037
1379 1027
1384 1017
1384 1007
1384 997
1389 982
1389 972
1389 962
1394 947
1394 937
1394 927
1394 917
1394 907
1399 896
1399 886
1399 876
1399 866
1399 856
1399 846
1399 836
1399 826
1399 816
1399 806
1399 796
1394 787
1394 777
1394 767
1394 757
1394 747
1389 738
1389 728
1389 718
1385 708
1384 698
1380 688
1379 678
1375 668
1374 658
1370 648
1369 638
1364 629
1359 620
1354 611
1349 602
1342 594
1337 585
1328 580
1320 573
1314 565
1304 562
1295 557
1285 555
1275 555
1265 555
1255 555
1245 560
1235 565
1228 573
1220 580
1213 588
1205 595
1200 605
1195 620
1190 630
1185 640
1175 645
1170 660
1165 675
1160 685
1155 695
1150 710
1145 725
1140 740
1140 750
1140 760
1135 775
1135 785
1135 795
1135 805
1135 815
1135 825
1135 835
1135 845
1135 855
1135 865
1135 875
1135 885
1130 895
1130 905
1130 915
1130 925
1130 935
1130 945
1125 960
1125 970
1127 980
1130 990
1130 1000
1130 1010
1130 1020
1130 1030
1130 1040
1130 1050
1130 1060
1130 1070
1130 1080
1130 1090
1130 1100
1130 1110
1130 1120
1125 1130
1125 1140
1125 1150
1125 1160
1125 1170
1125 1180
1125 1190
1125 1200
1120 1210
1120 1220
1120 1230
1120 1240
1120 1250
1120 1260
1120 1270
1120 1280
1115 1290
1115 1300
1115 1310
1115 1320
1115 1330
1115 1340
1115 1350
1115 1360
1115 1370
1115 1380
1115 1390
1115 1400
1115 1415
1115 1425
1115 1435
1113 1448
1108 1458
1103 1468
1095 1475
1088 1488
1080 1495
1073 1503
1065 1510
1055 1515
1048 1523
1040 1530
1031 1535
1022 1540
1014 1547
1004 1552
994 1557
984 1560
975 1565
966 1570
956 1570
947 1575
937 1579
927 1580
917 1584
907 1585
897 1585
888 1590
878 1590
868 1593
858 1595
848 1595
838 1598
828 1600
818 1600
808 1600
798 1603
788 1605
778 1605
768 1605
758 1605
748 1605
738 1608
728 1610
718 1610
708 1610
698 1610
688 1610
679 1605
669 1605
659 1605
649 1605
639 1605
629 1605
619 1605
610 1600
600 1600
590 1600
581 1595
571 1595
561 1595
552 1590
542 1590
532 1589
522 1585
512 1585
503 1580
494 1575
484 1575
475 1570
465 1567
455 1565
446 1560
437 1555
428 1550
419 1545
409 1542
402 1534
394 1527
385 1522
379 1514
374 1505
366 1499
359 1491
354 1482
349 1473
344 1464
341 1454
339 1444
334 1435
334 1425
334 1415
334 1405
334 1395
334 1385
334 1375
329 1366
329 1356
329 1346
329 1336
329 1326
329 1316
329 1306
329 1296
324 1287
324 1277
324 1267
324 1257
319 1248
319 1238
319 1228
319 1218
319 1208
314 1199
314 1189
314 1179
314 1169
314 1159
311 1149
309 1139
309 1129
309 1119
309 1109
309 1099
309 1089
309 1079
309 1069
306 1059
304 1049
304 1039
304 1029
304 1019
304 1009
304 999
304 989
304 979
304 969
304 959
299 950
299 940
299 930
299 920
299 910
299 900
299 890
297 880
294 870
294 860
294 850
294 840
294 830
294 820
294 810
294 800
294 790
294 780
294 770
294 760
294 750
294 740
294 730
294 720
294 710
289 701
289 691
289 681
289 671
289 661
289 651
289 641
289 631
289 621
289 611
289 601
289 591
289 581
289 571
284 562
284 552
284 542
284 532
284 522
284 512
284 502
284 492
284 482
284 472
284 462
284 452
284 442
284 432
284 422
