254 377
254 367
259 357
267 349
276 344
285 339
295 339
304 334
314 334
323 329
333 329
343 329
352 324
362 324
372 319
382 319
392 319
402 319
412 319
422 319
432 314
442 314
452 314
461 309
471 309
481 309
491 309
501 309
511 309
521 305
531 304
541 304
551 304
561 304
571 304
581 304
591 304
601 304
611 304
621 304
631 304
640 299
650 299
660 299
670 299
680 299
690 299
700 299
710 299
720 299
730 299
740 299
750 299
759 294
769 294
779 294
789 294
799 294
809 294
819 294
829 294
839 294
849 294
859 294
868 289
878 289
888 289
898 289
908 289
918 289
928 289
938 289
948 289
958 289
968 289
978 289
988 289
998 289
1008 289
1018 289
1028 289
1037 294
1047 294
1057 294
1067 294
1077 294
1087 294
1097 294
1107 294
1117 289
1127 289
1136 284
1146 284
1156 284
1166 284
1176 284
1186 284
1196 284
1206 284
1216 284
1226 284
1236 284
1245 289
1254 294
1263 299
1273 299
1282 304
1291 309
1300 314
1308 320
1312 330
1315 340
1317 350
1320 360
1315 370
1315 380
1317 390
1322 399
1331 404
1341 404
1350 399
1359 392
1367 384
1376 379
1385 374
1395 374
1405 371
1415 369
1425 369
1435 369
1445 369
1454 364
1464 366
1474 369
1484 369
1494 369
1504 369
1514 369
1524 369
1534 371
1543 376
1550 384
1559 389
1568 394
1577 399
1586 404
1595 409
1603 415
1610 423
1618 430
1625 438
1630 447
1637 455
1642 464
1645 474
1650 483
1655 492
1660 501
1660 511
1660 521
1660 531
1660 541
1660 551
1660 561
1660 571
1660 581
1655 590
1655 600
1650 610
1650 620
1650 630
1645 640
1645 650
1640 660
1638 673
1633 683
1625 690
1620 700
1615 715
1610 725
1603 738
1595 745
1588 758
1580 765
1572 774
1564 782
1559 792
1551 800
1542 805
1533 810
1524 815
1515 820
1508 828
1500 835
1493 843
1485 850
1477 864
1468 870
1459 875
1450 880
1443 888
1435 895
1435 905
1430 915
1426 925
1417 930
1408 935
1398 935
1388 938
1380 945
1373 953
1368 963
1360 970
1355 980
1350 990
1344 1000
1334 997
1334 987
1334 977
1334 967
1334 957
1334 947
1339 932
1339 922
1339 912
1339 902
1339 892
1344 882
1344 872
1344 862
1344 852
1349 842
1357 834
1365 826
1375 821
1385 816
1393 809
1402 804
1410 796
1420 791
1428 784
1437 779
1445 771
1453 764
1462 759
1470 751
1475 741
1483 734
1492 729
1500 721
1508 714
1515 706
1523 699
1527 689
1534 677
1539 667
1544 657
1549 647
1554 637
1559 627
1564 617
1569 607
1569 597
1569 587
1574 574
1574 564
1571 554
1569 544
1569 534
1564 525
1562 515
1558 505
1550 498
1543 490
1535 483
1529 475
1520 470
1511 465
1502 460
1492 459
1482 455
1472 455
1462 455
1452 455
1442 455
1433 460
1423 463
1413 468
1403 473
1393 478
1385 485
1378 493
1370 500
1365 510
1360 520
1355 535
1350 550
1345 565
1340 580
1335 590
1328 598
1320 605
1315 615
1315 625
1310 640
1310 650
1310 660
1310 670
1310 680
1310 690
1310 700
1310 710
1310 720
1310 730
1310 740
1310 750
1310 760
1310 770
1310 780
1310 790
1310 800
1310 810
1310 820
1310 830
1310 840
1310 850
1310 860
1310 870
1310 880
1310 890
1310 900
1310 910
1310 920
1310 930
1310 940
1310 950
1310 960
1310 970
1310 980
1310 990
1305 1000
1305 1010
1305 1020
1305 1030
1305 1040
1305 1050
1300 1060
1300 1070
1300 1080
1300 1090
1300 1100
1300 1110
1295 1120
1295 1130
1295 1140
1290 1155
1285 1165
1278 1173
1270 1180
1260 1185
1252 1194
1244 1200
1235 1205
1225 1210
1215 1215
1206 1220
1197 1225
1188 1230
1179 1235
1170 1240
1160 1240
1151 1245
1141 1245
1132 1250
1122 1254
1112 1255
1103 1260
1093 1260
1083 1263
1073 1265
1063 1265
1054 1270
1044 1272
1034 1275
1024 1275
1014 1275
1004 1277
994 1280
984 1280
974 1280
964 1280
954 1282
944 1285
934 1285
924 1285
915 1290
905 1290
895 1290
885 1290
876 1295
866 1295
856 1295
846 1295
836 1295
826 1295
816 1295
806 1295
796 1295
786 1295
776 1295
766 1295
756 1295
746 1295
736 1295
726 1295
716 1295
706 1295
696 1295
686 1295
676 1295
666 1293
656 1290
646 1290
636 1290
626 1290
617 1285
607 1285
597 1285
587 1285
577 1284
567 1280
557 1280
547 1280
537 1280
528 1275
518 1275
508 1275
499 1270
489 1270
479 1270
470 1265
460 1265
451 1260
442 1255
433 1250
423 1250
414 1245
405 1240
397 1234
387 1230
378 1225
369 1220
360 1215
351 1210
342 1205
333 1200
325 1193
318 1185
310 1178
304 1170
299 1161
299 1151
294 1142
294 1132
299 1117
304 1102
304 1092
309 1080
309 1070
309 1060
309 1050
309 1040
309 1030
309 1020
309 1010
309 1000
307 990
304 980
304 970
304 960
304 950
304 940
304 930
304 920
304 910
304 900
304 890
299 881
299 871
299 861
299 851
299 841
299 831
294 822
294 812
294 802
289 793
289 783
289 773
285 763
284 753
279 744
279 734
279 724
279 714
279 704
279 694
274 685
274 675
274 665
274 655
274 645
274 635
274 625
274 615
272 605
269 595
269 585
269 575
269 565
269 555
269 545
267 535
264 525
264 515
264 505
264 495
264 485
259 476
259 466
259 456
259 446
259 436
259 426
259 416
259 406
254 397
254 387
