394 2417
394 2427
404 2425
414 2422
424 2420
433 2415
442 2410
452 2409
462 2404
472 2400
481 2395
490 2390
500 2385
510 2380
520 2380
529 2375
538 2370
547 2365
556 2360
565 2355
575 2350
585 2345
595 2340
605 2335
615 2330
625 2325
635 2320
645 2315
655 2310
665 2305
675 2300
685 2295
695 2290
705 2285
715 2280
725 2275
735 2270
745 2265
755 2260
765 2255
775 2255
784 2250
793 2245
802 2240
811 2235
821 2235
830 2230
839 2225
849 2222
859 2217
869 2215
878 2210
888 2208
898 2205
907 2200
917 2199
927 2195
937 2194
947 2190
956 2185
966 2185
976 2185
985 2180
995 2180
1004 2175
1014 2175
1024 2175
1033 2170
1043 2170
1053 2170
1063 2170
1072 2165
1082 2165
1092 2165
1100 2172
1107 2180
1117 2184
1126 2189
1134 2195
1143 2200
1152 2205
1161 2210
1170 2215
1179 2220
1188 2225
1197 2230
1207 2234
1216 2239
1226 2240
1235 2245
1244 2250
1253 2255
1263 2255
1272 2260
1281 2265
1291 2268
1301 2270
1310 2275
1320 2277
1330 2280
1339 2285
1348 2290
1358 2290
1367 2295
1377 2295
1387 2299
1397 2300
1406 2305
1416 2305
1425 2310
1435 2310
1444 2315
1454 2315
1464 2315
1473 2320
1483 2320
1492 2325
1502 2324
1512 2325
1522 2325
1532 2325
1542 2325
1552 2325
1562 2325
1572 2325
1582 2325
1592 2324
1602 2324
1612 2320
1622 2319
1632 2315
1642 2314
1652 2309
1662 2304
1672 2300
1681 2295
1691 2293
1701 2293
1711 2295
1720 2300
1730 2300
1739 2305
1749 2305
1758 2310
1768 2310
1778 2310
1787 2315
1797 2315
1807 2319
1817 2320
1827 2320
1837 2320
1846 2325
1856 2325
1866 2328
1876 2330
1886 2330
1896 2330
1906 2330
1915 2335
1925 2335
1935 2335
1945 2335
1955 2335
1964 2340
1974 2340
1984 2340
1994 2340
2004 2340
2014 2340
2024 2340
2034 2340
2044 2340
2054 2340
2064 2340
2074 2340
2084 2340
2094 2340
2104 2340
2114 2340
2124 2340
2134 2340
2144 2340
2154 2340
2164 2340
2174 2340
2183 2335
2193 2335
2203 2335
2213 2335
2223 2335
2233 2335
2243 2335
2252 2330
2262 2330
2272 2330
2282 2330
2292 2330
2302 2330
2311 2325
2321 2325
2331 2325
2341 2325
2351 2325
2360 2320
2370 2320
2380 2315
2374 2307
2367 2299
2362 2290
2355 2282
2350 2273
2343 2265
2335 2259
2331 2249
2325 2241
2320 2232
2312 2225
2308 2215
2300 2209
2296 2199
2290 2191
2285 2182
2277 2175
2273 2165
2265 2159
2262 2149
2257 2140
2250 2132
2245 2123
2240 2114
2233 2106
2229 2096
2224 2087
2217 2079
2212 2070
2205 2062
2200 2053
2195 2044
2191 2034
2185 2026
2180 2017
2175 2008
2170 1999
2165 1990
2160 1981
2155 1972
2150 1963
2145 1954
2141 1944
2135 1936
2130 1927
2125 1918
2120 1909
2117 1899
2112 1890
2108 1880
2103 1871
2099 1861
2094 1852
2090 1842
2085 1833
2080 1824
2075 1815
2073 1805
2065 1798
2065 1788
2060 1779
2055 1770
2050 1761
2045 1752
2040 1743
2040 1733
2035 1724
2030 1715
2025 1706
2020 1697
2015 1688
2015 1678
2010 1669
2005 1660
2000 1651
1998 1641
1994 1631
1989 1622
1985 1612
1980 1603
1975 1594
1972 1584
1967 1575
1965 1565
1960 1556
1955 1547
1955 1537
1950 1528
1945 1519
1940 1510
1938 1500
1933 1491
1930 1481
1925 1472
1920 1463
1915 1454
1915 1444
1910 1435
1905 1426
1900 1417
1900 1407
1895 1398
1890 1389
1887 1379
1882 1370
1880 1360
1875 1351
1870 1342
1870 1332
1865 1323
1860 1314
1857 1304
1852 1295
1850 1285
1845 1276
1840 1267
1840 1257
1835 1248
1830 1239
1827 1229
1822 1220
1820 1210
1815 1201
1810 1192
1810 1182
1805 1173
1800 1164
1791 1159
1781 1159
1772 1154
1762 1154
1753 1149
1744 1144
1734 1142
1727 1134
1717 1134
1709 1127
1700 1122
1692 1115
1683 1110
1675 1103
1668 1095
1660 1088
1653 1080
1645 1073
1638 1065
1630 1058
1625 1049
1619 1041
1614 1032
1607 1024
1602 1015
1595 1007
1595 997
1587 990
1585 980
1580 971
1575 962
1574 952
1570 942
1565 933
1565 923
1560 914
1560 904
1560 894
1555 885
1555 870
1555 860
1555 850
1555 840
1555 830
1555 820
1555 810
1560 795
1560 785
1560 775
1565 760
1570 745
1575 730
1580 720
1585 710
1593 703
1598 693
1605 680
1610 664
1605 655
1605 644
1605 634
1600 625
1600 611
1595 602
1595 592
1595 582
1590 573
1590 563
1590 553
1585 544
1580 535
1580 525
1577 515
1575 505
1572 495
1570 485
1567 475
1565 465
1560 456
1558 446
1555 436
1550 427
1550 417
1545 408
1540 399
1540 389
1535 380
1530 371
1528 361
1525 351
1520 342
1515 333
1515 323
1510 314
1505 305
1500 296
1499 286
1494 277
1490 267
1485 258
1480 249
1476 239
1470 231
1468 221
1464 211
1454 207
1449 227
1449 237
1449 247
1449 257
1444 272
1444 287
1444 297
1439 312
1439 322
1439 332
1434 342
1434 352
1434 362
1429 372
1429 382
1424 397
1419 422
1414 437
1409 452
1409 462
1404 472
1404 482
1399 492
1394 507
1389 517
1389 527
1384 537
1379 547
1374 562
1369 577
1364 587
1359 602
1354 612
1349 627
1344 637
1339 652
1334 662
1329 677
1324 687
1319 697
1314 707
1309 717
1304 732
1299 742
1294 752
1289 762
1284 772
1279 782
1279 792
1284 801
1284 811
1289 820
1289 830
1289 840
1289 850
1289 860
1289 870
1289 880
1289 890
1284 912
1279 932
1274 947
1269 957
1264 967
1258 984
1250 991
1245 1001
1240 1011
1233 1019
1225 1026
1217 1034
1209 1042
1199 1047
1191 1054
1182 1059
1172 1064
1163 1069
1154 1074
1145 1079
1135 1081
1125 1084
1115 1084
1105 1084
1095 1086
1085 1086
1075 1086
1065 1086
1057 1094
1049 1102
1044 1112
1037 1124
1029 1132
1024 1142
1017 1154
1012 1164
1004 1172
997 1184
992 1194
984 1202
979 1212
974 1222
967 1234
959 1242
954 1252
949 1262
942 1274
937 1284
929 1292
924 1302
917 1314
912 1324
907 1334
902 1344
894 1352
889 1362
884 1372
877 1384
872 1394
867 1404
859 1412
852 1429
847 1439
839 1447
834 1457
829 1467
824 1477
817 1489
812 1499
807 1509
802 1519
797 1529
792 1539
784 1547
779 1557
774 1567
769 1577
764 1587
757 1599
752 1609
747 1619
742 1629
737 1639
729 1647
724 1657
722 1669
714 1677
709 1687
704 1697
699 1707
692 1719
687 1729
682 1739
677 1749
672 1759
667 1769
662 1779
657 1789
652 1799
647 1809
642 1819
637 1829
632 1839
627 1849
622 1859
617 1869
612 1879
604 1887
599 1902
594 1912
589 1922
584 1932
579 1942
574 1952
569 1962
564 1972
559 1982
554 1992
549 2007
544 2017
539 2027
534 2037
529 2047
524 2062
519 2072
514 2082
509 2097
504 2107
499 2117
494 2132
489 2147
484 2157
479 2167
474 2182
469 2192
464 2207
459 2222
454 2232
449 2247
444 2262
439 2272
439 2282
434 2292
429 2302
424 2317
419 2332
414 2347
414 2357
409 2367
404 2377
404 2387
399 2397
