399 1482
404 1491
404 1501
404 1511
409 1520
409 1530
409 1540
414 1549
414 1559
416 1569
419 1579
419 1589
421 1599
424 1609
426 1619
429 1629
431 1639
434 1649
436 1659
439 1669
441 1679
444 1689
449 1698
450 1708
454 1718
459 1727
459 1737
464 1746
469 1755
472 1765
474 1775
479 1784
484 1793
489 1802
489 1812
494 1821
499 1830
504 1839
509 1848
514 1857
519 1866
524 1875
527 1885
532 1894
536 1904
544 1910
547 1920
552 1929
559 1937
564 1946
569 1955
575 1963
580 1972
587 1980
592 1989
599 1997
604 2006
609 2015
615 2023
623 2030
630 2038
635 2047
642 2055
650 2062
657 2070
665 2077
672 2085
680 2092
684 2102
694 2105
697 2115
705 2122
714 2127
722 2134
729 2142
737 2149
744 2157
752 2164
759 2172
769 2175
775 2183
783 2190
790 2198
800 2202
807 2210
816 2215
824 2221
834 2225
840 2233
848 2240
857 2245
867 2249
875 2255
884 2260
893 2265
902 2270
911 2275
920 2280
929 2285
938 2290
947 2295
956 2300
965 2305
974 2310
983 2315
993 2315
1000 2323
1010 2325
1019 2330
1028 2335
1038 2335
1047 2340
1057 2344
1066 2349
1076 2350
1085 2355
1095 2357
1105 2360
1114 2365
1124 2365
1133 2370
1143 2370
1152 2375
1162 2375
1172 2379
1182 2380
1192 2384
1202 2385
1212 2385
1221 2390
1231 2390
1241 2390
1251 2390
1260 2395
1270 2395
1280 2395
1290 2395
1300 2395
1309 2400
1319 2400
1329 2400
1339 2400
1349 2400
1359 2400
1358 2390
1350 2383
1345 2374
1340 2365
1335 2356
1330 2347
1325 2338
1320 2329
1320 2319
1315 2310
1315 2300
1312 2290
1310 2280
1310 2270
1310 2260
1310 2250
1310 2240
1315 2230
1315 2220
1320 2205
1325 2190
1330 2180
1335 2170
1343 2163
1348 2153
1355 2145
1360 2135
1368 2128
1375 2120
1383 2113
1393 2115
1402 2120
1407 2129
1414 2137
1422 2144
1429 2152
1434 2161
1439 2170
1444 2179
1449 2188
1450 2198
1454 2208
1454 2218
1459 2227
1459 2237
1459 2256
1454 2267
1454 2277
1454 2287
1449 2297
1449 2307
1444 2317
1439 2332
1434 2347
1429 2357
1424 2367
1419 2377
1414 2387
1420 2395
1430 2395
1440 2395
1450 2395
1460 2395
1470 2395
1480 2395
1490 2395
1500 2395
1510 2395
1520 2395
1530 2395
1539 2390
1549 2390
1559 2390
1568 2385
1578 2385
1588 2385
1597 2380
1607 2380
1616 2375
1626 2375
1635 2370
1645 2370
1655 2365
1665 2365
1674 2360
1684 2360
1693 2355
1703 2353
1713 2350
1722 2345
1731 2340
1741 2340
1750 2335
1759 2330
1769 2327
1779 2322
1789 2317
1799 2312
1809 2307
1819 2305
1828 2300
1837 2294
1847 2289
1857 2284
1867 2279
1877 2274
1887 2269
1895 2260
1905 2255
1915 2250
1924 2245
1932 2239
1942 2234
1950 2225
1960 2220
1968 2213
1978 2208
1985 2200
1994 2195
2002 2189
2010 2180
2018 2173
2025 2165
2035 2160
2043 2153
2050 2145
2058 2138
2065 2130
2073 2123
2080 2115
2088 2108
2095 2100
2103 2093
2110 2085
2118 2078
2125 2070
2133 2063
2140 2050
2148 2043
2155 2035
2163 2028
2168 2018
2175 2010
2180 2000
2188 1993
2195 1980
2203 1973
2208 1963
2215 1950
2223 1943
2228 1933
2233 1923
2240 1910
2245 1900
2250 1890
2258 1883
2263 1873
2268 1863
2273 1853
2278 1843
2283 1833
2288 1823
2290 1810
2295 1800
2300 1790
2305 1775
2310 1765
2315 1750
2320 1735
2325 1720
2330 1705
2335 1690
2340 1680
2340 1670
2345 1655
2350 1645
2350 1635
2355 1620
2355 1610
2360 1600
2360 1590
2365 1575
2365 1565
2365 1555
2370 1540
2370 1530
2370 1520
2375 1505
2375 1495
2375 1485
2375 1475
2380 1464
2380 1454
2380 1444
2380 1434
2375 1425
2375 1410
2375 1395
2375 1385
2375 1375
2375 1365
2375 1355
2373 1345
2365 1351
2358 1359
2350 1366
2342 1374
2333 1379
2325 1386
2315 1391
2305 1396
2295 1401
2285 1404
2275 1406
2265 1409
2255 1409
2245 1409
2235 1409
2225 1409
2215 1409
2206 1404
2196 1404
2187 1399
2178 1394
2168 1391
2159 1386
2149 1382
2142 1374
2132 1370
2124 1364
2115 1359
2108 1351
2100 1345
2108 1338
2115 1330
2123 1323
2130 1315
2140 1310
2149 1305
2157 1299
2167 1294
2177 1290
2186 1285
2196 1285
2205 1280
2215 1280
2225 1275
2235 1275
2245 1275
2255 1275
2265 1275
2274 1280
2284 1280
2294 1280
2303 1285
2313 1285
2322 1290
2332 1294
2342 1295
2351 1300
2360 1305
2369 1310
2379 1311
2375 1296
2375 1286
2373 1276
2370 1266
2370 1256
2370 1246
2365 1237
2365 1227
2365 1217
2364 1207
2360 1197
2359 1187
2355 1177
2355 1167
2350 1158
2350 1148
2345 1139
2345 1129
2340 1120
2340 1110
2335 1101
2333 1091
2330 1081
2325 1072
2325 1062
2320 1053
2315 1044
2315 1034
2310 1025
2305 1016
2303 1006
2299 996
2294 987
2290 977
2285 968
2280 959
2277 949
2272 940
2268 930
2263 921
2259 911
2254 902
2247 894
2242 885
2238 875
2230 869
2227 859
2222 850
2215 842
2210 833
2205 824
2199 816
2194 807
2187 799
2182 790
2175 782
2167 775
2163 765
2155 758
2148 750
2140 744
2137 734
2129 727
2122 719
2114 712
2107 704
2099 697
2092 689
2084 682
2077 674
2069 667
2062 659
2054 652
2047 644
2039 637
2032 629
2023 624
2015 617
2007 610
2000 602
1990 598
1983 590
1975 584
1966 579
1957 574
1949 567
1942 559
1932 555
1924 549
1915 544
1906 539
1897 534
1889 527
1880 522
1870 519
1861 514
1852 509
1844 502
1835 497
1825 494
1816 489
1807 484
1798 479
1788 476
1779 471
1769 467
1760 462
1750 459
1741 454
1731 454
1722 449
1713 444
1703 440
1693 439
1684 434
1674 434
1665 429
1655 427
1645 424
1635 422
1625 419
1615 417
1605 414
1595 414
1586 409
1576 409
1567 404
1557 404
1547 404
1537 404
1528 399
1518 399
1508 399
1498 399
1488 399
1479 394
1469 394
1459 394
1449 394
1439 391
1429 391
1419 389
1409 389
1399 389
1389 389
1387 399
1391 409
1396 418
1400 428
1405 437
1409 447
1414 456
1419 465
1422 475
1424 485
1429 494
1431 504
1434 514
1439 523
1439 533
1439 543
1444 552
1444 562
1444 572
1444 582
1444 592
1444 602
1444 612
1444 622
1439 637
1439 647
1434 662
1429 677
1424 692
1419 707
1414 717
1409 727
1402 739
1397 749
1389 757
1379 762
1372 754
1364 747
1357 739
1349 732
1345 722
1337 715
1330 707
1325 698
1320 689
1315 680
1310 671
1305 662
1304 652
1300 642
1295 633
1295 623
1290 614
1290 604
1290 594
1285 585
1285 570
1285 560
1285 550
1285 540
1290 525
1290 515
1290 505
1295 490
1295 480
1300 465
1305 455
1305 445
1310 430
1315 420
1320 405
1320 394
1310 394
1300 394
1290 396
1280 399
1270 399
1260 399
1251 404
1241 404
1231 404
1221 404
1212 409
1202 409
1192 409
1183 414
1173 414
1164 419
1154 419
1144 422
1134 424
1125 429
1115 429
1106 434
1096 435
1086 439
1077 444
1067 444
1057 449
1047 454
1038 459
1028 459
1019 464
1010 469
1001 474
992 479
982 479
973 484
964 489
955 494
946 499
937 504
928 509
919 514
910 519
901 524
892 529
882 534
872 539
864 547
854 552
846 559
837 564
827 569
819 577
811 584
802 589
793 594
785 601
778 609
770 616
760 621
753 629
745 636
738 644
730 651
722 659
714 667
704 672
694 682
685 691
680 701
673 709
665 716
658 724
650 731
642 739
638 749
630 756
622 764
614 772
607 784
599 792
592 804
587 814
579 822
572 834
567 844
559 852
552 864
547 874
542 884
534 892
529 902
524 912
519 922
514 932
509 942
504 952
499 962
494 972
489 987
484 997
479 1007
474 1017
469 1032
464 1047
459 1057
454 1072
449 1087
444 1102
444 1112
439 1122
434 1137
434 1147
429 1157
429 1167
424 1177
424 1187
419 1197
419 1207
419 1217
414 1232
414 1242
414 1252
409 1262
409 1272
409 1282
409 1292
404 1317
404 1327
404 1337
404 1347
404 1357
404 1367
404 1377
404 1387
404 1397
404 1421
414 1422
424 1417
432 1410
441 1405
450 1400
460 1395
470 1395
479 1390
489 1390
498 1385
508 1385
518 1385
528 1385
538 1385
548 1385
558 1385
568 1385
577 1390
587 1390
597 1394
607 1395
616 1400
625 1405
635 1407
644 1412
652 1419
661 1424
669 1430
674 1439
665 1446
658 1454
650 1461
640 1466
632 1474
622 1479
612 1484
602 1489
593 1494
584 1499
575 1504
565 1506
555 1509
545 1512
535 1514
525 1514
515 1514
505 1514
495 1514
485 1512
475 1509
465 1509
456 1504
447 1499
437 1495
428 1490
418 1486
409 1481
