444 1121
439 1112
447 1104
455 1096
463 1089
472 1084
480 1076
488 1069
497 1064
505 1056
513 1049
522 1044
530 1036
540 1031
548 1024
555 1016
565 1011
573 1004
582 999
590 991
600 986
608 979
617 974
625 966
635 961
643 954
652 949
660 941
670 936
678 929
687 924
696 919
705 914
714 907
724 902
732 894
742 889
751 884
760 879
769 872
779 867
789 862
797 854
807 849
817 844
826 839
835 834
844 829
853 824
862 819
871 814
880 809
889 804
898 799
907 794
916 789
925 784
934 779
943 774
952 769
962 764
972 759
982 754
992 749
1001 744
1011 740
1021 735
1029 729
1038 724
1047 719
1057 714
1067 709
1077 704
1087 699
1097 694
1107 689
1117 684
1127 679
1137 674
1147 669
1156 664
1166 660
1174 654
1183 649
1192 644
1202 639
1212 634
1221 629
1230 624
1239 619
1248 614
1257 609
1266 604
1274 597
1284 592
1294 587
1302 579
1312 574
1321 569
1329 562
1339 557
1347 549
1357 544
1365 536
1375 531
1383 524
1392 519
1400 511
1408 504
1417 499
1426 494
1434 487
1442 479
1450 471
1460 466
1468 459
1478 460
1485 468
1495 472
1503 479
1512 484
1519 492
1529 496
1535 504
1544 509
1552 515
1560 522
1569 527
1577 534
1584 542
1594 546
1600 554
1609 559
1617 565
1625 572
1633 579
1640 587
1649 592
1657 599
1666 604
1670 614
1680 617
1687 625
1695 632
1702 640
1712 644
1719 652
1727 659
1734 667
1742 674
1749 682
1757 689
1766 694
1770 704
1780 707
1787 715
1795 722
1802 730
1810 737
1817 745
1825 752
1832 760
1840 767
1847 775
1855 782
1862 790
1870 797
1877 805
1885 812
1892 820
1900 827
1907 835
1915 842
1920 851
1929 856
1935 864
1940 873
1950 877
1954 887
1964 891
1965 910
1957 919
1952 929
1944 935
1938 943
1930 950
1923 958
1915 965
1908 973
1900 980
1894 990
1888 998
1880 1005
1870 1010
1860 1020
1850 1030
1840 1040
1833 1048
1825 1055
1818 1063
1810 1070
1800 1075
1793 1083
1785 1090
1775 1095
1767 1104
1759 1110
1750 1115
1740 1120
1732 1129
1722 1134
1714 1140
1705 1145
1695 1150
1685 1155
1675 1160
1666 1165
1657 1170
1648 1175
1639 1180
1630 1185
1620 1185
1611 1190
1602 1195
1592 1199
1582 1200
1573 1205
1563 1205
1554 1210
1544 1210
1535 1215
1525 1215
1515 1215
1506 1220
1496 1220
1486 1220
1476 1220
1467 1225
1457 1225
1447 1225
1437 1229
1427 1225
1417 1225
1408 1230
1398 1228
1388 1230
1378 1230
1368 1230
1358 1230
1348 1230
1338 1230
1328 1230
1318 1230
1309 1235
1299 1235
1289 1235
1279 1235
1269 1237
1259 1240
1249 1240
1239 1240
1230 1245
1220 1245
1210 1245
1200 1250
1190 1250
1180 1255
1170 1255
1161 1260
1151 1260
1142 1265
1132 1269
1122 1270
1113 1275
1103 1278
1093 1283
1083 1285
1074 1290
1065 1295
1055 1295
1045 1300
1035 1305
1025 1310
1015 1315
1005 1320
995 1325
985 1330
977 1339
967 1344
957 1349
947 1354
939 1360
930 1365
920 1370
913 1378
903 1383
895 1390
903 1396
908 1405
912 1415
920 1422
924 1432
929 1441
935 1449
940 1458
945 1467
955 1466
963 1459
972 1454
981 1449
989 1442
999 1437
1007 1429
1017 1424
1027 1419
1037 1414
1047 1409
1056 1404
1065 1399
1075 1396
1083 1389
1093 1389
1102 1384
1111 1379
1120 1374
1130 1371
1140 1369
1149 1364
1158 1359
1168 1359
1177 1354
1187 1354
1196 1349
1206 1349
1215 1344
1225 1344
1235 1341
1245 1339
1255 1339
1265 1336
1275 1334
1285 1334
1295 1334
1305 1334
1315 1332
1325 1332
1335 1329
1344 1334
1354 1331
1364 1331
1374 1331
1384 1334
1394 1334
1404 1334
1414 1334
1424 1334
1434 1334
1444 1334
1454 1334
1464 1334
1474 1334
1484 1334
1494 1334
1504 1332
1514 1332
1524 1329
1534 1329
1543 1324
1553 1324
1563 1324
1572 1319
1582 1319
1591 1314
1601 1310
1611 1309
1620 1304
1630 1301
1640 1299
1649 1294
1658 1289
1668 1289
1675 1281
1685 1279
1694 1274
1703 1269
1712 1264
1722 1259
1731 1254
1740 1249
1749 1242
1759 1237
1767 1229
1777 1224
1786 1219
1794 1212
1802 1204
1812 1199
1820 1191
1830 1186
1838 1179
1845 1171
1855 1166
1863 1159
1870 1151
1878 1144
1885 1136
1893 1129
1902 1124
1907 1114
1917 1109
1924 1097
1934 1087
1944 1082
1949 1072
1957 1064
1965 1056
1973 1049
1980 1041
1988 1034
1994 1022
2002 1014
2010 1006
2015 996
2024 987
2032 979
2041 974
2049 981
2055 989
2063 995
2072 1000
2077 1009
2084 1017
2094 1021
2100 1029
2108 1035
2115 1043
2123 1050
2130 1058
2138 1064
2147 1069
2154 1077
2162 1084
2170 1090
2178 1096
2185 1104
2194 1109
2202 1115
2210 1122
2219 1127
2227 1134
2236 1139
2244 1146
2250 1154
2260 1157
2268 1164
2277 1169
2286 1174
2294 1181
2303 1186
2310 1194
2320 1197
2328 1204
2337 1209
2346 1214
2355 1219
2363 1225
2372 1230
2375 1240
2370 1255
2365 1270
2360 1285
2360 1295
2355 1305
2350 1320
2345 1335
2340 1345
2335 1360
2330 1375
2325 1390
2320 1405
2315 1415
2310 1430
2305 1440
2300 1455
2295 1470
2290 1480
2285 1495
2280 1505
2275 1520
2270 1530
2265 1545
2260 1555
2255 1565
2250 1575
2245 1590
2240 1600
2235 1610
2230 1625
2225 1635
2220 1645
2215 1655
2210 1670
2205 1680
2200 1690
2195 1700
2190 1715
2185 1725
2180 1735
2175 1745
2170 1755
2165 1765
2160 1780
2155 1790
2150 1800
2145 1810
2140 1820
2135 1835
2130 1845
2125 1855
2120 1865
2115 1880
2110 1890
2105 1900
2100 1915
2095 1925
2090 1935
2085 1950
2080 1960
2075 1975
2070 1985
2065 2000
2060 2010
2055 2025
2050 2040
2045 2055
2040 2065
2035 2080
2030 2095
2025 2110
2020 2125
2015 2140
2015 2150
2010 2160
2005 2175
2005 2185
2000 2195
1995 2210
1995 2220
1990 2230
1990 2240
1985 2250
1985 2260
1980 2270
1980 2280
1975 2290
1975 2300
1970 2310
1970 2320
1965 2330
1965 2340
1961 2355
1951 2355
1941 2355
1931 2355
1921 2355
1911 2355
1901 2355
1891 2355
1881 2355
1871 2355
1861 2355
1851 2355
1841 2358
1831 2355
1821 2355
1811 2355
1801 2355
1791 2355
1781 2355
1771 2355
1762 2360
1753 2355
1743 2355
1733 2355
1723 2355
1713 2355
1703 2355
1693 2355
1683 2355
1673 2355
1663 2355
1653 2355
1643 2355
1633 2355
1623 2355
1613 2355
1604 2350
1594 2350
1584 2350
1574 2350
1564 2350
1554 2350
1544 2350
1534 2350
1524 2350
1514 2347
1504 2345
1494 2345
1484 2345
1474 2345
1464 2345
1454 2345
1444 2342
1434 2340
1424 2340
1414 2340
1404 2340
1394 2340
1384 2340
1375 2335
1365 2335
1355 2335
1345 2335
1335 2335
1325 2335
1316 2330
1306 2330
1296 2330
1286 2330
1276 2330
1267 2325
1257 2325
1247 2325
1237 2325
1227 2325
1217 2325
1207 2324
1197 2324
1187 2320
1177 2320
1167 2320
1157 2320
1147 2320
1137 2319
1127 2320
1118 2315
1108 2315
1098 2315
1088 2315
1078 2315
1068 2315
1058 2315
1048 2315
1039 2310
1029 2310
1019 2310
1009 2310
999 2310
989 2310
979 2310
969 2310
959 2310
949 2310
939 2310
929 2310
919 2310
909 2310
899 2310
889 2310
879 2310
869 2310
859 2312
849 2310
839 2310
830 2315
821 2310
812 2315
802 2315
792 2315
782 2315
772 2315
762 2315
752 2315
742 2315
732 2319
732 2304
737 2294
745 2286
753 2279
760 2271
765 2261
773 2254
780 2246
788 2239
794 2227
802 2219
810 2211
815 2201
823 2194
830 2186
835 2176
843 2169
850 2161
855 2151
863 2144
869 2132
877 2124
885 2116
893 2109
897 2099
905 2091
913 2084
920 2076
925 2066
933 2059
940 2051
948 2044
955 2036
960 2026
968 2019
975 2011
983 2004
990 1996
998 1989
1005 1981
1013 1974
1020 1966
1028 1959
1035 1951
1043 1944
1050 1936
1058 1929
1065 1921
1073 1914
1082 1909
1090 1901
1098 1894
1107 1889
1115 1881
1123 1874
1132 1869
1141 1864
1149 1857
1159 1852
1167 1844
1177 1839
1187 1834
1196 1829
1205 1824
1214 1819
1223 1814
1232 1809
1242 1804
1252 1804
1261 1799
1270 1794
1280 1791
1290 1789
1299 1784
1308 1779
1318 1779
1327 1774
1337 1769
1347 1769
1357 1764
1367 1764
1377 1764
1386 1759
1396 1755
1406 1754
1416 1750
1426 1750
1436 1749
1446 1749
1455 1744
1465 1741
1475 1739
1485 1739
1494 1734
1504 1734
1513 1729
1523 1729
1533 1729
1542 1724
1552 1724
1561 1719
1571 1719
1581 1719
1590 1714
1599 1709
1609 1709
1618 1704
1628 1704
1637 1699
1647 1699
1656 1694
1666 1694
1675 1689
1684 1684
1694 1682
1704 1679
1713 1674
1723 1674
1732 1669
1741 1664
1751 1660
1761 1655
1771 1654
1780 1649
1789 1644
1798 1639
1807 1634
1817 1629
1827 1629
1836 1624
1845 1619
1854 1612
1864 1607
1874 1602
1884 1597
1894 1592
1902 1584
1912 1579
1922 1574
1931 1569
1934 1555
1934 1545
1934 1535
1929 1526
1929 1516
1924 1491
1924 1481
1922 1460
1918 1450
1909 1455
1900 1460
1890 1465
1882 1474
1872 1479
1864 1485
1855 1490
1845 1495
1835 1500
1827 1509
1817 1514
1807 1519
1797 1524
1787 1529
1778 1535
1769 1540
1760 1545
1751 1550
1741 1550
1732 1555
1723 1560
1714 1565
1705 1570
1695 1570
1685 1575
1676 1580
1666 1580
1657 1585
1648 1590
1638 1593
1628 1595
1618 1598
1608 1600
1599 1605
1589 1605
1580 1610
1570 1610
1561 1615
1551 1615
1541 1615
1532 1620
1522 1620
1512 1624
1502 1625
1492 1625
1482 1629
1472 1630
1462 1630
1452 1634
1442 1635
1432 1635
1422 1635
1413 1640
1403 1640
1393 1640
1384 1645
1374 1645
1364 1645
1355 1650
1345 1650
1335 1650
1325 1655
1315 1655
1306 1660
1296 1660
1287 1665
1277 1669
1267 1670
1258 1675
1248 1678
1238 1680
1229 1685
1220 1690
1211 1695
1201 1695
1192 1700
1183 1705
1174 1710
1165 1715
1155 1720
1145 1725
1137 1734
1127 1739
1119 1745
1110 1750
1100 1755
1093 1763
1085 1770
1075 1775
1068 1783
1060 1790
1050 1795
1044 1805
1035 1810
1028 1818
1020 1825
1013 1833
1005 1840
998 1848
990 1855
983 1863
975 1870
968 1878
960 1885
953 1898
945 1905
938 1913
933 1923
925 1930
918 1938
910 1945
905 1955
898 1963
890 1970
883 1983
875 1990
868 2003
860 2010
853 2023
845 2030
838 2043
830 2050
823 2063
815 2070
808 2083
803 2093
795 2100
788 2113
780 2120
775 2130
768 2138
763 2148
755 2155
748 2168
740 2175
735 2185
727 2194
722 2204
712 2205
709 2195
704 2186
699 2177
699 2167
694 2158
690 2148
689 2138
684 2129
681 2119
679 2109
674 2100
672 2090
669 2080
669 2070
664 2061
659 2052
659 2042
654 2033
650 2023
649 2013
645 2003
644 1993
639 1984
639 1974
634 1965
634 1955
629 1946
629 1936
624 1927
624 1917
619 1908
619 1898
614 1889
614 1879
609 1870
609 1860
604 1851
604 1841
604 1831
599 1822
599 1812
594 1803
594 1793
589 1784
589 1774
586 1764
584 1754
584 1744
579 1735
579 1725
574 1716
574 1706
569 1679
569 1669
564 1660
564 1650
562 1640
559 1630
559 1620
554 1611
554 1601
549 1573
549 1563
544 1554
544 1544
544 1534
539 1525
539 1515
537 1505
534 1495
534 1485
529 1476
529 1466
524 1440
522 1430
519 1420
519 1410
517 1400
514 1390
512 1380
509 1370
509 1360
504 1351
504 1341
499 1332
499 1322
499 1312
494 1303
494 1293
489 1284
489 1274
484 1265
484 1255
479 1246
479 1236
474 1227
474 1217
469 1208
469 1198
464 1189
461 1179
459 1169
454 1160
452 1150
449 1140
444 1131
