397 1279
405 1285
414 1290
423 1295
432 1300
441 1305
450 1310
459 1315
469 1315
475 1323
483 1330
492 1335
502 1339
512 1340
520 1347
529 1352
537 1359
547 1360
556 1365
564 1371
574 1375
583 1380
592 1385
601 1390
610 1395
620 1397
627 1405
637 1405
646 1410
656 1413
664 1420
673 1425
683 1425
692 1430
701 1435
710 1440
720 1440
729 1445
738 1450
748 1450
757 1455
766 1460
776 1460
785 1465
794 1470
802 1479
797 1489
789 1497
787 1509
782 1519
774 1527
772 1539
767 1549
762 1559
754 1567
752 1584
744 1592
739 1607
734 1622
729 1632
729 1642
724 1652
719 1667
714 1682
709 1697
704 1712
699 1727
694 1742
694 1752
689 1762
684 1782
679 1797
677 1814
669 1822
664 1847
659 1862
659 1872
654 1882
659 1897
669 1895
678 1890
688 1890
697 1885
707 1885
716 1880
726 1880
735 1875
744 1870
754 1870
763 1865
773 1865
782 1860
792 1859
802 1855
812 1854
822 1850
831 1845
841 1845
850 1840
860 1840
869 1835
878 1830
888 1828
898 1825
908 1823
918 1820
927 1815
937 1814
947 1809
957 1805
966 1800
976 1800
985 1795
993 1788
1003 1785
1012 1780
1021 1775
1030 1770
1040 1765
1050 1765
1058 1758
1068 1753
1078 1748
1084 1756
1089 1765
1089 1775
1094 1784
1096 1794
1099 1804
1101 1814
1106 1823
1109 1833
1114 1842
1119 1851
1119 1861
1124 1870
1130 1878
1134 1888
1139 1897
1139 1907
1147 1914
1149 1924
1154 1933
1159 1942
1164 1951
1169 1960
1174 1969
1179 1978
1184 1987
1184 1997
1192 2004
1196 2014
1201 2023
1209 2030
1214 2039
1216 2049
1221 2058
1224 2068
1232 2075
1242 2094
1246 2104
1254 2110
1257 2120
1262 2129
1266 2139
1271 2148
1280 2140
1285 2130
1293 2123
1298 2113
1303 2103
1310 2090
1315 2075
1325 2070
1325 2060
1333 2053
1338 2043
1343 2033
1348 2023
1355 2010
1360 2000
1365 1990
1370 1980
1375 1970
1380 1960
1388 1953
1393 1943
1398 1933
1400 1920
1408 1913
1410 1900
1415 1890
1420 1880
1425 1870
1430 1860
1435 1845
1440 1835
1445 1820
1450 1805
1455 1790
1460 1780
1465 1770
1465 1760
1470 1745
1479 1750
1488 1755
1497 1760
1506 1765
1515 1770
1524 1775
1534 1775
1543 1780
1550 1788
1560 1790
1569 1795
1578 1800
1587 1805
1597 1805
1606 1810
1616 1813
1626 1815
1635 1820
1645 1822
1655 1825
1664 1830
1674 1830
1683 1835
1693 1835
1702 1840
1711 1845
1721 1843
1729 1850
1739 1850
1748 1855
1758 1855
1767 1860
1777 1864
1787 1860
1796 1865
1805 1870
1815 1872
1824 1877
1834 1880
1844 1880
1854 1880
1863 1885
1872 1890
1882 1890
1892 1889
1890 1878
1890 1868
1885 1859
1880 1850
1880 1835
1878 1825
1873 1816
1870 1806
1865 1797
1865 1787
1865 1777
1860 1768
1855 1759
1855 1749
1850 1740
1850 1730
1845 1721
1845 1711
1840 1702
1835 1693
1835 1683
1830 1674
1830 1664
1825 1655
1822 1645
1820 1635
1815 1626
1813 1616
1810 1606
1805 1597
1805 1587
1800 1578
1795 1569
1790 1560
1788 1550
1780 1543
1775 1534
1775 1524
1770 1515
1765 1506
1760 1497
1755 1488
1750 1479
1745 1470
1755 1470
1764 1465
1774 1465
1783 1460
1792 1455
1802 1454
1812 1450
1821 1445
1831 1445
1840 1440
1849 1435
1859 1432
1869 1427
1879 1422
1889 1417
1899 1412
1909 1410
1917 1404
1927 1400
1936 1395
1945 1390
1955 1385
1964 1380
1973 1375
1982 1370
1991 1365
2000 1360
2010 1355
2020 1350
2029 1345
2038 1340
2047 1335
2056 1330
2065 1325
2075 1315
2085 1315
2094 1310
2102 1304
2112 1299
2122 1294
2130 1285
2140 1280
2147 1269
2137 1265
2128 1260
2118 1256
2109 1251
2101 1244
2092 1239
2082 1235
2075 1227
2065 1224
2055 1222
2049 1214
2039 1214
2030 1209
2023 1201
2014 1196
2004 1192
1997 1184
1987 1184
1978 1179
1970 1172
1960 1169
1951 1164
1942 1159
1933 1154
1924 1149
1915 1144
1906 1139
1896 1139
1887 1134
1878 1129
1869 1124
1860 1119
1850 1119
1841 1114
1832 1109
1822 1105
1813 1100
1803 1099
1794 1094
1784 1094
1775 1089
1765 1087
1755 1084
1745 1080
1750 1070
1755 1060
1763 1053
1765 1040
1770 1030
1775 1020
1780 1010
1785 995
1793 988
1798 978
1800 965
1805 950
1810 940
1815 925
1820 910
1825 900
1825 890
1830 875
1835 865
1840 850
1845 840
1845 830
1850 815
1855 805
1855 795
1860 785
1865 770
1865 760
1870 750
1870 740
1878 733
1880 715
1885 705
1885 695
1890 685
1890 675
1895 663
1900 652
1890 654
1880 656
1870 659
1860 661
1850 664
1840 667
1830 669
1820 671
1810 676
1800 679
1791 684
1781 685
1771 685
1761 690
1751 694
1741 695
1731 699
1722 704
1712 704
1702 709
1693 714
1683 714
1674 719
1664 722
1654 724
1644 727
1634 729
1625 734
1616 739
1606 740
1596 744
1587 749
1577 754
1567 754
1563 764
1553 764
1544 769
1535 774
1525 776
1515 781
1507 789
1497 789
1488 794
1480 801
1470 803
1470 793
1465 784
1460 775
1460 765
1455 756
1450 747
1449 737
1445 727
1444 717
1440 707
1435 698
1430 689
1425 680
1422 670
1418 660
1410 653
1410 643
1405 634
1401 624
1395 616
1394 606
1389 597
1382 589
1377 580
1375 570
1369 562
1365 552
1360 543
1355 534
1350 525
1344 517
1340 507
1335 498
1330 489
1327 479
1319 472
1315 462
1310 453
1305 444
1302 434
1297 425
1293 415
1285 409
1281 399
1272 394
1267 404
1259 412
1252 429
1247 439
1239 447
1234 462
1224 472
1222 489
1214 497
1207 514
1202 524
1194 532
1189 542
1184 552
1182 564
1177 574
1169 582
1164 592
1164 602
1154 607
1149 622
1147 634
1139 642
1134 657
1129 672
1124 682
1119 692
1114 707
1109 717
1104 727
1099 742
1094 757
1094 767
1089 777
1084 792
1084 809
1075 804
1066 799
1057 794
1048 789
1039 784
1030 779
1020 777
1012 770
1003 765
993 764
985 757
975 754
966 749
957 744
947 744
938 739
929 734
919 731
909 729
900 724
890 722
880 719
871 714
862 709
852 710
843 705
833 704
824 699
814 699
805 694
795 694
786 689
777 684
767 684
758 679
748 679
738 675
730 669
720 669
711 664
702 659
692 659
682 659
673 654
664 649
654 649
649 661
654 670
657 680
659 690
659 700
664 709
666 719
669 729
675 737
679 747
679 757
684 766
684 776
689 785
692 795
694 805
699 826
704 835
707 845
714 871
719 880
722 890
727 899
729 909
731 919
734 929
739 938
744 947
744 957
749 966
754 975
757 985
764 993
765 1003
770 1012
777 1020
779 1030
784 1039
789 1048
794 1057
799 1066
804 1075
809 1084
799 1084
789 1087
779 1089
770 1094
760 1094
751 1099
741 1100
731 1104
722 1109
712 1109
703 1114
694 1119
685 1124
676 1129
666 1130
656 1135
646 1139
637 1144
627 1149
618 1154
608 1154
600 1161
590 1166
580 1171
573 1179
563 1179
554 1184
545 1189
536 1194
527 1199
518 1204
509 1209
500 1214
491 1219
482 1224
472 1224
467 1234
457 1234
447 1239
437 1244
429 1252
419 1257
409 1262
399 1267
