64 1662
64 1652
72 1644
81 1639
91 1639
100 1644
110 1644
119 1637
124 1627
124 1617
124 1607
124 1597
132 1589
142 1589
152 1589
162 1589
164 1577
164 1567
169 1557
177 1549
187 1549
196 1544
206 1544
214 1537
219 1527
219 1517
227 1509
235 1501
245 1499
254 1504
263 1509
273 1509
279 1500
274 1491
274 1481
269 1472
274 1462
282 1454
292 1449
302 1449
311 1454
320 1459
330 1459
340 1459
339 1441
339 1431
334 1422
342 1414
352 1414
362 1414
372 1414
382 1409
389 1397
389 1387
389 1377
389 1367
399 1364
409 1366
419 1369
428 1374
438 1374
448 1374
458 1374
465 1366
473 1360
479 1332
489 1327
499 1322
509 1319
518 1324
528 1324
538 1324
548 1324
557 1319
564 1302
572 1294
581 1299
591 1299
601 1295
611 1294
620 1289
626 1280
636 1275
646 1274
654 1259
649 1250
649 1240
649 1230
649 1220
649 1210
644 1201
639 1192
639 1182
639 1172
644 1157
652 1149
657 1139
666 1144
671 1135
679 1127
684 1116
684 1106
679 1097
674 1088
669 1079
664 1070
654 1067
647 1059
639 1052
632 1044
622 1040
615 1032
607 1025
599 1019
594 1010
586 1004
579 996
574 987
567 979
559 972
555 962
549 954
544 945
535 940
525 940
517 949
507 950
500 942
492 935
485 927
479 919
474 910
465 905
455 905
445 905
437 899
429 892
424 883
424 873
424 863
418 855
410 848
409 838
405 828
401 818
395 810
385 808
378 800
370 793
369 783
363 775
354 770
344 770
335 765
325 765
317 759
309 752
309 742
309 732
317 724
325 712
317 705
314 695
305 690
297 684
289 677
289 667
289 657
289 647
297 639
306 634
300 625
291 620
281 619
274 611
269 602
264 593
264 583
264 573
264 563
260 553
254 545
249 536
244 527
254 524
264 526
274 529
284 529
289 515
284 506
279 497
279 487
279 477
279 467
289 462
299 459
309 461
319 464
329 466
339 460
339 450
334 441
329 432
329 422
337 414
347 409
357 404
367 404
374 392
374 382
374 372
382 364
390 356
400 359
410 359
420 359
430 359
429 341
424 332
424 322
432 314
442 314
452 314
462 314
472 309
479 301
479 291
474 282
474 272
474 262
482 254
491 259
501 259
510 264
520 264
529 269
539 271
549 274
559 271
569 274
579 276
588 281
595 289
605 289
614 294
624 296
634 296
644 297
654 299
664 299
674 301
680 309
688 315
695 323
703 330
710 338
715 347
715 357
725 359
733 365
743 369
753 369
763 370
770 378
775 387
782 395
792 399
801 404
810 409
819 414
829 416
835 424
843 430
850 438
858 444
867 449
874 457
882 464
892 464
902 464
910 470
910 480
910 490
915 499
923 505
930 513
938 520
947 525
955 532
964 537
974 541
983 546
993 550
1000 558
1002 569
993 575
984 570
975 575
975 585
983 591
990 599
1000 602
1010 604
1019 609
1027 615
1037 619
1046 624
1054 631
1064 631
1070 639
1060 645
1050 645
1040 650
1040 660
1045 669
1053 675
1063 679
1064 667
1069 657
1079 659
1088 664
1098 665
1105 673
1115 671
1123 664
1130 656
1140 654
1150 654
1160 657
1169 662
1179 664
1189 657
1197 649
1199 632
1199 622
1209 621
1218 626
1225 634
1235 637
1244 642
1252 649
1261 654
1271 650
1276 640
1281 630
1289 617
1289 602
1289 592
1294 582
1299 572
1307 564
1316 559
1319 547
1322 530
1319 520
1311 514
1304 506
1299 497
1299 487
1309 484
1318 489
1327 494
1337 494
1347 489
1354 477
1359 466
1359 456
1354 447
1354 437
1362 429
1372 429
1381 434
1389 427
1389 416
1389 406
1384 397
1384 387
1384 377
1392 369
1402 369
1412 369
1422 369
1432 369
1436 354
1432 344
1424 337
1424 327
1432 319
1442 319
1452 314
1462 309
1464 291
1464 281
1459 272
1459 262
1467 254
1477 254
1487 254
1497 254
1507 249
1514 237
1514 227
1514 217
1524 214
1534 214
1544 214
1550 206
1549 192
1549 182
1549 172
1549 162
1557 154
1567 154
1577 154
1586 159
1596 159
1604 152
1609 142
1609 132
1609 122
1609 112
1617 104
1627 99
1636 104
1645 109
1649 97
1654 87
1654 77
1664 76
1673 81
1683 84
1692 89
1701 94
1710 99
1719 104
1729 106
1735 114
1745 117
1755 119
1764 124
1773 119
1783 119
1793 119
1803 119
1812 124
1821 129
1825 139
1835 142
1842 150
1852 154
1862 154
1872 149
1881 154
1890 159
1898 165
1905 173
1913 180
1920 188
1928 194
1937 199
1946 194
1956 195
1966 199
1970 209
1975 218
1980 227
1985 236
1991 244
1999 251
2003 261
2005 271
2005 281
2005 291
2010 300
2015 309
2015 319
2015 330
2010 340
2005 355
2010 364
2010 374
2009 387
2004 397
1994 400
1985 405
1980 415
1980 425
1980 435
1982 445
1980 455
1985 464
1985 474
1985 484
1980 500
1977 510
1968 505
1959 510
1950 515
1952 525
1955 535
1957 545
1960 555
1960 565
1953 573
1945 580
1940 595
1945 604
1940 620
1933 628
1923 630
1914 635
1905 640
1907 650
1910 660
1915 669
1915 679
1915 689
1915 705
1910 715
1902 724
1892 729
1882 730
1873 735
1863 738
1855 745
1855 755
1860 764
1855 780
1850 795
1848 808
1840 815
1840 825
1832 834
1824 840
1815 845
1808 853
1800 860
1797 874
1792 884
1784 890
1775 895
1775 905
1780 914
1790 917
1800 919
1809 924
1817 930
1827 934
1830 944
1835 953
1832 965
1822 965
1813 960
1804 955
1795 960
1795 970
1797 980
1802 989
1809 997
1817 1004
1826 1009
1835 1014
1843 1020
1850 1028
1858 1035
1860 1045
1862 1055
1867 1064
1870 1074
1880 1077
1890 1079
1899 1084
1908 1079
1918 1079
1928 1079
1938 1080
1947 1085
1957 1089
1966 1094
1975 1099
1985 1102
1995 1104
2005 1104
2015 1104
2025 1104
2034 1092
2042 1084
2052 1084
2059 1092
2067 1099
2074 1107
2082 1114
2090 1120
2100 1121
2109 1107
2117 1099
2127 1099
2136 1104
2144 1111
2145 1121
2154 1126
2164 1127
2174 1102
2184 1099
2193 1104
2202 1109
2211 1114
2219 1121
2225 1129
2233 1135
2240 1143
2245 1152
2254 1157
2262 1164
2272 1164
2281 1169
2289 1157
2289 1147
2297 1139
2306 1144
2315 1149
2323 1155
2325 1165
2330 1174
2335 1183
2343 1189
2352 1194
2361 1199
2371 1199
2379 1192
2389 1187
2397 1194
2400 1204
2409 1209
2417 1215
2425 1222
2435 1219
2445 1216
2455 1214
2463 1220
2470 1228
2478 1235
2485 1243
2493 1250
2500 1258
2508 1265
2512 1275
2520 1282
2524 1292
2529 1301
2530 1311
2535 1320
2537 1330
2540 1340
2545 1349
2550 1358
2555 1367
2553 1378
2543 1383
2533 1388
2525 1395
2525 1405
2527 1415
2535 1422
2539 1432
2544 1441
2550 1449
2550 1459
2549 1472
2539 1475
2529 1475
2520 1470
2510 1470
2510 1480
2510 1490
2510 1500
2510 1510
2505 1520
2510 1529
2510 1539
2515 1548
2515 1558
2510 1575
2510 1585
2510 1600
2512 1610
2507 1619
2502 1629
2494 1635
2485 1640
2475 1640
2468 1650
2458 1650
2449 1655
2443 1663
2435 1670
2429 1680
2423 1688
2413 1690
2404 1685
2394 1685
2384 1687
2376 1695
2367 1700
2358 1695
2348 1695
2339 1690
2329 1690
2319 1690
2309 1690
2299 1690
2289 1690
2279 1690
2269 1690
2259 1690
2250 1695
2255 1704
2260 1713
2259 1727
2249 1727
2240 1722
2232 1715
2225 1707
2217 1700
2208 1695
2199 1700
2190 1705
2181 1710
2171 1713
2161 1710
2152 1705
2142 1705
2132 1709
2122 1710
2113 1705
2103 1705
2094 1700
2085 1695
2075 1692
2065 1692
2055 1690
2045 1690
2042 1709
2034 1717
2024 1720
2014 1720
2006 1714
1999 1706
1994 1697
1987 1689
1979 1682
1972 1674
1962 1670
1954 1677
1944 1677
1936 1683
1926 1685
1917 1680
1909 1673
1903 1665
1894 1660
1885 1655
1875 1660
1867 1674
1858 1679
1850 1673
1844 1665
1839 1656
1834 1647
1825 1642
1817 1635
1808 1630
1798 1628
1790 1635
1785 1645
1778 1658
1770 1665
1760 1675
1753 1683
1745 1690
1742 1704
1742 1715
1733 1710
1723 1708
1713 1713
1705 1720
1700 1730
1695 1740
1695 1750
1697 1760
1694 1770
1685 1775
1675 1772
1665 1770
1655 1770
1648 1778
1640 1785
1635 1795
1640 1804
1645 1813
1650 1822
1657 1830
1665 1837
1670 1846
1675 1855
1675 1865
1675 1875
1675 1890
1680 1899
1685 1908
1680 1920
1680 1935
1682 1945
1685 1955
1685 1965
1680 1975
1685 1984
1690 1993
1690 2003
1698 2010
1705 2018
1710 2027
1712 2039
1704 2045
1694 2045
1685 2050
1675 2050
1675 2060
1677 2070
1682 2079
1689 2087
1697 2094
1700 2104
1705 2113
1705 2125
1700 2140
1700 2150
1700 2160
1700 2170
1700 2180
1700 2190
1700 2200
1700 2210
1700 2220
1700 2230
1700 2240
1702 2250
1705 2260
1710 2269
1713 2283
1708 2293
1698 2295
1688 2295
1678 2298
1670 2305
1675 2314
1675 2324
1683 2330
1687 2340
1695 2347
1695 2365
1690 2375
1690 2385
1685 2395
1685 2405
1685 2415
1677 2424
1668 2430
1659 2425
1650 2430
1652 2440
1655 2450
1655 2460
1655 2475
1646 2485
1637 2490
1629 2497
1619 2500
1610 2505
1601 2510
1591 2510
1582 2505
1573 2500
1565 2493
1558 2485
1549 2480
1539 2480
1530 2485
1535 2494
1535 2504
1534 2517
1526 2525
1517 2530
1507 2530
1498 2525
1489 2520
1480 2515
1470 2515
1460 2515
1455 2525
1451 2535
1442 2540
1432 2540
1422 2540
1412 2540
1402 2540
1392 2540
1382 2540
1372 2540
1362 2540
1352 2540
1342 2540
1332 2540
1323 2535
1314 2530
1304 2532
1294 2535
1285 2540
1275 2540
1266 2535
1257 2530
1253 2520
1245 2513
1239 2505
1237 2495
1234 2485
1234 2475
1232 2465
1228 2455
1220 2448
1216 2438
1211 2429
1207 2419
1202 2410
1199 2400
1194 2391
1194 2381
1194 2371
1184 2352
1180 2342
1174 2334
1169 2325
1161 2319
1154 2311
1154 2301
1149 2292
1154 2282
1159 2265
1159 2255
1151 2248
1146 2239
1144 2229
1139 2220
1137 2210
1130 2202
1125 2193
1119 2185
1114 2176
1109 2167
1114 2157
1119 2146
1114 2137
1114 2127
1109 2118
1104 2109
1099 2100
1094 2091
1089 2082
1089 2072
1089 2062
1094 2037
1097 2020
1094 2010
1089 2001
1089 1991
1089 1981
1084 1972
1087 1955
1084 1945
1076 1938
1071 1929
1064 1921
1059 1912
1059 1902
1067 1894
1077 1894
1087 1894
1097 1885
1090 1877
1082 1870
1075 1862
1065 1858
1059 1850
1049 1850
1040 1845
1030 1842
1022 1835
1013 1830
1004 1825
995 1820
985 1820
975 1825
967 1819
959 1812
952 1804
944 1797
937 1789
929 1782
920 1777
910 1775
900 1775
890 1775
883 1783
878 1793
870 1800
863 1808
855 1815
850 1825
840 1830
830 1835
820 1835
810 1835
800 1840
790 1840
780 1840
770 1840
767 1859
759 1867
754 1877
744 1882
734 1887
724 1890
715 1895
708 1905
699 1910
689 1912
679 1912
670 1907
660 1905
650 1910
642 1919
633 1925
624 1930
614 1930
605 1925
595 1925
585 1925
590 1934
595 1943
600 1952
600 1962
592 1974
582 1975
573 1970
564 1965
554 1962
545 1957
535 1955
525 1955
515 1960
510 1970
510 1980
502 1989
492 1985
485 1977
475 1975
465 1980
456 1985
447 1990
437 1990
427 1990
418 1985
409 1990
400 1995
390 1995
382 2005
372 2009
364 2015
354 2012
345 2007
337 2000
328 1995
320 1988
314 1980
305 1975
295 1975
290 1985
292 1995
295 2005
295 2015
292 2029
282 2030
272 2029
262 2025
253 2020
244 2015
236 2009
232 1999
224 1992
224 1982
219 1973
219 1963
212 1955
209 1945
201 1938
196 1929
189 1921
184 1902
180 1892
174 1884
169 1875
167 1865
164 1855
159 1846
154 1837
147 1829
139 1822
132 1814
124 1807
120 1797
115 1788
114 1778
109 1769
104 1760
99 1751
99 1720
97 1710
90 1702
82 1695
79 1685
70 1680
64 1672
