479 1172
479 1162
489 1159
499 1159
509 1159
519 1159
529 1159
539 1159
549 1159
559 1159
569 1159
579 1159
589 1159
599 1159
609 1159
619 1159
629 1159
639 1159
649 1159
659 1159
669 1159
679 1159
689 1159
699 1159
709 1159
719 1159
729 1159
739 1159
749 1159
759 1159
769 1159
779 1159
789 1159
799 1159
809 1159
817 1165
825 1172
832 1180
840 1187
847 1195
855 1202
863 1209
872 1214
881 1219
889 1226
898 1231
908 1234
917 1239
926 1244
936 1244
945 1249
955 1249
965 1249
975 1249
985 1249
995 1249
1005 1249
1015 1246
1025 1244
1035 1241
1045 1239
1054 1234
1063 1229
1072 1224
1082 1219
1092 1214
1102 1209
1111 1204
1119 1197
1127 1189
1137 1184
1145 1176
1153 1169
1162 1164
1164 1147
1164 1137
1164 1127
1164 1117
1164 1107
1164 1097
1164 1087
1164 1077
1164 1067
1164 1057
1164 1047
1164 1037
1164 1027
1164 1017
1164 1007
1164 997
1164 987
1164 977
1164 967
1164 957
1164 947
1164 937
1164 927
1164 917
1164 907
1169 897
1174 887
1179 872
1184 862
1189 852
1194 837
1199 822
1204 807
1209 797
1209 787
1214 777
1214 767
1214 757
1214 747
1214 734
1214 724
1214 714
1214 704
1209 695
1204 686
1204 676
1199 667
1194 658
1191 648
1186 639
1184 629
1181 619
1179 609
1174 600
1174 590
1169 581
1169 571
1169 561
1164 537
1164 527
1164 517
1164 507
1164 497
1164 487
1164 477
1164 467
1174 464
1184 464
1194 464
1204 464
1214 464
1224 464
1234 464
1244 464
1254 464
1264 464
1274 464
1284 464
1294 464
1304 464
1314 464
1324 464
1334 464
1344 464
1354 464
1364 464
1374 464
1384 464
1394 464
1404 464
1414 464
1424 464
1434 464
1444 464
1454 464
1464 464
1474 464
1484 464
1494 464
1504 464
1514 464
1524 464
1534 464
1544 464
1554 464
1564 464
1574 464
1584 464
1594 464
1604 464
1614 464
1620 475
1615 485
1610 495
1605 505
1600 520
1595 530
1590 545
1590 555
1585 565
1580 580
1580 590
1575 605
1575 615
1575 625
1570 640
1570 650
1570 660
1570 670
1570 680
1570 690
1570 700
1570 710
1570 720
1575 729
1575 739
1575 749
1575 759
1580 768
1580 778
1580 788
1585 797
1589 807
1590 817
1594 827
1595 837
1600 846
1603 856
1605 866
1610 875
1615 884
1615 894
1623 900
1625 910
1625 920
1625 930
1625 940
1625 950
1625 960
1625 970
1625 980
1625 990
1625 1000
1625 1010
1625 1020
1625 1030
1625 1040
1625 1050
1625 1060
1625 1070
1625 1080
1625 1090
1625 1100
1625 1110
1625 1120
1625 1130
1625 1140
1625 1150
1630 1159
1640 1159
1650 1159
1660 1159
1670 1159
1680 1159
1690 1159
1700 1159
1710 1159
1720 1159
1730 1159
1740 1159
1750 1159
1760 1159
1770 1159
1780 1159
1790 1159
1800 1159
1810 1159
1820 1159
1830 1159
1840 1159
1850 1159
1860 1159
1870 1159
1880 1159
1890 1159
1900 1159
1910 1159
1920 1159
1930 1159
1940 1159
1950 1159
1960 1159
1970 1159
1980 1159
1990 1159
2000 1159
2010 1159
2020 1159
2030 1159
2039 1152
2047 1144
2055 1136
2065 1131
2073 1124
2082 1119
2091 1114
2100 1109
2109 1104
2118 1099
2128 1099
2137 1094
2147 1094
2157 1094
2167 1094
2177 1094
2187 1094
2197 1094
2206 1099
2216 1099
2225 1104
2235 1107
2244 1112
2254 1116
2260 1124
2270 1127
2278 1134
2287 1139
2294 1147
2302 1154
2309 1162
2310 1172
2310 1182
2310 1192
2310 1202
2310 1212
2310 1222
2310 1232
2310 1242
2310 1252
2310 1262
2310 1272
2310 1282
2310 1292
2310 1302
2310 1312
2310 1322
2310 1332
2310 1342
2310 1352
2310 1362
2310 1372
2310 1382
2310 1392
2310 1402
2310 1412
2310 1422
2310 1432
2310 1442
2310 1452
2310 1462
2310 1472
2310 1482
2310 1492
2310 1502
2310 1512
2310 1522
2310 1532
2310 1542
2310 1552
2310 1562
2310 1572
2310 1582
2310 1592
2310 1602
2310 1612
2305 1630
2298 1638
2290 1645
2280 1655
2273 1663
2265 1670
2258 1678
2248 1683
2240 1690
2231 1695
2221 1695
2212 1700
2202 1704
2192 1705
2182 1705
2172 1705
2162 1705
2152 1704
2142 1700
2133 1695
2123 1695
2114 1690
2106 1683
2096 1679
2087 1674
2079 1667
2070 1662
2062 1655
2055 1647
2045 1643
2038 1635
2029 1630
2019 1630
2009 1630
1999 1630
1989 1630
1979 1630
1969 1630
1959 1630
1949 1630
1939 1630
1929 1630
1919 1630
1909 1630
1899 1630
1889 1630
1879 1630
1869 1630
1859 1630
1849 1630
1839 1630
1829 1630
1819 1630
1809 1630
1799 1630
1789 1630
1779 1630
1769 1630
1759 1630
1749 1630
1739 1630
1729 1630
1719 1630
1709 1630
1699 1630
1689 1630
1679 1630
1669 1630
1659 1630
1649 1630
1639 1630
1629 1630
1620 1635
1615 1645
1610 1660
1605 1675
1600 1690
1600 1700
1595 1710
1595 1720
1590 1735
1590 1745
1590 1755
1590 1765
1590 1775
1590 1785
1590 1795
1590 1805
1590 1815
1592 1825
1595 1835
1595 1845
1597 1855
1600 1865
1602 1875
1605 1885
1610 1894
1610 1904
1615 1913
1620 1922
1624 1932
1632 1939
1635 1949
1640 1958
1648 1965
1652 1975
1655 1985
1660 1994
1665 2003
1665 2013
1670 2022
1670 2032
1670 2042
1670 2052
1670 2062
1670 2072
1670 2082
1665 2100
1665 2110
1660 2120
1660 2130
1655 2140
1650 2150
1645 2165
1640 2175
1635 2185
1630 2195
1622 2209
1612 2214
1604 2220
1595 2225
1585 2230
1578 2243
1570 2250
1570 2260
1570 2270
1575 2279
1580 2288
1588 2295
1595 2303
1603 2309
1612 2314
1622 2319
1614 2325
1604 2325
1594 2325
1584 2325
1574 2325
1564 2325
1554 2325
1544 2325
1534 2325
1524 2325
1514 2325
1504 2325
1494 2325
1484 2325
1474 2325
1464 2325
1454 2325
1444 2325
1434 2325
1424 2325
1414 2325
1404 2325
1394 2325
1384 2325
1374 2325
1364 2325
1354 2325
1344 2325
1334 2325
1324 2325
1314 2325
1304 2325
1294 2325
1284 2325
1274 2325
1264 2325
1254 2325
1244 2325
1234 2325
1224 2325
1214 2325
1204 2325
1194 2325
1184 2325
1174 2325
1172 2314
1182 2309
1192 2304
1200 2296
1208 2289
1209 2270
1209 2260
1204 2251
1199 2242
1192 2234
1184 2227
1177 2219
1169 2212
1162 2204
1157 2195
1153 2185
1145 2178
1141 2168
1136 2159
1134 2149
1129 2140
1129 2130
1124 2121
1124 2111
1119 2102
1119 2092
1119 2082
1119 2072
1119 2062
1119 2052
1119 2042
1119 2032
1124 2022
1124 2012
1129 1997
1134 1982
1139 1972
1144 1962
1149 1952
1157 1944
1162 1934
1167 1924
1174 1912
1182 1904
1184 1892
1189 1882
1194 1867
1199 1852
1199 1842
1199 1832
1199 1816
1199 1806
1199 1796
1199 1786
1194 1777
1190 1767
1185 1758
1184 1748
1177 1740
1174 1730
1169 1721
1164 1712
1164 1702
1164 1692
1164 1682
1164 1672
1164 1662
1164 1652
1164 1642
1164 1632
1160 1622
1150 1618
1144 1610
1135 1605
1127 1599
1117 1595
1108 1590
1099 1585
1090 1580
1081 1575
1072 1570
1062 1569
1052 1565
1042 1564
1032 1560
1022 1560
1012 1559
1002 1560
993 1555
984 1560
974 1557
964 1560
954 1560
944 1560
935 1565
925 1565
915 1570
906 1575
896 1575
887 1580
878 1585
869 1590
860 1595
850 1600
840 1605
832 1614
824 1620
815 1625
805 1630
795 1630
785 1630
775 1630
765 1630
755 1630
745 1630
735 1630
725 1630
715 1630
705 1630
695 1630
685 1630
675 1630
665 1630
655 1630
645 1630
635 1630
625 1630
615 1630
605 1630
595 1630
585 1630
575 1630
565 1630
555 1630
545 1630
535 1630
525 1630
515 1630
505 1630
495 1630
485 1630
479 1622
479 1612
479 1602
479 1592
479 1582
479 1572
479 1562
479 1552
479 1542
479 1532
479 1522
479 1512
479 1502
479 1492
479 1482
479 1472
479 1462
479 1452
479 1442
479 1432
479 1422
479 1412
479 1402
479 1392
479 1382
479 1372
479 1362
479 1352
479 1342
479 1332
479 1322
479 1312
479 1302
479 1292
479 1282
479 1272
479 1262
479 1252
479 1242
479 1232
479 1222
479 1212
479 1202
479 1192
479 1182
