399 1402
404 1377
404 1367
404 1357
404 1347
404 1337
404 1327
404 1317
409 1292
409 1282
409 1272
409 1262
414 1252
414 1242
414 1232
419 1217
419 1207
419 1197
424 1187
424 1177
429 1167
429 1157
434 1147
434 1137
439 1122
444 1112
444 1102
449 1087
454 1072
459 1057
464 1047
469 1032
474 1017
479 1007
484 997
489 987
494 972
499 962
504 952
509 942
514 932
519 922
524 912
529 902
534 892
542 884
551 879
561 879
571 879
581 879
591 879
601 879
611 879
621 879
631 879
641 879
651 879
661 879
671 879
681 879
691 879
701 879
711 879
721 879
731 879
741 879
751 879
761 879
771 879
781 879
791 879
801 879
811 879
821 879
831 879
841 879
851 879
861 879
871 879
881 879
891 879
901 879
911 879
921 879
931 879
941 879
951 879
961 879
971 879
981 879
991 879
1001 879
1011 879
1021 879
1031 879
1041 879
1051 879
1061 879
1071 879
1081 879
1091 879
1101 879
1111 879
1121 879
1131 879
1141 879
1151 879
1161 879
1171 879
1181 879
1191 879
1201 879
1211 879
1221 879
1231 879
1241 879
1251 879
1261 879
1271 879
1281 879
1291 879
1301 879
1311 879
1321 879
1331 879
1341 879
1351 879
1361 879
1371 879
1381 879
1391 879
1401 879
1411 879
1421 879
1431 879
1441 879
1451 879
1461 879
1471 879
1481 879
1491 879
1501 879
1511 879
1521 879
1531 879
1541 879
1551 879
1561 879
1569 869
1569 859
1564 850
1554 850
1544 850
1534 850
1524 850
1514 850
1504 850
1494 850
1484 850
1474 850
1464 850
1454 850
1444 850
1434 850
1424 850
1414 850
1404 850
1394 850
1384 850
1374 850
1364 850
1354 850
1344 850
1334 850
1324 850
1314 850
1304 850
1294 850
1284 850
1274 850
1264 850
1254 850
1244 850
1234 850
1224 850
1214 850
1204 850
1194 850
1184 850
1174 850
1164 850
1154 850
1144 850
1134 850
1124 850
1114 850
1104 850
1094 850
1084 850
1074 850
1064 850
1054 850
1044 850
1034 850
1024 850
1014 850
1004 850
994 850
984 850
974 850
964 850
954 850
944 850
934 850
924 850
914 850
904 850
894 850
884 850
874 850
864 850
854 850
844 850
834 850
824 850
814 850
804 850
794 850
784 850
774 850
764 850
754 850
744 850
734 850
724 850
714 850
704 850
694 850
684 850
674 850
664 850
654 850
644 850
634 850
624 850
614 850
604 850
594 850
584 850
574 850
569 837
577 829
582 819
589 807
597 799
602 789
610 781
618 774
628 774
638 774
648 774
658 774
668 774
678 774
688 774
698 774
708 774
718 774
728 774
738 774
748 774
758 774
768 774
778 774
788 774
798 774
808 774
818 774
828 774
838 774
848 774
858 774
868 774
878 774
888 774
898 774
908 774
918 774
928 774
938 774
948 774
958 774
968 774
978 774
988 774
998 774
1008 774
1018 774
1028 774
1038 774
1048 774
1058 774
1068 774
1078 774
1088 774
1098 774
1108 774
1118 774
1128 774
1138 774
1148 774
1158 774
1168 774
1178 774
1188 774
1198 774
1208 774
1218 774
1228 774
1238 774
1248 774
1258 774
1268 774
1278 774
1288 774
1298 774
1308 774
1318 774
1328 774
1338 774
1348 774
1358 774
1368 774
1378 774
1388 774
1398 774
1408 774
1418 774
1428 774
1438 774
1448 774
1458 774
1468 774
1478 774
1488 774
1498 774
1508 774
1518 774
1528 774
1538 774
1548 774
1558 774
1564 764
1564 754
1559 745
1549 745
1539 745
1529 745
1519 745
1509 745
1499 745
1489 745
1479 745
1469 745
1459 745
1449 745
1439 745
1429 745
1419 745
1409 745
1399 745
1389 745
1379 745
1369 745
1359 745
1349 745
1339 745
1329 745
1319 745
1309 745
1299 745
1289 745
1279 745
1269 745
1259 745
1249 745
1239 745
1229 745
1219 745
1209 745
1199 745
1189 745
1179 745
1169 745
1159 745
1149 745
1139 745
1129 745
1119 745
1109 745
1099 745
1089 745
1079 745
1069 745
1059 745
1049 745
1039 745
1029 745
1019 745
1009 745
999 745
989 745
979 745
969 745
959 745
949 745
939 745
929 745
919 745
909 745
899 745
889 745
879 745
869 745
859 745
849 745
839 745
829 745
819 745
809 745
799 745
789 745
779 745
769 745
759 745
749 745
739 745
729 745
719 745
709 745
699 745
689 745
679 745
669 745
659 745
649 745
647 734
655 726
663 719
670 711
678 704
684 692
694 687
704 684
714 684
724 684
734 684
744 684
754 684
764 684
774 684
784 684
794 684
804 684
814 684
824 684
834 684
844 684
854 684
864 684
874 684
884 684
894 684
904 684
914 684
924 684
934 684
944 684
954 684
964 684
974 684
984 684
994 684
1004 684
1014 684
1024 684
1034 684
1044 684
1054 684
1064 684
1074 684
1084 684
1094 684
1104 684
1114 684
1124 684
1134 684
1144 684
1154 684
1164 684
1174 684
1184 684
1194 684
1204 684
1214 684
1224 684
1234 684
1244 684
1254 684
1264 684
1274 684
1284 684
1294 684
1304 684
1314 684
1324 684
1334 684
1344 684
1354 684
1364 684
1374 684
1384 684
1394 684
1404 684
1414 684
1424 684
1434 684
1444 684
1454 684
1464 684
1474 684
1484 684
1494 684
1504 684
1514 684
1524 684
1534 684
1544 684
1554 684
1564 680
1564 670
1564 660
1564 650
1554 650
1544 650
1534 650
1524 650
1514 650
1504 650
1494 650
1484 650
1474 650
1464 650
1454 650
1444 650
1434 650
1424 650
1414 650
1404 650
1394 650
1384 650
1374 650
1364 650
1354 650
1344 650
1334 650
1324 650
1314 650
1304 650
1294 650
1284 650
1274 650
1264 650
1254 650
1244 650
1234 650
1224 650
1214 650
1204 650
1194 650
1184 650
1174 650
1164 650
1154 650
1144 650
1134 650
1124 650
1114 650
1104 650
1094 650
1084 650
1074 650
1064 650
1054 650
1044 650
1034 650
1024 650
1014 650
1004 650
994 650
984 650
974 650
964 650
954 650
944 650
934 650
924 650
914 650
904 650
894 650
884 650
874 650
864 650
854 650
844 650
834 650
824 650
814 650
804 650
794 650
784 650
774 650
764 650
754 650
744 650
742 639
750 631
758 624
767 619
775 611
783 604
790 596
800 591
808 584
817 579
825 571
835 566
843 559
852 554
861 549
869 542
879 537
889 532
897 524
907 519
917 514
927 509
936 504
945 499
954 494
963 489
972 484
982 479
992 479
1001 474
1010 469
1019 464
1028 459
1038 459
1047 454
1057 449
1067 444
1077 444
1086 439
1096 435
1106 434
1115 429
1125 429
1134 424
1144 422
1154 419
1164 419
1173 414
1183 414
1192 409
1202 409
1212 409
1221 404
1231 404
1241 404
1251 404
1260 399
1270 399
1280 399
1290 396
1300 394
1310 394
1320 394
1330 394
1340 394
1350 394
1360 391
1370 392
1380 389
1389 394
1399 391
1409 389
1418 394
1428 394
1438 394
1448 394
1458 394
1468 394
1478 394
1488 395
1498 399
1508 399
1518 399
1528 399
1537 404
1547 404
1557 404
1567 404
1576 409
1586 409
1595 414
1605 414
1615 417
1625 419
1635 422
1645 424
1655 427
1665 429
1674 434
1684 434
1693 439
1703 440
1713 444
1722 449
1731 454
1741 454
1750 459
1760 462
1769 467
1779 471
1788 476
1798 479
1807 484
1816 489
1825 494
1835 497
1844 502
1852 509
1861 514
1870 519
1880 522
1889 527
1897 534
1906 539
1915 544
1924 549
1932 555
1942 559
1949 567
1957 574
1966 579
1975 584
1983 590
1990 598
2000 602
2007 610
2015 617
2023 624
2032 629
2039 637
2047 644
2054 652
2062 659
2069 667
2077 674
2084 682
2092 689
2099 697
2107 704
2114 712
2122 719
2129 727
2137 734
2140 744
2148 750
2155 758
2163 765
2167 775
2175 782
2182 790
2187 799
2194 807
2199 816
2205 824
2210 833
2215 842
2222 850
2227 859
2230 869
2238 875
2242 885
2247 894
2254 902
2259 911
2263 921
2268 930
2272 940
2277 949
2280 959
2285 968
2290 977
2294 987
2299 996
2303 1006
2305 1016
2310 1025
2315 1034
2315 1044
2320 1053
2325 1062
2325 1072
2330 1081
2333 1091
2335 1101
2340 1110
2340 1120
2345 1129
2345 1139
2350 1148
2350 1158
2355 1167
2355 1177
2359 1187
2360 1197
2364 1207
2365 1217
2365 1227
2365 1240
2370 1249
2370 1259
2370 1269
2370 1279
2375 1288
2375 1298
2375 1308
2380 1317
2380 1327
2380 1337
2380 1347
2380 1357
2380 1367
2380 1377
2380 1387
2380 1397
2380 1407
2380 1417
2380 1427
2380 1437
2380 1447
2380 1457
2375 1475
2375 1485
2375 1495
2375 1505
2370 1520
2370 1530
2370 1540
2365 1555
2365 1565
2365 1575
2360 1590
2360 1600
2355 1610
2355 1620
2350 1635
2350 1645
2345 1655
2340 1670
2340 1680
2335 1690
2330 1705
2325 1720
2320 1735
2315 1750
2310 1765
2305 1775
2300 1790
2295 1800
2290 1810
2288 1823
2283 1833
2275 1840
2265 1840
2255 1840
2245 1840
2235 1840
2225 1840
2215 1840
2205 1840
2195 1840
2185 1840
2175 1840
2165 1840
2155 1840
2145 1840
2135 1840
2125 1840
2115 1840
2105 1840
2095 1840
2085 1840
2075 1840
2065 1840
2055 1840
2045 1840
2035 1840
2025 1840
2015 1840
2005 1840
1995 1840
1985 1840
1975 1840
1965 1840
1955 1840
1945 1840
1935 1840
1925 1840
1915 1840
1905 1840
1895 1840
1885 1840
1875 1840
1865 1840
1855 1840
1845 1840
1835 1840
1825 1840
1815 1840
1805 1840
1795 1840
1785 1840
1775 1840
1765 1840
1755 1840
1745 1840
1735 1840
1725 1840
1715 1840
1705 1840
1695 1840
1685 1840
1675 1840
1665 1840
1655 1840
1645 1840
1635 1840
1625 1840
1615 1840
1605 1840
1595 1840
1585 1840
1575 1840
1565 1840
1555 1840
1545 1840
1535 1840
1525 1840
1515 1840
1505 1840
1495 1840
1485 1840
1475 1840
1465 1840
1455 1840
1445 1840
1435 1840
1425 1840
1415 1840
1405 1840
1405 1850
1405 1860
1410 1869
1420 1869
1430 1869
1440 1869
1450 1869
1460 1869
1470 1869
1480 1869
1490 1869
1500 1869
1510 1869
1520 1869
1530 1869
1540 1869
1550 1869
1560 1869
1570 1869
1580 1869
1590 1869
1600 1869
1610 1869
1620 1869
1630 1869
1640 1869
1650 1869
1660 1869
1670 1869
1680 1869
1690 1869
1700 1869
1710 1869
1720 1869
1730 1869
1740 1869
1750 1869
1760 1869
1770 1869
1780 1869
1790 1869
1800 1869
1810 1869
1820 1869
1830 1869
1840 1869
1850 1869
1860 1869
1870 1869
1880 1869
1890 1869
1900 1869
1910 1869
1920 1869
1930 1869
1940 1869
1950 1869
1960 1869
1970 1869
1980 1869
1990 1869
2000 1869
2010 1869
2020 1869
2030 1869
2040 1869
2050 1869
2060 1869
2070 1869
2080 1869
2090 1869
2100 1869
2110 1869
2120 1869
2130 1869
2140 1869
2150 1869
2160 1869
2170 1869
2180 1869
2190 1869
2200 1869
2210 1869
2220 1869
2230 1869
2240 1869
2250 1869
2260 1869
2260 1879
2253 1888
2248 1898
2243 1908
2238 1918
2230 1925
2225 1935
2215 1945
2205 1945
2195 1945
2185 1945
2175 1945
2165 1945
2155 1945
2145 1945
2135 1945
2125 1945
2115 1945
2105 1945
2095 1945
2085 1945
2075 1945
2065 1945
2055 1945
2045 1945
2035 1945
2025 1945
2015 1945
2005 1945
1995 1945
1985 1945
1975 1945
1965 1945
1955 1945
1945 1945
1935 1945
1925 1945
1915 1945
1905 1945
1895 1945
1885 1945
1875 1945
1865 1945
1855 1945
1845 1945
1835 1945
1825 1945
1815 1945
1805 1945
1795 1945
1785 1945
1775 1945
1765 1945
1755 1945
1745 1945
1735 1945
1725 1945
1715 1945
1705 1945
1695 1945
1685 1945
1675 1945
1665 1945
1655 1945
1645 1945
1635 1945
1625 1945
1615 1945
1605 1945
1595 1945
1585 1945
1575 1945
1565 1945
1555 1945
1545 1945
1535 1945
1525 1945
1515 1945
1505 1945
1495 1945
1485 1945
1475 1945
1465 1945
1455 1945
1445 1945
1435 1945
1425 1945
1415 1945
1405 1945
1405 1955
1405 1965
1410 1974
1420 1974
1430 1974
1440 1974
1450 1974
1460 1974
1470 1974
1480 1974
1490 1974
1500 1974
1510 1974
1520 1974
1530 1974
1540 1974
1550 1974
1560 1974
1570 1974
1580 1974
1590 1974
1600 1974
1610 1974
1620 1974
1630 1974
1640 1974
1650 1974
1660 1974
1670 1974
1680 1974
1690 1974
1700 1974
1710 1974
1720 1974
1730 1974
1740 1974
1750 1974
1760 1974
1770 1974
1780 1974
1790 1974
1800 1974
1810 1974
1820 1974
1830 1974
1840 1974
1850 1974
1860 1974
1870 1974
1880 1974
1890 1974
1900 1974
1910 1974
1920 1974
1930 1974
1940 1974
1950 1974
1960 1974
1970 1974
1980 1974
1990 1974
2000 1974
2010 1974
2020 1974
2030 1974
2040 1974
2050 1974
2060 1974
2070 1974
2080 1974
2090 1974
2100 1974
2110 1974
2120 1974
2130 1974
2140 1974
2150 1974
2160 1974
2170 1974
2180 1974
2190 1974
2195 1983
2188 1993
2180 2000
2173 2013
2165 2020
2158 2033
2150 2040
2143 2048
2138 2058
2130 2065
2123 2073
2115 2080
2108 2088
2100 2095
2090 2095
2080 2095
2070 2095
2060 2095
2050 2095
2040 2095
2030 2095
2020 2095
2010 2095
2000 2095
1990 2095
1980 2095
1970 2095
1960 2095
1950 2095
1940 2095
1930 2095
1920 2095
1910 2095
1900 2095
1890 2095
1880 2095
1870 2095
1860 2095
1850 2095
1840 2095
1830 2095
1820 2095
1810 2095
1800 2095
1790 2095
1780 2095
1770 2095
1760 2095
1750 2095
1740 2095
1730 2095
1720 2095
1710 2095
1700 2095
1690 2095
1680 2095
1670 2095
1660 2095
1650 2095
1640 2095
1630 2095
1620 2095
1610 2095
1600 2095
1590 2095
1580 2095
1570 2095
1560 2095
1550 2095
1540 2095
1530 2095
1520 2095
1510 2095
1500 2095
1490 2095
1480 2095
1470 2095
1460 2095
1450 2095
1440 2095
1430 2095
1420 2095
1420 2105
1420 2115
1425 2124
1435 2124
1445 2124
1455 2124
1465 2124
1475 2124
1485 2124
1495 2124
1505 2124
1515 2124
1525 2124
1535 2124
1545 2124
1555 2124
1565 2124
1575 2124
1585 2124
1595 2124
1605 2124
1615 2124
1625 2124
1635 2124
1645 2124
1655 2124
1665 2124
1675 2124
1685 2124
1695 2124
1705 2124
1715 2124
1725 2124
1735 2124
1745 2124
1755 2124
1765 2124
1775 2124
1785 2124
1795 2124
1805 2124
1815 2124
1825 2124
1835 2124
1845 2124
1855 2124
1865 2124
1875 2124
1885 2124
1895 2124
1905 2124
1915 2124
1925 2124
1935 2124
1945 2124
1955 2124
1965 2124
1975 2124
1985 2124
1995 2124
2005 2124
2015 2124
2025 2124
2035 2124
2045 2124
2055 2124
2065 2124
2058 2138
2050 2145
2043 2153
2035 2160
2025 2165
2018 2173
2010 2180
2002 2189
1994 2195
1985 2200
1978 2208
1968 2213
1960 2220
1950 2225
1942 2234
1932 2239
1924 2245
1915 2250
1905 2255
1895 2260
1887 2269
1877 2274
1867 2279
1857 2284
1847 2289
1837 2294
1828 2300
1819 2305
1809 2307
1799 2312
1789 2317
1779 2322
1769 2327
1759 2330
1750 2335
1741 2340
1731 2340
1722 2345
1713 2350
1703 2353
1693 2355
1684 2360
1674 2360
1665 2365
1655 2365
1645 2370
1635 2370
1625 2375
1615 2375
1605 2380
1595 2380
1585 2385
1575 2385
1565 2385
1555 2390
1545 2390
1535 2390
1525 2395
1515 2395
1505 2395
1495 2395
1486 2400
1476 2400
1466 2400
1456 2400
1446 2400
1436 2403
1426 2405
1416 2405
1406 2405
1396 2405
1386 2405
1376 2405
1366 2405
1356 2405
1347 2400
1337 2404
1327 2405
1318 2400
1308 2400
1298 2400
1288 2400
1279 2395
1269 2395
1259 2395
1250 2390
1240 2390
1230 2390
1220 2390
1211 2385
1201 2385
1191 2383
1181 2380
1171 2378
1161 2375
1151 2375
1142 2370
1132 2369
1122 2365
1112 2365
1103 2360
1094 2355
1084 2355
1075 2350
1065 2348
1056 2343
1046 2340
1037 2335
1027 2334
1017 2330
1008 2325
999 2320
990 2315
980 2312
970 2308
961 2303
951 2299
942 2294
932 2290
925 2282
915 2278
906 2273
896 2269
887 2264
879 2257
870 2252
862 2245
853 2240
844 2235
836 2229
827 2224
819 2217
810 2212
802 2205
793 2200
785 2193
779 2185
771 2179
762 2174
754 2167
747 2159
739 2152
732 2144
724 2137
717 2129
707 2125
703 2115
694 2110
686 2104
682 2094
674 2087
667 2079
659 2072
652 2064
644 2057
637 2049
632 2040
625 2032
617 2025
610 2017
605 2008
599 2000
594 1991
589 1982
582 1974
577 1965
570 1957
565 1948
559 1940
554 1931
549 1922
544 1913
537 1905
534 1895
529 1886
524 1877
519 1868
514 1859
509 1850
504 1841
499 1832
495 1822
490 1813
489 1803
484 1794
479 1785
474 1776
474 1766
469 1757
465 1747
460 1738
459 1728
454 1719
451 1709
449 1699
444 1690
444 1680
439 1671
439 1661
434 1652
434 1642
429 1633
429 1623
424 1614
424 1604
419 1595
419 1585
419 1575
419 1565
414 1556
414 1546
409 1526
409 1516
409 1506
409 1496
404 1471
404 1461
404 1451
404 1441
404 1431
404 1421
404 1411
