374 2247
379 2260
389 2260
399 2260
409 2260
419 2260
429 2260
439 2260
449 2260
459 2260
469 2260
479 2260
489 2260
499 2260
509 2260
519 2260
529 2260
539 2260
549 2260
559 2260
569 2260
579 2260
589 2260
599 2260
609 2260
619 2260
629 2260
639 2260
649 2260
659 2260
669 2260
679 2260
689 2260
699 2260
709 2260
719 2260
729 2260
739 2260
749 2260
759 2260
769 2260
779 2260
789 2260
799 2260
809 2260
819 2260
829 2260
839 2260
849 2260
859 2260
869 2260
879 2260
889 2260
899 2260
909 2260
919 2260
929 2260
939 2260
949 2260
959 2260
969 2260
979 2260
989 2260
999 2260
1009 2260
1019 2260
1029 2260
1039 2260
1049 2260
1059 2260
1069 2260
1079 2260
1089 2260
1099 2260
1109 2260
1119 2260
1129 2260
1139 2260
1149 2260
1159 2260
1169 2260
1179 2260
1189 2260
1199 2260
1209 2260
1219 2260
1229 2260
1239 2260
1249 2260
1259 2260
1269 2260
1279 2260
1289 2260
1299 2260
1309 2260
1319 2260
1329 2260
1339 2260
1349 2260
1359 2260
1369 2260
1379 2260
1389 2260
1399 2260
1409 2260
1419 2260
1429 2260
1439 2260
1449 2260
1459 2260
1469 2260
1479 2260
1489 2260
1499 2260
1509 2260
1519 2260
1529 2260
1539 2260
1549 2260
1559 2260
1569 2260
1579 2260
1589 2260
1599 2260
1609 2260
1619 2260
1629 2260
1639 2260
1649 2260
1659 2260
1669 2260
1679 2260
1689 2260
1699 2260
1709 2260
1719 2260
1729 2260
1739 2260
1749 2260
1759 2260
1769 2260
1779 2260
1789 2260
1799 2260
1809 2260
1819 2260
1829 2260
1839 2260
1849 2260
1859 2260
1869 2260
1879 2260
1889 2260
1899 2260
1909 2260
1919 2260
1929 2260
1939 2260
1949 2260
1959 2260
1969 2260
1979 2260
1989 2260
1999 2260
2009 2260
2019 2260
2029 2260
2039 2260
2049 2260
2059 2260
2069 2260
2079 2260
2089 2260
2099 2260
2109 2260
2119 2260
2129 2260
2139 2260
2149 2260
2159 2260
2169 2260
2179 2260
2189 2260
2199 2260
2209 2260
2219 2260
2229 2260
2239 2260
2249 2260
2259 2260
2269 2260
2279 2260
2289 2260
2299 2260
2309 2260
2310 2249
2307 2239
2302 2230
2298 2220
2290 2213
2285 2204
2282 2194
2277 2185
2273 2175
2265 2169
2262 2159
2257 2150
2253 2140
2245 2134
2242 2124
2237 2115
2233 2105
2225 2099
2222 2089
2217 2080
2213 2070
2205 2064
2202 2054
2197 2045
2193 2035
2185 2028
2180 2019
2177 2009
2172 2000
2168 1990
2160 1984
2157 1974
2152 1965
2148 1955
2140 1949
2137 1939
2132 1930
2128 1920
2120 1914
2117 1904
2112 1895
2108 1885
2100 1879
2097 1869
2092 1860
2088 1850
2080 1843
2075 1834
2072 1824
2067 1815
2063 1805
2055 1799
2052 1789
2047 1780
2043 1770
2035 1764
2032 1754
2027 1745
2023 1735
2015 1729
2012 1719
2007 1710
2003 1700
1995 1694
1992 1684
1987 1675
1983 1665
1975 1658
1970 1649
1967 1639
1962 1630
1958 1620
1950 1614
1947 1604
1942 1595
1938 1585
1930 1579
1927 1569
1922 1560
1918 1550
1910 1544
1907 1534
1902 1525
1898 1515
1890 1509
1887 1499
1882 1490
1878 1480
1870 1473
1865 1464
1862 1454
1857 1445
1853 1435
1845 1429
1842 1419
1837 1410
1833 1400
1825 1394
1822 1384
1817 1375
1813 1365
1805 1359
1802 1349
1797 1340
1793 1330
1785 1324
1782 1314
1777 1305
1773 1295
1765 1288
1760 1279
1757 1269
1752 1260
1748 1250
1740 1244
1737 1234
1732 1225
1728 1215
1720 1209
1717 1199
1712 1190
1708 1180
1700 1174
1697 1164
1692 1155
1688 1145
1680 1139
1677 1129
1672 1120
1668 1110
1660 1103
1655 1094
1652 1084
1647 1075
1643 1065
1635 1059
1632 1049
1627 1040
1623 1030
1615 1024
1612 1014
1607 1005
1603 995
1595 989
1592 979
1587 970
1583 960
1575 954
1572 944
1567 935
1563 925
1555 918
1550 909
1547 899
1542 890
1538 880
1530 874
1527 864
1522 855
1518 845
1510 838
1505 829
1502 819
1497 810
1490 802
1485 793
1480 784
1476 774
1470 766
1465 757
1460 748
1455 739
1450 730
1445 721
1440 712
1435 703
1430 694
1425 685
1420 676
1415 667
1410 658
1405 649
1400 640
1395 631
1390 622
1385 613
1380 604
1375 595
1369 587
1365 577
1360 568
1355 559
1349 551
1339 547
1332 559
1327 569
1322 579
1317 589
1309 597
1304 607
1299 617
1292 629
1287 639
1282 649
1277 659
1269 667
1264 677
1259 687
1252 699
1247 709
1242 719
1237 729
1232 739
1224 747
1219 757
1214 767
1207 779
1202 789
1197 799
1192 809
1184 817
1179 827
1174 837
1167 849
1162 859
1157 869
1152 879
1147 889
1139 897
1134 907
1129 917
1122 929
1117 939
1112 949
1107 959
1099 967
1094 977
1089 987
1082 999
1077 1009
1072 1019
1067 1029
1062 1039
1054 1047
1049 1057
1044 1067
1037 1079
1032 1089
1027 1099
1022 1109
1014 1117
1009 1127
1004 1137
997 1149
992 1159
987 1169
982 1179
974 1187
969 1197
964 1207
957 1219
952 1229
947 1239
942 1249
934 1257
929 1267
924 1277
919 1287
912 1299
907 1309
902 1319
897 1329
889 1337
884 1347
879 1357
872 1369
867 1379
862 1389
857 1399
852 1409
844 1417
839 1427
834 1437
827 1449
822 1459
817 1469
812 1479
804 1487
799 1497
794 1507
787 1519
782 1529
777 1539
772 1549
767 1559
759 1567
754 1577
749 1587
742 1599
737 1609
732 1619
727 1629
719 1637
714 1647
709 1657
704 1667
697 1679
692 1689
687 1699
682 1709
674 1717
669 1727
664 1737
657 1749
652 1759
647 1769
642 1779
634 1787
629 1797
624 1807
619 1817
612 1829
607 1839
602 1849
597 1859
589 1867
584 1877
579 1887
572 1899
567 1909
562 1919
557 1929
549 1937
544 1947
539 1957
534 1967
527 1979
522 1989
517 1999
512 2009
504 2017
499 2027
494 2037
487 2049
482 2059
477 2069
472 2079
467 2089
459 2097
454 2107
449 2117
442 2129
437 2139
432 2149
427 2159
419 2167
414 2177
409 2187
402 2199
397 2209
392 2219
387 2229
382 2239
