74 1681
77 1664
85 1656
93 1649
97 1639
105 1631
113 1624
120 1616
128 1609
135 1601
143 1594
150 1586
158 1579
165 1571
173 1564
180 1556
188 1549
197 1544
205 1536
213 1529
220 1521
228 1514
235 1506
243 1499
250 1491
260 1486
268 1479
277 1474
285 1466
293 1459
302 1454
311 1449
319 1442
327 1434
336 1429
346 1425
354 1417
364 1412
374 1407
382 1399
392 1394
401 1389
410 1384
419 1377
429 1374
438 1369
447 1364
455 1356
465 1354
474 1349
483 1344
492 1339
502 1334
512 1334
521 1329
529 1322
539 1319
548 1314
557 1309
567 1309
576 1304
585 1299
595 1299
604 1294
614 1292
624 1287
634 1284
644 1277
644 1267
644 1257
644 1247
644 1237
644 1227
649 1217
649 1207
649 1197
649 1187
654 1177
654 1167
654 1157
659 1147
659 1137
664 1127
664 1117
669 1107
669 1097
674 1087
674 1077
670 1067
660 1063
653 1055
645 1048
639 1040
629 1036
621 1030
612 1025
605 1017
595 1013
588 1005
580 998
573 990
565 983
559 975
551 969
542 964
534 957
527 949
519 942
512 934
507 925
500 917
492 910
485 902
477 895
473 885
465 878
459 870
451 864
447 854
439 847
432 839
424 832
419 823
415 813
408 805
400 798
394 790
393 780
385 773
379 765
374 756
369 747
362 739
354 732
354 722
347 714
339 707
339 697
332 689
327 680
324 670
316 664
312 654
307 645
304 635
299 626
294 617
289 608
284 599
279 590
279 580
271 574
269 564
264 555
259 546
254 537
254 527
259 517
267 509
275 501
280 491
285 481
293 474
300 466
308 459
315 451
320 441
328 434
335 426
343 419
350 411
358 404
364 392
372 384
382 379
387 369
396 364
404 357
412 349
420 341
428 334
435 326
443 319
452 314
460 306
468 299
475 291
483 284
492 279
502 274
510 266
518 259
527 254
537 254
546 259
555 264
564 269
574 271
580 279
590 279
599 284
608 289
617 294
626 299
635 304
645 307
654 312
664 316
670 324
680 327
689 332
697 339
707 339
714 347
722 354
732 354
739 362
747 369
756 374
765 379
773 385
780 393
790 394
798 400
805 408
813 415
823 419
832 424
839 432
847 439
854 447
864 451
870 459
878 465
885 473
895 477
902 485
910 492
917 500
925 507
934 512
942 519
949 527
957 534
964 542
969 551
975 559
983 565
990 573
998 580
1005 588
1013 595
1017 605
1025 612
1030 621
1036 629
1040 639
1048 645
1055 653
1063 660
1067 670
1077 674
1087 674
1097 669
1107 669
1117 664
1127 664
1137 659
1147 659
1157 654
1167 654
1177 654
1187 649
1197 649
1207 649
1217 649
1227 644
1237 644
1247 644
1257 644
1267 644
1277 644
1284 627
1289 617
1294 607
1294 597
1299 582
1304 572
1309 557
1314 547
1319 532
1327 524
1332 514
1334 502
1339 492
1344 482
1349 472
1354 457
1362 449
1367 439
1374 422
1382 414
1387 404
1392 394
1399 382
1407 374
1412 364
1417 354
1425 346
1429 332
1437 324
1445 316
1450 306
1458 299
1462 289
1470 281
1478 274
1482 264
1489 252
1497 244
1505 236
1513 229
1520 221
1528 214
1535 206
1543 199
1547 189
1555 181
1563 174
1570 166
1578 159
1585 151
1593 144
1600 136
1608 129
1615 121
1623 114
1630 106
1638 99
1647 94
1655 86
1663 79
1670 71
1680 74
1689 79
1699 81
1709 84
1718 89
1727 94
1737 94
1746 99
1755 104
1765 107
1775 109
1784 114
1793 119
1802 124
1811 129
1820 134
1830 137
1839 142
1849 146
1858 151
1868 155
1877 160
1887 164
1894 172
1904 176
1913 181
1923 185
1930 193
1940 197
1948 204
1957 209
1966 214
1975 219
1983 225
1992 230
2000 237
2008 244
2015 252
2015 262
2015 272
2010 290
2010 300
2010 310
2010 320
2005 330
2005 340
2005 350
2005 360
2000 370
2000 380
2000 390
1995 400
1995 410
1990 420
1990 430
1985 440
1985 450
1985 460
1980 470
1975 485
1975 495
1970 505
1970 515
1965 525
1960 540
1955 550
1955 560
1950 570
1945 585
1940 600
1935 610
1930 625
1925 635
1920 650
1918 663
1913 673
1905 680
1900 695
1895 705
1890 715
1885 725
1885 735
1878 743
1873 753
1865 760
1865 770
1858 778
1853 788
1845 795
1845 805
1838 813
1833 823
1825 830
1820 840
1813 853
1805 860
1800 870
1793 878
1785 885
1785 895
1785 905
1787 915
1795 922
1800 931
1805 940
1810 949
1815 958
1820 967
1827 975
1832 984
1835 994
1840 1003
1845 1012
1850 1021
1855 1030
1857 1040
1860 1050
1865 1059
1870 1068
1870 1078
1878 1084
1888 1084
1898 1084
1908 1084
1918 1084
1928 1084
1938 1084
1948 1084
1957 1089
1967 1089
1977 1089
1987 1089
1997 1089
2007 1089
2016 1094
2026 1094
2036 1094
2046 1094
2055 1099
2065 1099
2075 1099
2085 1102
2095 1104
2105 1104
2114 1109
2124 1109
2134 1111
2144 1114
2154 1114
2163 1119
2173 1119
2182 1124
2192 1124
2201 1129
2210 1134
2220 1134
2230 1137
2240 1139
2249 1144
2259 1146
2269 1149
2279 1151
2289 1154
2298 1159
2307 1164
2317 1164
2326 1169
2335 1174
2344 1179
2354 1181
2363 1186
2373 1189
2382 1194
2391 1199
2400 1204
2410 1204
2418 1210
2427 1215
2437 1219
2446 1224
2455 1229
2464 1234
2473 1239
2482 1244
2491 1249
2500 1254
2508 1260
2518 1264
2527 1269
2534 1277
2540 1285
2540 1295
2540 1305
2540 1315
2540 1325
2540 1335
2540 1345
2540 1355
2540 1365
2540 1375
2535 1385
2535 1395
2535 1405
2535 1415
2530 1425
2530 1435
2530 1445
2530 1455
2525 1465
2525 1475
2525 1485
2520 1495
2520 1505
2515 1520
2515 1530
2510 1545
2510 1555
2505 1565
2505 1575
2500 1585
2500 1595
2495 1605
2495 1615
2490 1625
2485 1640
2482 1659
2474 1665
2464 1665
2455 1670
2445 1670
2435 1670
2426 1675
2416 1675
2407 1680
2397 1680
2387 1680
2378 1685
2368 1685
2358 1685
2349 1690
2339 1690
2329 1690
2319 1692
2309 1695
2299 1695
2289 1695
2279 1695
2269 1697
2259 1700
2249 1700
2239 1700
2229 1700
2219 1700
2209 1700
2199 1700
2189 1700
2179 1700
2169 1700
2159 1700
2149 1700
2139 1700
2129 1700
2119 1700
2109 1700
2099 1700
2089 1700
2079 1700
2069 1700
2060 1695
2050 1695
2040 1695
2030 1695
2020 1695
2011 1690
2001 1690
1991 1690
1981 1688
1971 1685
1961 1685
1951 1683
1941 1680
1931 1678
1921 1675
1911 1675
1901 1673
1891 1670
1881 1668
1871 1665
1861 1663
1851 1660
1842 1655
1832 1655
1823 1650
1813 1650
1804 1645
1795 1640
1785 1640
1778 1648
1770 1655
1765 1665
1758 1673
1750 1680
1743 1693
1735 1700
1728 1708
1720 1715
1713 1723
1705 1730
1698 1738
1690 1745
1680 1750
1673 1758
1665 1765
1655 1770
1648 1778
1640 1785
1640 1795
1645 1804
1650 1813
1650 1823
1655 1832
1655 1842
1660 1851
1663 1861
1665 1871
1668 1881
1670 1891
1673 1901
1675 1911
1675 1921
1678 1931
1680 1941
1683 1951
1685 1961
1685 1971
1688 1981
1690 1991
1690 2001
1690 2011
1695 2020
1695 2030
1695 2040
1695 2050
1695 2060
1700 2069
1700 2079
1700 2089
1700 2099
1700 2109
1700 2119
1700 2129
1700 2139
1700 2149
1700 2159
1700 2169
1700 2179
1700 2189
1700 2199
1700 2209
1700 2219
1700 2229
1700 2239
1700 2249
1700 2259
1695 2270
1695 2280
1695 2290
1695 2300
1695 2310
1690 2320
1690 2330
1690 2340
1685 2355
1685 2365
1685 2375
1680 2385
1680 2395
1680 2405
1675 2415
1675 2425
1670 2435
1670 2445
1665 2460
1662 2479
1653 2485
1643 2485
1634 2490
1624 2492
1614 2495
1604 2497
1594 2500
1584 2502
1574 2505
1564 2507
1554 2510
1544 2512
1534 2515
1524 2515
1515 2520
1505 2520
1495 2520
1485 2525
1475 2525
1465 2525
1455 2530
1445 2530
1435 2530
1425 2530
1415 2535
1405 2535
1395 2535
1385 2535
1375 2540
1365 2540
1355 2540
1345 2540
1335 2540
1325 2540
1315 2540
1305 2540
1295 2540
1285 2540
1277 2534
1269 2527
1264 2518
1260 2508
1254 2500
1249 2491
1244 2482
1239 2473
1234 2464
1229 2455
1224 2446
1219 2437
1215 2427
1210 2418
1204 2410
1204 2400
1199 2391
1194 2382
1189 2373
1186 2363
1181 2354
1179 2344
1174 2335
1169 2326
1164 2317
1164 2307
1159 2298
1154 2289
1151 2279
1149 2269
1146 2259
1144 2249
1139 2240
1137 2230
1134 2220
1134 2210
1129 2201
1124 2192
1124 2182
1119 2173
1119 2163
1114 2154
1114 2144
1111 2134
1109 2124
1109 2114
1104 2105
1104 2095
1102 2085
1099 2075
1099 2065
1097 2055
1094 2045
1094 2035
1094 2025
1092 2015
1089 2005
1089 1995
1089 1985
1089 1975
1089 1965
1087 1955
1084 1945
1084 1935
1084 1925
1084 1915
1084 1905
1084 1895
1084 1885
1083 1875
1074 1870
1064 1867
1055 1862
1045 1860
1036 1855
1026 1853
1016 1849
1007 1844
997 1840
988 1835
979 1830
971 1823
961 1819
952 1814
944 1807
935 1802
925 1798
918 1790
909 1785
899 1785
889 1785
880 1790
872 1799
864 1805
855 1810
847 1819
837 1824
827 1829
819 1835
810 1840
800 1845
790 1850
780 1855
772 1864
762 1865
754 1872
744 1877
736 1885
726 1885
717 1890
708 1895
699 1900
690 1905
680 1905
673 1913
663 1918
653 1920
644 1925
634 1927
624 1932
614 1935
605 1940
596 1945
586 1945
577 1950
567 1954
557 1955
547 1959
537 1964
527 1965
518 1970
508 1970
499 1975
489 1975
480 1980
470 1980
460 1985
450 1985
440 1985
430 1990
420 1990
410 1995
400 1995
390 2000
380 2000
370 2000
360 2005
350 2005
340 2005
330 2005
321 2010
311 2010
301 2010
291 2010
282 2015
272 2015
262 2015
252 2015
244 2008
237 2000
230 1992
225 1983
219 1975
214 1966
209 1957
204 1948
197 1940
194 1930
186 1923
181 1914
177 1904
172 1895
165 1887
160 1878
156 1868
151 1859
147 1849
142 1840
139 1830
134 1821
129 1812
124 1803
119 1794
114 1785
109 1776
109 1766
104 1757
100 1747
95 1738
94 1728
89 1719
84 1710
82 1700
79 1690
