389 427
389 437
394 446
399 455
402 465
410 472
419 477
419 487
429 490
429 500
438 505
439 515
448 520
449 530
458 535
462 545
467 554
474 562
474 572
474 582
464 587
464 597
469 606
474 615
483 620
484 630
493 635
499 643
507 650
509 660
518 665
522 675
532 675
537 684
544 692
549 701
559 705
562 715
562 729
554 737
559 746
564 755
569 764
577 770
582 779
592 780
597 789
604 797
610 805
619 810
628 815
632 825
642 825
647 834
654 842
662 849
664 859
669 880
672 890
680 897
689 902
695 910
704 915
713 920
717 930
727 930
729 940
738 945
747 950
755 957
764 962
774 965
779 974
779 984
779 994
787 1000
796 1005
801 1014
809 1020
818 1025
825 1033
835 1035
841 1043
851 1045
856 1054
866 1055
875 1060
884 1065
893 1070
900 1078
909 1083
909 1093
917 1100
926 1105
935 1110
944 1115
953 1120
960 1128
970 1130
979 1135
989 1135
992 1145
1002 1145
1011 1150
1019 1156
1029 1160
1038 1165
1047 1170
1043 1184
1033 1184
1024 1179
1015 1174
1005 1176
995 1179
985 1179
976 1174
966 1174
957 1169
947 1169
938 1164
928 1164
918 1164
909 1159
899 1162
891 1169
881 1169
871 1169
862 1164
852 1164
842 1164
833 1159
823 1159
813 1159
804 1154
794 1157
792 1169
782 1174
772 1174
763 1169
753 1169
743 1169
733 1169
723 1169
714 1164
704 1164
694 1164
689 1176
684 1187
674 1189
664 1189
654 1189
644 1189
634 1189
624 1189
614 1189
604 1189
594 1189
584 1189
584 1199
577 1214
568 1219
558 1219
548 1219
538 1219
528 1219
518 1219
508 1219
499 1224
489 1224
479 1224
469 1227
475 1235
474 1252
464 1257
454 1259
444 1262
434 1264
424 1264
414 1267
404 1269
394 1269
384 1272
390 1280
400 1280
410 1280
419 1285
429 1285
439 1285
448 1290
458 1290
467 1295
477 1299
479 1309
469 1317
475 1325
485 1325
495 1325
505 1327
515 1330
525 1330
535 1330
545 1330
555 1330
565 1330
574 1335
583 1340
584 1350
584 1360
594 1360
604 1360
614 1360
624 1360
634 1360
644 1360
654 1360
664 1360
674 1360
684 1360
689 1369
694 1385
704 1385
714 1385
723 1380
733 1380
743 1380
753 1380
763 1380
772 1375
782 1375
792 1379
794 1389
802 1395
811 1390
821 1390
831 1390
840 1385
850 1385
860 1385
869 1380
879 1380
889 1380
899 1380
902 1390
912 1389
922 1385
932 1385
942 1384
952 1380
961 1375
971 1375
980 1370
990 1370
1000 1370
1009 1375
1019 1372
1029 1367
1039 1365
1049 1365
1049 1375
1042 1384
1032 1384
1022 1389
1018 1399
1008 1399
999 1404
989 1407
980 1414
971 1419
961 1420
955 1429
945 1431
939 1439
929 1442
919 1447
909 1452
902 1469
894 1477
884 1482
875 1489
866 1494
856 1495
851 1504
841 1505
835 1514
825 1516
819 1524
809 1527
799 1537
789 1547
779 1552
779 1562
775 1581
765 1586
755 1591
748 1599
739 1604
729 1607
724 1619
714 1622
705 1631
699 1639
689 1642
679 1652
669 1662
664 1681
662 1699
654 1707
645 1716
639 1724
629 1727
620 1736
614 1744
604 1747
595 1761
589 1769
579 1772
569 1782
569 1792
559 1797
554 1807
559 1816
564 1825
559 1837
549 1847
544 1857
535 1866
529 1874
519 1877
509 1887
509 1897
499 1902
494 1914
484 1917
484 1927
474 1932
469 1942
464 1952
464 1962
474 1965
474 1975
472 1989
464 1997
459 2007
449 2017
449 2027
439 2032
439 2042
429 2047
429 2057
419 2062
419 2072
409 2077
399 2087
394 2102
389 2112
389 2122
397 2129
404 2137
410 2145
419 2150
425 2158
435 2160
444 2155
453 2150
463 2148
469 2140
475 2130
485 2130
490 2120
500 2120
505 2110
515 2110
520 2100
530 2100
535 2090
545 2085
555 2080
564 2075
574 2075
584 2075
587 2085
597 2084
607 2079
617 2074
622 2065
632 2064
635 2050
645 2050
650 2040
660 2040
665 2030
675 2025
675 2015
685 2005
695 2000
705 1990
715 1985
725 1985
734 1990
744 1992
754 1987
762 1980
770 1970
780 1965
780 1955
790 1945
800 1945
805 1930
815 1920
825 1915
825 1905
835 1895
845 1890
854 1885
864 1885
874 1885
883 1880
890 1870
900 1860
910 1855
910 1845
920 1835
930 1830
930 1820
940 1820
945 1805
950 1795
960 1785
965 1775
974 1770
984 1770
994 1770
1000 1760
1005 1750
1015 1740
1025 1735
1025 1725
1035 1720
1035 1710
1045 1705
1045 1695
1055 1690
1055 1680
1060 1665
1070 1655
1078 1648
1084 1640
1094 1640
1100 1630
1105 1620
1110 1605
1120 1600
1120 1590
1130 1585
1130 1575
1135 1560
1145 1555
1145 1545
1150 1530
1160 1520
1165 1505
1174 1500
1184 1500
1184 1510
1179 1522
1174 1532
1174 1542
1179 1551
1179 1561
1174 1572
1174 1582
1169 1592
1164 1607
1164 1617
1164 1627
1159 1637
1159 1647
1169 1650
1169 1660
1169 1670
1164 1687
1164 1697
1159 1712
1159 1722
1159 1732
1154 1742
1154 1752
1164 1755
1173 1760
1174 1770
1169 1782
1169 1792
1169 1802
1169 1812
1169 1822
1164 1832
1164 1842
1164 1852
1164 1862
1174 1860
1184 1860
1189 1869
1189 1879
1189 1889
1189 1899
1189 1909
1189 1919
1189 1929
1189 1939
1189 1949
1189 1959
1189 1969
1199 1965
1209 1965
1214 1974
1219 1983
1219 1993
1219 2003
1219 2013
1219 2023
1219 2033
1220 2043
1224 2053
1224 2063
1224 2073
1232 2079
1237 2070
1247 2070
1254 2078
1259 2087
1259 2097
1264 2106
1264 2116
1264 2126
1269 2135
1269 2145
1269 2155
1272 2165
1280 2155
1280 2145
1280 2135
1285 2125
1285 2115
1285 2105
1290 2095
1290 2085
1295 2075
1304 2070
1314 2070
1317 2080
1325 2065
1325 2055
1325 2045
1330 2030
1330 2020
1330 2010
1330 2000
1330 1990
1330 1980
1335 1970
1344 1965
1354 1965
1357 1975
1360 1955
1360 1945
1360 1935
1360 1925
1360 1915
1360 1905
1360 1895
1360 1885
1360 1875
1360 1865
1369 1860
1379 1860
1385 1850
1385 1840
1382 1830
1380 1820
1380 1810
1380 1800
1380 1790
1377 1780
1375 1770
1375 1760
1384 1755
1394 1752
1390 1738
1390 1728
1390 1718
1385 1709
1385 1699
1385 1689
1380 1680
1380 1670
1380 1660
1380 1650
1390 1641
1385 1632
1385 1622
1385 1612
1380 1603
1380 1593
1375 1584
1375 1574
1370 1565
1370 1555
1370 1545
1372 1529
1367 1520
1365 1510
1365 1500
1375 1500
1384 1505
1384 1515
1389 1524
1397 1530
1399 1540
1404 1549
1406 1559
1414 1565
1417 1575
1419 1585
1428 1590
1429 1600
1438 1605
1439 1615
1444 1624
1449 1633
1457 1640
1467 1640
1472 1649
1479 1657
1485 1665
1489 1675
1494 1684
1496 1694
1504 1700
1507 1710
1514 1718
1522 1725
1524 1735
1533 1740
1537 1750
1545 1757
1549 1767
1559 1770
1569 1770
1579 1770
1584 1779
1589 1788
1597 1795
1602 1804
1604 1814
1612 1820
1619 1828
1627 1835
1632 1844
1639 1852
1645 1860
1651 1868
1659 1874
1667 1880
1672 1889
1682 1885
1692 1885
1702 1889
1710 1895
1716 1903
1724 1909
1726 1919
1734 1925
1743 1930
1744 1940
1753 1945
1760 1953
1769 1958
1770 1968
1779 1973
1787 1980
1795 1987
1804 1992
1814 1992
1822 1985
1832 1985
1841 1990
1846 1999
1856 2003
1864 2009
1872 2015
1874 2025
1883 2030
1887 2040
1897 2040
1902 2049
1912 2050
1914 2060
1923 2065
1930 2073
1940 2077
1949 2082
1959 2085
1965 2075
1975 2075
1985 2075
1994 2080
2003 2085
2012 2090
2017 2099
2027 2100
2032 2109
2042 2110
2047 2119
2057 2120
2062 2129
2072 2130
2077 2139
2084 2147
2094 2150
2103 2155
2112 2160
2122 2159
2130 2145
2140 2145
2145 2130
2155 2125
2160 2112
2155 2103
2150 2094
2147 2084
2139 2077
2130 2072
2129 2062
2120 2057
2119 2047
2110 2042
2109 2032
2100 2027
2099 2017
2090 2012
2085 2003
2080 1994
2075 1985
2075 1975
2075 1965
2085 1959
2082 1949
2077 1940
2073 1930
2065 1923
2060 1914
2050 1912
2049 1902
2040 1897
2040 1887
2030 1883
2025 1874
2015 1870
2007 1864
2002 1855
1998 1845
1990 1839
1985 1830
1985 1820
1993 1813
1989 1797
1980 1792
1980 1782
1970 1778
1965 1769
1955 1768
1950 1759
1945 1750
1937 1744
1929 1737
1920 1732
1913 1724
1905 1717
1895 1714
1891 1704
1885 1696
1885 1686
1885 1676
1880 1667
1874 1659
1868 1651
1860 1645
1852 1639
1844 1632
1835 1627
1828 1619
1820 1612
1814 1604
1804 1602
1795 1597
1788 1589
1779 1584
1770 1579
1770 1569
1770 1559
1767 1549
1757 1545
1750 1537
1740 1533
1735 1524
1725 1522
1718 1514
1710 1507
1700 1504
1694 1496
1684 1494
1675 1489
1665 1485
1657 1479
1649 1472
1640 1467
1640 1457
1633 1449
1624 1444
1615 1439
1605 1438
1600 1429
1590 1428
1585 1419
1575 1417
1565 1414
1559 1406
1549 1404
1540 1399
1530 1397
1524 1389
1515 1384
1505 1384
1500 1375
1500 1365
1510 1365
1520 1367
1529 1372
1539 1375
1548 1370
1558 1370
1568 1370
1577 1375
1587 1375
1596 1380
1606 1383
1616 1385
1626 1385
1636 1388
1646 1390
1650 1380
1660 1380
1670 1380
1680 1380
1689 1385
1699 1385
1709 1385
1718 1390
1728 1390
1738 1390
1747 1395
1755 1380
1764 1375
1774 1375
1783 1380
1793 1380
1803 1380
1813 1380
1823 1380
1832 1385
1842 1385
1852 1385
1862 1385
1860 1375
1860 1365
1869 1360
1879 1360
1889 1360
1899 1360
1909 1360
1919 1360
1929 1360
1939 1360
1949 1360
1959 1360
1969 1360
1965 1350
1965 1340
1974 1335
1983 1330
1993 1330
2003 1330
2013 1330
2023 1330
2033 1330
2043 1328
2053 1325
2063 1325
2073 1325
2078 1316
2070 1310
2070 1300
2079 1295
2088 1290
2098 1290
2107 1285
2117 1285
2127 1285
2136 1280
2146 1280
2156 1280
2165 1272
2155 1269
2145 1269
2135 1267
2125 1264
2115 1264
2105 1262
2095 1259
2085 1257
2075 1254
2070 1245
2070 1235
2080 1229
2071 1224
2061 1224
2051 1224
2042 1219
2032 1219
2022 1219
2012 1219
2002 1219
1992 1219
1982 1219
1973 1214
1965 1207
1965 1197
1971 1189
1959 1189
1949 1189
1939 1189
1929 1189
1919 1189
1909 1189
1899 1189
1889 1189
1879 1189
1869 1189
1860 1184
1860 1174
1859 1164
1849 1164
1839 1164
1829 1167
1819 1169
1809 1169
1799 1169
1789 1169
1779 1172
1769 1174
1759 1172
1755 1162
1749 1154
1739 1157
1729 1159
1719 1159
1709 1162
1699 1164
1689 1164
1680 1169
1670 1169
1660 1169
1650 1169
1647 1159
1637 1159
1628 1164
1618 1164
1608 1164
1599 1169
1589 1172
1579 1174
1569 1177
1559 1179
1549 1179
1540 1174
1530 1176
1520 1181
1510 1184
1500 1180
1500 1170
1509 1165
1519 1162
1529 1157
1537 1150
1546 1145
1556 1145
1560 1135
1570 1135
1579 1130
1589 1127
1597 1120
1605 1110
1615 1110
1624 1105
1633 1100
1640 1090
1640 1080
1650 1075
1659 1070
1665 1060
1675 1060
1684 1055
1694 1052
1702 1045
1710 1035
1720 1035
1725 1025
1735 1025
1740 1015
1750 1005
1760 1000
1770 990
1770 980
1770 970
1779 965
1788 960
1795 950
1805 945
1815 945
1820 930
1830 930
1835 920
1845 910
1855 910
1860 900
1870 890
1880 880
1885 870
1885 860
1885 850
1893 843
1899 835
1905 825
1915 825
1920 815
1930 805
1940 805
1945 790
1955 780
1965 780
1970 770
1980 765
1980 755
1990 745
1990 734
1985 725
1985 715
1990 705
2000 695
2005 685
2015 675
2025 675
2030 665
2040 660
2040 650
2050 645
2050 635
2060 635
2065 620
2075 610
2080 600
2083 586
2075 580
2075 570
2075 560
2083 553
2088 543
2094 535
2100 520
2110 515
2110 505
2120 500
2120 490
2130 485
2130 475
2140 465
2150 460
2150 450
2155 440
2158 425
2150 419
2145 410
2137 404
2129 397
2122 389
2112 389
2103 394
2094 399
2084 402
2076 410
2071 419
2061 420
2056 429
2046 430
2040 439
2030 441
2024 449
2014 452
2004 462
1994 467
1985 474
1975 474
1965 473
1960 464
1950 466
1940 471
1930 476
1924 484
1914 487
1910 499
1900 501
1894 509
1884 512
1874 522
1865 536
1857 544
1847 549
1842 559
1833 564
1823 564
1815 557
1805 556
1795 561
1789 569
1779 572
1769 582
1760 596
1754 604
1744 607
1744 617
1734 622
1724 632
1715 646
1707 654
1699 662
1689 664
1679 664
1669 662
1659 672
1649 682
1639 692
1639 702
1629 707
1619 717
1614 729
1604 732
1599 747
1589 757
1584 767
1579 777
1569 779
1559 779
1549 782
1544 792
1534 802
1524 812
1524 822
1514 827
1514 837
1504 842
1504 852
1494 857
1489 872
1482 884
1477 894
1469 902
1459 909
1449 912
1444 922
1439 932
1439 942
1429 947
1429 957
1419 962
1414 977
1414 987
1404 992
1399 1007
1399 1017
1389 1022
1384 1032
1380 1046
1370 1049
1365 1040
1365 1030
1370 1020
1375 1009
1370 1000
1370 990
1370 980
1375 970
1375 960
1380 945
1385 935
1385 925
1385 915
1388 901
1380 895
1380 885
1380 875
1380 865
1385 850
1385 840
1390 830
1390 820
1390 810
1395 800
1387 794
1377 790
1375 780
1375 770
1380 760
1380 750
1380 740
1380 730
1380 720
1385 704
1385 694
1382 684
1372 689
1362 685
1360 675
1360 665
1360 655
1360 645
1360 635
1360 625
1360 615
1360 605
1360 595
1360 585
1355 576
1348 584
1338 580
1333 571
1330 561
1330 551
1330 541
1330 531
1330 521
1330 511
1325 502
1325 492
1325 482
1325 472
1315 471
1308 479
1298 475
1293 466
1290 456
1288 446
1285 436
1285 426
1283 416
1280 406
1280 396
1279 386
1269 387
1269 397
1269 407
1264 417
1264 427
1264 437
1259 447
1255 466
1250 476
1240 479
1234 471
1224 472
1224 482
1224 492
1219 507
1219 517
1219 527
1219 537
1219 547
1219 557
1214 572
1209 582
1199 584
1189 577
1189 587
1189 597
1189 607
1189 617
1189 627
1189 637
1189 647
1189 657
1189 667
1189 677
1184 687
1174 689
1164 687
1164 697
1164 707
1164 717
1169 726
1169 736
1169 746
1169 756
1169 766
1174 775
1173 789
1164 794
1154 797
1154 807
1159 816
1159 826
1159 836
1164 845
1164 855
1167 865
1169 875
1169 885
1169 895
1159 902
1159 912
1164 921
1164 931
1164 941
1169 950
1172 960
1174 970
1177 980
1179 990
1174 1007
1174 1017
1179 1026
1184 1035
1180 1049
1170 1047
1165 1038
1160 1029
1156 1019
1150 1011
1145 1002
1145 992
1135 989
1135 979
1130 970
1128 960
1120 953
1115 944
1110 935
1105 926
1100 917
1093 909
1083 909
1078 900
1070 893
1065 884
1060 875
1055 866
1054 856
1045 851
1044 841
1035 836
1034 826
1025 821
1023 811
1015 805
1007 799
1002 790
998 780
988 779
978 779
968 775
963 766
959 756
950 751
945 742
945 732
935 729
930 720
922 714
917 705
910 697
903 689
898 680
890 674
881 669
875 661
865 664
855 664
846 659
837 654
832 645
825 637
819 629
813 621
805 615
803 605
793 604
788 595
780 588
775 579
769 571
759 569
753 561
744 556
734 557
725 564
715 562
705 559
701 549
692 544
684 537
675 532
675 522
665 518
660 509
650 507
643 499
635 493
630 484
620 483
615 474
606 469
597 464
587 464
582 474
572 474
562 474
554 467
545 462
535 458
530 449
520 447
513 439
505 432
495 429
489 421
479 419
473 411
465 405
457 399
447 395
438 390
428 389
420 396
414 404
404 407
397 419
