299 2457
299 2447
304 2432
309 2417
314 2402
319 2387
324 2372
329 2357
334 2342
339 2332
344 2322
344 2312
349 2302
354 2287
359 2272
364 2262
369 2247
374 2232
379 2222
384 2212
389 2197
394 2182
399 2172
404 2162
409 2152
414 2137
419 2127
424 2117
429 2102
434 2092
439 2077
444 2067
449 2057
454 2047
459 2037
464 2022
469 2012
474 2002
479 1992
484 1982
489 1972
494 1962
499 1952
504 1942
509 1932
514 1922
519 1912
524 1902
529 1892
534 1882
539 1872
544 1862
549 1852
554 1842
559 1832
564 1822
569 1812
574 1802
579 1792
584 1782
589 1772
594 1762
602 1754
604 1742
612 1734
614 1722
622 1714
627 1704
632 1694
637 1684
642 1674
649 1662
654 1647
662 1639
667 1629
672 1619
677 1609
682 1599
687 1589
694 1577
699 1567
704 1557
709 1547
714 1537
719 1527
724 1517
732 1509
737 1499
742 1489
747 1479
752 1469
759 1457
764 1447
769 1437
774 1427
782 1419
787 1409
792 1399
797 1389
802 1379
812 1374
821 1369
831 1365
841 1360
851 1359
860 1354
870 1352
880 1349
889 1344
899 1342
909 1339
919 1337
929 1334
938 1329
948 1329
957 1324
967 1324
977 1319
987 1319
997 1319
1007 1314
1017 1314
1027 1314
1037 1309
1047 1309
1057 1309
1067 1309
1077 1309
1087 1309
1097 1309
1107 1309
1117 1309
1127 1309
1137 1309
1147 1309
1157 1309
1167 1309
1177 1309
1186 1314
1196 1314
1206 1314
1216 1314
1226 1314
1235 1319
1245 1319
1255 1319
1264 1324
1274 1324
1284 1324
1293 1329
1303 1330
1313 1330
1323 1334
1332 1339
1342 1339
1351 1344
1361 1344
1370 1349
1380 1349
1389 1354
1399 1354
1408 1359
1418 1360
1428 1364
1438 1365
1448 1369
1457 1374
1467 1374
1476 1379
1485 1384
1495 1384
1504 1389
1514 1389
1523 1394
1533 1395
1542 1400
1552 1404
1561 1409
1571 1409
1580 1414
1590 1414
1599 1419
1608 1424
1618 1424
1627 1429
1637 1429
1646 1434
1656 1434
1665 1439
1675 1442
1685 1444
1695 1447
1705 1449
1715 1452
1725 1454
1734 1459
1744 1459
1753 1464
1763 1464
1773 1464
1774 1452
1774 1442
1774 1432
1779 1422
1779 1412
1779 1402
1784 1379
1779 1370
1770 1365
1760 1365
1751 1360
1741 1360
1731 1358
1721 1355
1711 1353
1701 1350
1691 1348
1681 1345
1671 1343
1661 1340
1652 1335
1642 1335
1633 1330
1623 1330
1614 1325
1604 1325
1595 1320
1585 1317
1575 1315
1566 1310
1556 1310
1547 1305
1537 1304
1527 1300
1518 1295
1508 1295
1499 1290
1489 1290
1480 1285
1470 1282
1460 1280
1451 1275
1441 1275
1432 1270
1422 1269
1412 1265
1402 1264
1392 1260
1382 1259
1372 1255
1362 1255
1353 1250
1343 1250
1334 1245
1324 1245
1315 1240
1305 1240
1295 1237
1285 1235
1275 1235
1265 1232
1255 1230
1245 1230
1235 1230
1226 1225
1216 1225
1206 1225
1196 1225
1186 1225
1177 1220
1167 1220
1157 1220
1147 1220
1137 1220
1127 1220
1117 1220
1107 1220
1097 1220
1087 1220
1078 1225
1068 1225
1058 1225
1048 1225
1038 1225
1029 1230
1019 1230
1009 1230
1000 1235
990 1235
980 1235
971 1240
961 1240
952 1245
942 1245
933 1250
923 1253
913 1255
903 1258
893 1260
884 1265
875 1270
869 1262
874 1252
879 1242
884 1232
892 1224
897 1214
902 1204
909 1192
914 1182
919 1172
927 1164
932 1154
939 1142
944 1132
952 1124
957 1114
962 1104
969 1092
977 1084
982 1074
987 1064
994 1052
1002 1044
1007 1034
1014 1022
1022 1014
1027 1004
1034 992
1042 984
1047 974
1054 962
1062 954
1067 944
1074 932
1082 924
1087 914
1094 902
1102 894
1107 884
1115 876
1120 866
1125 856
1133 849
1139 837
1147 829
1152 819
1159 807
1167 799
1174 787
1182 779
1187 769
1195 761
1200 751
1208 744
1214 732
1219 722
1227 714
1232 704
1240 696
1245 686
1253 679
1259 667
1264 657
1272 649
1277 639
1284 627
1292 619
1297 609
1304 597
1312 589
1317 579
1324 567
1332 559
1337 549
1344 537
1349 527
1357 519
1362 509
1369 497
1374 487
1382 479
1387 469
1392 459
1397 449
1402 439
1409 427
1414 417
1419 407
1424 397
1429 387
1434 377
1439 367
1444 357
1449 342
1454 332
1459 322
1469 321
1475 329
1480 338
1488 345
1492 355
1497 364
1504 372
1509 381
1515 389
1520 398
1525 407
1530 416
1535 425
1540 434
1545 443
1550 452
1555 461
1561 469
1565 479
1570 488
1575 497
1580 506
1585 515
1590 524
1595 533
1600 542
1604 552
1609 561
1615 569
1615 579
1620 588
1625 597
1630 606
1635 615
1640 624
1645 633
1645 643
1650 652
1655 661
1660 670
1665 679
1665 689
1670 698
1675 707
1680 716
1683 726
1688 735
1692 745
1695 755
1700 764
1700 774
1705 783
1710 792
1715 801
1718 811
1720 821
1725 830
1730 839
1730 849
1735 858
1740 867
1744 877
1749 886
1750 896
1755 905
1757 915
1760 930
1751 935
1741 933
1731 930
1721 928
1711 925
1701 923
1691 920
1681 918
1671 915
1662 910
1652 909
1642 905
1632 904
1622 900
1613 895
1603 895
1594 890
1584 890
1575 885
1566 880
1556 880
1547 875
1537 875
1528 870
1519 865
1509 865
1500 860
1490 860
1481 855
1471 853
1461 850
1452 845
1442 845
1433 840
1423 840
1414 835
1404 835
1395 830
1385 830
1385 840
1380 850
1380 860
1380 870
1375 885
1375 895
1383 901
1393 904
1403 905
1413 909
1422 914
1432 914
1441 919
1451 919
1460 924
1470 924
1479 929
1489 931
1499 934
1508 939
1518 940
1528 944
1538 945
1548 949
1557 954
1567 954
1576 959
1585 964
1595 964
1605 967
1615 969
1624 974
1634 974
1643 979
1653 980
1663 984
1672 989
1682 989
1691 994
1701 994
1710 999
1720 999
1730 1002
1740 1004
1750 1007
1760 1009
1770 1009
1779 1014
1789 1014
1797 1020
1802 1029
1805 1039
1810 1048
1810 1058
1815 1067
1820 1076
1823 1086
1828 1095
1830 1105
1835 1114
1840 1123
1840 1133
1845 1142
1849 1152
1854 1161
1855 1171
1860 1180
1865 1189
1865 1199
1870 1208
1875 1217
1879 1227
1884 1236
1885 1246
1890 1255
1895 1264
1900 1273
1900 1283
1905 1292
1909 1302
1914 1311
1918 1321
1920 1331
1925 1340
1930 1349
1935 1358
1935 1368
1940 1377
1945 1386
1948 1396
1953 1405
1955 1415
1960 1424
1965 1433
1970 1442
1970 1452
1975 1461
1980 1470
1985 1479
1985 1489
1990 1498
1995 1507
2000 1516
2003 1526
2008 1535
2012 1545
2017 1554
2020 1564
2025 1573
2030 1582
2034 1592
2035 1602
2040 1611
2045 1620
2050 1629
2055 1638
2055 1648
2060 1657
2065 1666
2070 1675
2075 1684
2080 1693
2080 1703
2085 1712
2090 1721
2095 1730
2100 1739
2105 1748
2110 1757
2110 1767
2117 1775
2120 1785
2125 1794
2130 1803
2135 1812
2139 1822
2144 1831
2148 1841
2153 1850
2157 1860
2162 1869
2165 1879
2170 1888
2175 1897
2180 1906
2185 1915
2190 1924
2195 1933
2189 1945
2179 1945
2169 1945
2159 1945
2149 1945
2139 1945
2129 1945
2119 1945
2109 1945
2100 1950
2091 1945
2081 1948
2071 1950
2061 1948
2051 1950
2042 1945
2032 1949
2022 1949
2012 1949
2002 1945
1992 1945
1982 1945
1972 1945
1962 1945
1953 1940
1943 1940
1933 1940
1923 1940
1913 1940
1904 1935
1894 1935
1884 1935
1874 1935
1864 1935
1855 1930
1845 1930
1835 1930
1826 1925
1816 1925
1806 1923
1796 1920
1786 1920
1777 1915
1767 1915
1757 1914
1747 1910
1737 1909
1727 1905
1717 1904
1707 1900
1697 1900
1688 1895
1678 1895
1669 1890
1659 1890
1650 1885
1640 1882
1630 1880
1621 1875
1611 1873
1601 1870
1591 1868
1581 1865
1572 1860
1562 1859
1552 1855
1542 1855
1533 1850
1524 1845
1514 1845
1505 1840
1495 1837
1485 1835
1475 1832
1465 1830
1456 1825
1446 1823
1436 1820
1427 1815
1417 1814
1407 1810
1397 1809
1387 1805
1377 1804
1367 1800
1357 1799
1347 1795
1337 1795
1328 1790
1319 1785
1309 1785
1299 1785
1290 1780
1280 1780
1270 1780
1260 1777
1250 1775
1240 1775
1230 1772
1220 1770
1210 1770
1200 1770
1190 1770
1180 1767
1170 1767
1160 1765
1150 1765
1140 1765
1130 1765
1120 1765
1110 1765
1100 1765
1090 1765
1080 1765
1070 1770
1060 1770
1050 1770
1040 1770
1030 1770
1020 1775
1010 1775
1000 1775
991 1780
981 1780
972 1785
962 1785
952 1789
942 1790
933 1795
923 1795
914 1800
904 1802
894 1805
885 1810
875 1810
875 1820
870 1830
870 1840
870 1850
870 1860
870 1870
870 1880
865 1890
875 1891
885 1889
894 1884
904 1882
914 1879
923 1874
933 1874
942 1869
952 1869
961 1864
971 1864
980 1859
990 1859
1000 1856
1010 1854
1020 1854
1030 1851
1040 1849
1050 1849
1060 1849
1070 1846
1080 1844
1090 1844
1100 1844
1110 1844
1120 1844
1130 1844
1140 1844
1150 1844
1160 1844
1170 1844
1180 1844
1190 1847
1200 1847
1210 1849
1220 1849
1230 1849
1240 1852
1250 1854
1260 1854
1270 1854
1279 1859
1289 1859
1299 1861
1309 1864
1319 1864
1329 1866
1339 1869
1349 1871
1359 1874
1369 1876
1379 1879
1389 1881
1399 1884
1409 1886
1419 1889
1428 1894
1438 1894
1447 1899
1457 1899
1466 1904
1476 1904
1485 1909
1495 1912
1505 1914
1514 1919
1524 1921
1534 1924
1544 1926
1554 1929
1563 1934
1573 1935
1583 1939
1593 1940
1603 1944
1612 1949
1622 1949
1631 1954
1641 1954
1650 1959
1660 1959
1669 1964
1679 1966
1689 1969
1699 1971
1709 1974
1719 1976
1729 1979
1739 1981
1749 1984
1759 1984
1768 1989
1778 1989
1788 1989
1798 1990
1808 1994
1818 1994
1827 1999
1837 1999
1847 1999
1856 2004
1866 2004
1876 2004
1886 2004
1896 2005
1906 2009
1916 2009
1926 2009
1935 2014
1945 2012
1955 2012
1965 2014
1975 2014
1985 2014
1995 2014
2005 2014
2014 2019
2024 2016
2034 2016
2044 2016
2054 2016
2064 2016
2074 2016
2084 2016
2094 2016
2104 2016
2114 2014
2123 2019
2132 2014
2142 2014
2152 2014
2162 2014
2172 2014
2182 2014
2192 2009
2202 2009
2212 2009
2222 2009
2232 2009
2241 2014
2245 2024
2250 2033
2255 2042
2262 2050
2267 2059
2270 2069
2278 2075
2282 2085
2287 2094
2294 2102
2299 2111
2305 2119
2310 2128
2315 2137
2322 2145
2327 2154
2330 2164
2338 2170
2345 2178
2350 2187
2355 2196
2361 2204
2365 2214
2373 2220
2380 2228
2385 2237
2390 2246
2396 2254
2404 2261
2408 2271
2415 2279
2420 2288
2428 2295
2432 2305
2440 2312
2442 2324
2432 2325
2422 2325
2413 2330
2403 2330
2393 2330
2383 2330
2373 2330
2364 2335
2354 2335
2344 2335
2334 2335
2324 2337
2314 2337
2304 2340
2294 2340
2284 2340
2274 2340
2264 2340
2255 2345
2245 2345
2235 2345
2225 2345
2215 2345
2205 2345
2195 2345
2185 2350
2175 2350
2165 2350
2155 2350
2145 2350
2135 2350
2125 2350
2115 2350
2105 2350
2095 2350
2085 2350
2075 2350
2065 2352
2055 2352
2045 2350
2035 2350
2025 2350
2015 2350
2005 2350
1995 2350
1985 2350
1975 2350
1965 2350
1955 2347
1945 2347
1935 2345
1925 2345
1915 2345
1905 2342
1895 2342
1885 2340
1875 2340
1865 2340
1856 2335
1846 2335
1836 2335
1827 2330
1817 2330
1807 2330
1798 2325
1788 2325
1778 2325
1769 2320
1759 2320
1750 2315
1740 2315
1730 2312
1720 2310
1710 2307
1700 2305
1690 2302
1680 2300
1670 2297
1660 2295
1651 2290
1641 2290
1632 2285
1622 2284
1612 2280
1602 2280
1593 2275
1584 2270
1574 2270
1565 2265
1555 2265
1546 2260
1536 2258
1526 2255
1517 2250
1507 2249
1497 2245
1487 2244
1477 2240
1468 2235
1458 2235
1449 2230
1439 2230
1430 2225
1420 2222
1410 2220
1400 2217
1390 2215
1380 2212
1370 2210
1360 2207
1350 2205
1340 2202
1330 2200
1320 2197
1310 2195
1300 2195
1291 2190
1281 2190
1271 2190
1262 2185
1252 2185
1242 2185
1232 2184
1222 2180
1212 2180
1202 2180
1192 2180
1182 2179
1172 2180
1163 2175
1153 2175
1143 2175
1133 2175
1123 2175
1113 2175
1103 2175
1093 2178
1083 2178
1073 2180
1063 2180
1053 2180
1043 2183
1033 2183
1023 2185
1013 2185
1003 2188
993 2190
983 2190
974 2195
964 2195
955 2200
945 2200
936 2205
926 2205
917 2210
907 2214
897 2215
887 2219
877 2224
867 2225
858 2230
848 2233
838 2238
828 2240
819 2245
810 2250
800 2250
791 2255
782 2260
773 2265
764 2270
755 2275
745 2275
735 2280
725 2285
715 2290
705 2295
695 2300
685 2305
675 2310
665 2315
655 2320
645 2325
635 2330
625 2335
615 2340
605 2345
595 2350
585 2355
575 2360
565 2365
555 2370
545 2375
535 2380
526 2385
517 2390
508 2395
499 2400
489 2402
479 2407
469 2412
459 2415
450 2420
441 2425
431 2425
422 2430
412 2434
402 2435
393 2440
383 2443
373 2445
364 2450
354 2452
344 2455
334 2457
324 2460
314 2460
305 2465
