4 237
4 227
12 219
17 209
24 197
32 189
41 184
50 179
60 176
70 177
80 179
90 179
100 182
110 184
119 189
128 194
137 199
147 199
156 204
166 204
175 209
185 209
194 214
203 219
213 220
223 224
233 224
231 214
227 204
217 200
214 190
209 181
204 172
204 162
204 152
209 137
219 132
229 127
239 124
248 119
257 114
266 109
276 109
285 104
295 104
305 101
315 99
325 99
335 99
344 94
354 94
363 89
373 89
382 84
392 84
402 84
412 84
422 84
432 84
442 84
452 84
462 84
472 84
482 84
492 84
502 84
512 84
522 84
532 84
542 84
552 84
562 84
572 84
582 84
591 89
601 89
611 89
621 89
631 89
641 89
651 85
661 84
669 77
679 72
684 62
694 57
704 54
713 49
722 44
732 39
741 34
751 34
760 29
770 29
779 24
789 24
799 24
808 19
818 19
827 14
837 9
847 9
857 9
867 9
877 9
887 9
896 4
906 4
915 9
925 9
935 9
945 9
955 9
964 14
973 19
982 24
991 29
999 36
1005 44
1010 53
1015 62
1020 71
1025 80
1027 90
1037 94
1046 99
1056 99
1066 99
1076 99
1085 104
1095 104
1104 109
1114 111
1120 119
1129 124
1139 126
1148 131
1155 139
1160 148
1170 152
1177 160
1185 167
1189 177
1197 184
1200 194
1205 203
1210 212
1210 222
1210 232
1208 243
1200 250
1190 255
1180 260
1175 270
1165 275
1173 281
1183 279
1193 279
1203 280
1207 290
1205 300
1195 305
1185 310
1177 319
1168 325
1159 330
1150 335
1141 340
1131 340
1122 345
1112 349
1102 350
1092 354
1082 355
1072 355
1063 360
1054 365
1045 370
1035 370
1025 375
1020 385
1013 398
1005 405
1003 418
995 425
985 430
980 440
972 449
962 454
952 459
952 444
957 414
962 404
972 399
980 391
976 380
966 380
956 380
946 380
936 380
926 380
916 380
906 380
896 380
886 380
876 380
866 380
856 380
846 380
836 378
826 375
816 375
806 373
796 370
786 369
777 364
767 360
758 355
749 350
739 350
730 355
725 365
718 373
708 375
698 375
689 380
679 377
669 381
661 375
652 380
647 389
639 395
629 395
619 395
610 400
600 400
590 400
580 400
570 400
560 400
550 400
541 405
531 405
521 405
511 405
501 405
491 405
481 405
471 405
461 405
451 405
441 403
431 400
421 400
411 400
401 398
391 395
381 395
371 395
361 393
351 390
342 385
333 380
323 380
313 380
304 375
294 375
285 370
275 370
266 365
257 360
248 355
239 350
230 345
222 339
214 332
214 322
214 312
222 305
232 295
222 295
213 300
203 300
194 305
184 305
175 310
165 310
155 315
147 324
137 325
127 329
117 330
108 335
98 338
88 340
79 345
69 345
60 350
50 350
41 345
32 340
25 332
20 323
14 315
14 305
9 296
9 286
4 277
4 267
4 257
4 247
