12 94
12 109
22 110
32 110
41 115
51 115
61 115
71 115
76 124
84 130
94 130
104 127
114 125
124 125
134 125
144 125
154 125
164 125
174 125
184 125
194 125
203 130
213 130
223 130
233 130
243 130
253 130
263 130
273 130
282 135
292 135
302 135
312 135
322 135
331 140
341 140
351 140
361 143
371 145
381 145
391 148
401 150
411 150
421 150
431 150
441 150
451 150
460 155
470 155
480 155
490 155
500 155
510 155
519 160
529 160
539 160
549 160
559 160
569 160
579 160
588 165
598 165
608 165
618 165
628 165
638 165
648 165
658 165
668 165
678 165
688 165
698 165
708 165
718 165
728 165
738 163
748 160
758 160
768 160
778 160
788 160
798 160
808 160
818 160
827 155
837 155
847 155
857 155
867 155
877 155
887 155
897 155
907 154
917 150
927 150
937 150
947 150
957 150
967 150
977 150
987 150
996 145
1006 145
1016 145
1026 145
1036 145
1046 145
1056 145
1066 145
1076 145
1085 140
1095 140
1105 140
1115 140
1125 140
1135 140
1145 140
1155 140
1165 140
1174 145
1184 145
1194 142
1204 145
1214 145
1224 142
1234 140
1244 140
1254 140
1264 140
1267 150
1274 158
1279 167
1287 174
1295 180
1304 185
1313 190
1322 195
1332 195
1340 180
1340 170
1348 163
1350 150
1355 140
1365 140
1375 140
1385 135
1395 135
1405 135
1415 135
1425 135
1434 130
1444 130
1453 135
1463 133
1469 125
1479 125
1489 125
1498 120
1507 125
1517 125
1527 125
1536 130
1546 133
1554 140
1563 145
1572 150
1581 155
1591 155
1600 160
1610 160
1620 160
1630 160
1640 160
1645 145
1643 135
1635 128
1630 119
1623 111
1615 105
1615 95
1615 85
1623 78
1628 68
1634 60
1642 54
1645 37
1639 29
1629 29
1619 32
1609 34
1600 39
1590 41
1580 46
1572 54
1563 59
1555 66
1547 74
1538 79
1529 84
1519 84
1509 87
1499 89
1489 89
1479 89
1469 89
1459 89
1449 89
1440 84
1430 84
1420 84
1410 84
1400 84
1397 74
1387 74
1378 79
1368 80
1358 79
1348 76
1340 70
1340 60
1340 50
1340 40
1340 30
1345 15
1343 5
1333 4
1324 9
1314 9
1306 15
1296 19
1287 24
1278 29
1270 36
1262 44
1253 49
1245 56
1239 64
1230 69
1220 69
1214 61
1204 59
1194 59
1185 64
1175 66
1165 69
1155 67
1145 64
1135 64
1125 66
1115 69
1105 69
1100 60
1097 50
1089 44
1081 50
1071 55
1061 59
1051 59
1042 64
1032 64
1022 64
1012 64
1002 64
992 64
982 64
972 64
962 64
952 69
942 69
932 69
922 69
912 69
902 69
892 69
882 69
872 69
862 69
852 69
842 69
832 69
822 69
813 74
803 74
793 74
783 74
774 69
764 69
754 72
744 74
734 74
724 74
714 74
704 74
694 74
684 74
674 74
664 74
655 79
645 79
635 79
625 79
615 79
605 79
595 79
586 74
576 74
566 74
556 74
546 74
536 74
526 74
516 74
506 74
496 74
487 69
477 69
467 69
457 69
447 69
437 69
427 69
417 69
407 69
398 74
388 74
378 74
368 74
358 74
348 74
338 74
329 79
319 79
309 79
299 82
289 84
279 84
269 84
260 89
250 89
240 89
230 89
220 89
210 89
200 89
190 89
180 89
171 94
162 89
152 89
142 89
132 89
122 89
112 94
102 94
92 94
82 94
72 94
62 94
52 94
42 94
32 94
22 94
