299 872
299 862
309 859
319 859
329 859
339 859
349 859
359 859
369 859
379 859
389 859
399 859
409 859
419 859
429 859
439 859
449 859
459 859
469 859
479 859
489 859
499 859
509 859
519 859
529 859
539 859
549 859
559 859
569 859
579 859
589 859
599 859
609 859
619 859
629 859
639 859
649 859
659 859
669 859
679 859
689 859
699 859
709 859
719 859
729 859
739 859
749 859
759 859
769 859
779 859
789 859
799 859
809 859
819 859
829 859
839 859
849 859
859 859
869 859
879 859
889 859
899 859
909 859
919 859
929 859
939 859
944 848
944 838
944 828
944 818
940 808
939 798
939 788
939 778
935 768
934 758
934 748
930 738
929 728
925 718
924 708
924 698
920 688
919 678
914 669
914 659
909 650
904 641
909 629
919 631
929 634
938 639
948 640
957 645
967 649
976 654
985 659
993 665
1002 670
1012 674
1021 679
1029 686
1038 691
1045 699
1053 705
1060 713
1065 722
1072 730
1077 739
1080 749
1088 755
1092 765
1100 772
1104 782
1110 790
1115 799
1120 808
1120 818
1125 827
1130 836
1135 845
1135 855
1137 865
1140 875
1140 885
1140 895
1140 905
1140 915
1140 925
1140 935
1140 945
1140 955
1140 965
1140 975
1140 985
1140 995
1145 1004
1155 1004
1160 1013
1160 1023
1160 1033
1160 1043
1160 1053
1160 1063
1160 1073
1160 1083
1160 1093
1160 1103
1160 1113
1160 1123
1155 1135
1145 1135
1135 1135
1125 1135
1115 1135
1105 1135
1095 1135
1085 1135
1075 1135
1065 1135
1055 1135
1045 1135
1035 1135
1025 1135
1015 1135
1005 1135
995 1135
985 1135
975 1135
965 1135
955 1135
945 1135
935 1135
925 1135
919 1127
919 1117
919 1107
919 1097
919 1087
919 1077
919 1067
919 1057
919 1047
919 1037
919 1027
919 1017
919 1007
929 1004
939 1000
939 990
935 980
925 980
915 980
905 980
895 980
885 980
875 980
865 980
855 980
845 980
835 980
825 980
815 980
805 980
795 980
785 980
775 980
765 980
755 980
745 980
735 980
725 980
715 980
705 980
695 980
685 980
675 980
665 980
655 980
645 980
635 980
625 980
615 980
605 980
595 980
585 980
575 980
565 980
555 980
545 980
535 980
525 980
515 980
505 980
495 980
485 980
475 980
465 980
455 980
445 980
435 980
425 980
415 980
405 980
395 980
385 980
375 980
365 980
355 980
345 980
335 980
325 980
315 980
305 980
299 972
299 962
299 952
299 942
299 932
299 922
299 912
299 902
299 892
299 882
