4 297
4 287
14 282
22 274
32 269
41 264
49 257
59 252
59 242
59 232
59 222
64 205
64 195
64 185
64 175
64 165
64 155
64 145
64 135
64 125
64 115
64 105
59 96
59 86
59 76
59 66
54 57
54 47
54 37
54 27
59 17
69 14
79 14
88 9
98 9
108 9
118 9
128 9
137 4
147 4
157 4
167 4
177 4
187 4
197 4
207 4
217 4
227 4
237 4
247 4
257 4
267 4
277 4
287 4
297 4
306 9
316 9
325 14
330 23
330 33
330 43
325 60
325 70
325 80
325 90
325 100
325 110
325 120
325 130
325 140
325 150
325 160
325 170
325 180
325 190
325 200
330 209
330 219
330 229
335 238
340 247
347 255
357 259
364 267
374 271
383 276
388 285
390 295
390 305
383 315
373 315
363 315
353 315
344 310
335 305
325 305
315 302
305 300
295 300
286 295
276 295
266 293
256 290
246 290
236 290
226 290
216 290
206 290
196 290
186 290
176 290
167 285
158 290
148 290
138 293
128 295
118 295
108 298
98 300
88 300
79 305
69 305
60 310
50 310
40 315
