129 702
129 692
139 682
139 672
139 662
139 652
139 642
139 632
139 622
149 612
149 602
149 592
149 582
159 572
159 562
159 552
169 542
169 532
169 522
179 512
179 502
179 492
189 482
189 472
189 462
199 452
199 442
209 432
209 422
219 412
219 402
229 392
229 382
239 372
239 362
249 352
259 342
259 332
269 322
279 312
289 302
289 292
299 282
309 272
309 262
319 259
329 252
339 242
339 232
349 222
359 219
369 212
369 202
379 199
389 192
399 182
409 172
419 169
429 162
439 152
449 142
459 139
469 132
479 129
489 122
499 112
509 109
519 102
529 99
539 92
549 89
559 82
569 79
579 72
589 69
599 69
609 62
619 59
629 59
639 52
649 49
659 49
669 42
679 39
689 39
699 32
709 29
719 29
729 29
739 29
749 22
759 19
769 19
779 19
789 19
799 19
809 19
819 12
829 9
839 9
849 9
859 9
869 9
879 9
889 9
899 9
909 9
919 9
929 9
939 9
949 9
959 9
969 9
979 9
989 11
995 19
1005 19
1015 19
1025 19
1035 19
1045 19
1050 28
1060 29
1070 29
1080 29
1090 32
1098 39
1108 39
1118 39
1128 40
1133 49
1143 49
1150 57
1160 59
1170 59
1180 62
1188 69
1198 69
1208 69
1218 70
1223 79
1233 79
1240 87
1250 89
1260 92
1268 99
1278 100
1283 109
1290 117
1300 119
1310 122
1318 129
1328 130
1333 139
1340 147
1350 149
1360 152
1367 160
1372 169
1382 169
1390 175
1390 185
1400 189
1410 192
1417 200
1422 209
1430 215
1438 221
1444 229
1454 229
1460 237
1460 247
1469 252
1477 259
1480 269
1490 272
1497 280
1502 289
1510 295
1518 301
1520 311
1526 319
1530 329
1540 332
1547 340
1550 350
1555 359
1560 368
1570 372
1577 380
1580 390
1585 399
1590 408
1590 418
1600 422
1607 430
1610 440
1610 450
1615 459
1620 468
1630 472
1630 482
1637 490
1640 500
1640 510
1645 519
1650 528
1650 538
1650 548
1660 552
1660 562
1660 572
1667 580
1670 590
1670 600
1675 609
1680 618
1680 628
1680 638
1680 648
1680 658
1690 662
1690 672
1690 682
1690 692
1690 702
1690 712
1697 720
1700 730
1700 740
1700 750
1700 760
1700 770
1700 780
1705 789
1710 798
1710 808
1710 818
1710 828
1710 838
1710 848
1710 858
1710 868
1710 878
1710 888
1710 898
1710 908
1710 918
1710 928
1710 938
1710 948
1710 958
1710 968
1710 978
1710 988
1700 1000
1700 1010
1700 1020
1700 1030
1700 1040
1700 1050
1700 1060
1700 1070
1690 1080
1690 1090
1690 1100
1690 1110
1690 1120
1690 1130
1690 1140
1690 1150
1680 1160
1680 1170
1670 1180
1670 1190
1670 1200
1660 1210
1660 1220
1660 1230
1660 1240
1650 1250
1650 1260
1650 1270
1640 1280
1640 1290
1640 1300
1640 1310
1630 1320
1630 1330
1620 1340
1620 1350
1620 1360
1610 1370
1610 1380
1600 1390
1600 1400
1590 1410
1590 1420
1590 1430
1580 1440
1580 1450
1570 1460
1570 1470
1560 1480
1560 1490
1560 1500
1550 1510
1550 1520
1540 1530
1540 1540
1530 1550
1520 1560
1520 1570
1510 1580
1500 1590
1500 1600
1490 1610
1480 1620
1470 1630
1460 1640
1450 1650
1441 1660
1431 1660
1421 1660
1411 1660
1401 1660
1391 1660
1381 1658
1375 1650
1369 1642
1360 1637
1352 1630
1342 1630
1339 1620
1339 1610
1339 1600
1339 1590
1339 1580
1339 1570
1339 1560
1335 1550
1329 1542
1329 1532
1329 1522
1329 1512
1339 1502
1339 1492
1339 1482
1339 1472
1339 1462
1349 1452
1349 1442
1349 1432
1349 1422
1359 1412
1359 1402
1359 1392
1359 1382
1359 1372
1369 1362
1369 1352
1369 1342
1369 1332
1379 1322
1379 1312
1379 1302
1379 1292
1389 1282
1389 1272
1389 1262
1399 1252
1399 1242
1399 1232
1399 1222
1399 1212
1409 1202
1409 1192
1409 1182
1409 1172
1419 1162
1419 1152
1419 1142
1419 1132
1419 1122
1419 1112
1429 1102
1429 1092
1429 1082
1429 1072
1429 1062
1429 1052
1439 1042
1439 1032
1439 1022
1439 1012
1439 1002
1439 992
1439 982
1439 972
1439 962
1439 952
1439 942
1439 932
1449 920
1449 910
1449 900
1449 890
1449 880
1449 870
1447 860
1439 853
1439 843
1439 833
1439 823
1439 813
1439 803
1439 793
1439 783
1430 778
1429 768
1429 758
1429 748
1429 738
1429 728
1422 720
1419 710
1419 700
1417 690
1409 683
1409 673
1409 663
1400 658
1399 648
1392 640
1389 630
1387 620
1379 613
1379 603
1370 598
1369 588
1362 580
1359 570
1357 560
1349 554
1341 548
1335 540
1329 532
1329 522
1320 517
1312 510
1308 500
1299 495
1299 485
1290 480
1280 477
1272 470
1269 460
1259 457
1252 449
1247 440
1239 434
1231 428
1225 420
1215 420
1209 412
1200 407
1192 400
1182 400
1178 390
1169 385
1160 380
1150 377
1142 370
1132 370
1122 370
1118 360
1108 360
1099 355
1090 350
1080 350
1070 347
1062 340
1052 340
1048 330
1038 330
1028 330
1018 330
1008 330
999 325
990 320
980 320
970 320
960 320
950 320
940 320
930 320
920 320
910 320
900 320
890 320
880 320
870 320
860 330
850 330
840 330
830 330
820 330
810 340
800 340
790 340
780 350
770 350
760 350
750 360
740 360
730 360
720 370
710 370
700 370
690 380
680 380
670 380
670 390
660 400
650 400
640 410
630 410
620 420
610 430
600 440
590 440
580 450
570 460
560 470
550 480
540 490
530 500
530 510
520 520
510 530
500 540
500 550
490 560
480 570
480 580
470 590
470 600
460 610
460 620
450 630
450 640
450 650
440 660
440 670
430 680
430 690
430 700
420 710
420 720
420 730
420 740
410 750
410 760
410 770
410 780
410 790
410 800
400 810
400 820
400 830
400 840
400 850
400 860
400 870
400 880
400 890
400 900
400 910
400 920
400 930
400 940
400 950
400 960
400 970
400 980
405 989
410 998
410 1008
410 1018
410 1028
410 1038
420 1042
420 1052
420 1062
420 1072
420 1082
420 1092
420 1102
427 1110
430 1120
430 1130
430 1140
435 1149
440 1158
440 1168
440 1178
440 1188
450 1192
450 1202
450 1212
450 1222
457 1230
460 1240
460 1250
465 1259
470 1268
470 1278
480 1282
480 1292
480 1302
480 1312
480 1322
487 1330
490 1340
490 1350
495 1359
500 1368
500 1378
510 1382
510 1392
517 1400
520 1410
520 1420
525 1429
530 1438
530 1448
530 1458
530 1468
540 1472
540 1482
540 1492
540 1502
547 1510
550 1520
550 1530
550 1540
550 1550
550 1560
550 1570
550 1580
550 1590
550 1600
550 1610
550 1620
550 1630
540 1640
530 1650
522 1660
512 1660
502 1660
492 1660
482 1660
472 1660
462 1660
452 1660
442 1660
432 1660
429 1650
419 1650
409 1647
409 1637
402 1629
397 1620
389 1614
389 1604
381 1598
375 1590
369 1582
369 1572
360 1567
352 1560
349 1550
349 1540
339 1537
339 1527
332 1519
327 1510
319 1504
319 1494
319 1484
311 1478
305 1470
299 1462
299 1452
299 1442
290 1437
282 1430
279 1420
279 1410
277 1400
269 1393
269 1383
260 1378
259 1368
259 1358
252 1350
249 1340
249 1330
249 1320
239 1317
239 1307
232 1299
227 1290
219 1283
219 1273
219 1263
219 1253
219 1243
210 1238
209 1228
209 1218
202 1210
199 1200
199 1190
199 1180
197 1170
189 1163
189 1153
189 1143
180 1138
179 1128
179 1118
172 1110
169 1100
169 1090
169 1080
169 1070
167 1060
159 1053
159 1043
159 1033
159 1023
150 1018
149 1008
149 998
149 988
149 978
149 968
149 958
149 948
142 940
139 930
139 920
139 910
135 900
129 892
129 882
129 872
129 862
129 852
129 842
129 832
129 822
129 812
129 802
129 792
129 782
129 772
129 762
129 752
129 742
129 732
129 722
129 712
