64 357
64 347
69 332
69 322
69 312
74 302
74 292
79 277
84 262
89 247
94 232
99 222
104 212
109 202
114 192
119 182
127 174
132 164
140 156
145 146
153 139
157 129
167 124
172 114
181 109
186 100
196 95
204 87
214 82
222 74
231 69
240 64
249 57
259 52
269 47
279 42
289 37
299 34
308 29
318 29
327 24
337 19
347 19
356 14
366 14
376 10
386 9
396 9
406 9
415 4
425 4
435 4
445 4
455 4
465 4
475 4
485 4
495 7
505 9
515 9
525 12
535 14
545 17
555 19
565 22
574 27
584 29
593 34
603 34
612 39
621 44
630 49
640 52
648 59
657 64
666 69
675 74
683 80
692 85
697 94
706 99
714 106
720 114
730 117
734 127
742 134
749 142
757 149
760 159
768 165
775 173
780 182
787 190
792 199
795 209
803 215
805 225
810 234
815 243
820 252
824 262
825 272
830 281
833 291
835 301
840 310
840 320
842 330
845 340
845 350
847 360
850 370
850 380
850 390
855 399
855 409
855 419
855 429
855 439
855 449
855 459
855 469
855 479
855 489
850 500
850 510
850 520
850 530
845 540
845 550
845 560
845 570
840 580
835 590
830 605
830 615
825 625
820 640
820 650
815 660
810 670
805 685
800 695
795 705
790 720
785 730
780 740
775 755
770 765
763 778
758 788
750 795
743 808
735 815
728 823
720 830
710 830
700 830
690 827
682 820
672 820
663 815
654 810
646 804
639 796
634 787
634 777
634 767
634 757
639 747
644 737
649 727
657 719
659 707
659 697
664 687
664 677
669 667
669 657
674 642
674 632
679 622
679 612
684 597
684 587
684 577
684 567
689 552
689 542
694 527
694 517
699 508
699 498
699 488
694 479
694 469
694 459
694 449
694 439
694 429
694 419
694 409
694 399
692 389
687 380
684 370
679 361
679 351
674 342
669 333
664 324
662 314
657 305
650 297
642 290
635 282
625 278
618 270
609 265
601 258
591 255
581 253
571 249
562 244
552 240
542 239
532 235
522 235
513 230
503 230
494 225
484 225
474 225
464 225
454 225
444 225
434 225
424 225
415 230
405 230
395 230
385 230
375 230
365 230
355 235
345 240
335 245
325 250
315 255
305 260
298 268
290 275
285 285
280 295
275 305
270 315
265 325
260 335
255 345
250 355
250 365
245 375
245 385
240 395
235 410
230 420
230 430
230 440
230 450
225 465
225 475
225 485
225 495
225 505
225 515
227 525
230 535
232 545
235 555
235 565
240 574
245 583
250 592
250 602
255 611
260 620
260 630
260 640
265 649
265 659
270 668
278 675
285 683
290 692
290 702
294 712
295 722
295 732
295 742
295 752
300 761
300 771
300 781
295 790
290 800
283 808
275 815
267 824
259 830
249 830
239 830
229 830
219 830
210 825
204 817
197 809
192 800
185 792
180 783
174 775
169 766
164 757
159 748
155 738
149 730
149 720
141 714
139 704
134 695
129 686
129 676
124 667
120 657
115 648
109 640
109 630
107 620
104 610
99 601
99 591
94 582
94 572
89 563
85 553
84 543
84 533
79 524
79 514
74 505
74 495
74 485
74 475
69 466
69 456
64 447
64 437
64 427
64 417
64 407
64 397
64 387
64 377
64 367
