499 1207
499 1197
504 1187
504 1177
504 1167
504 1157
504 1147
504 1137
509 1122
509 1112
509 1102
514 1092
514 1082
514 1072
519 1057
519 1047
524 1037
524 1027
529 1017
529 1007
534 997
534 987
539 972
544 962
549 947
554 937
559 927
564 917
569 907
577 899
582 889
590 881
598 874
607 869
616 864
625 859
635 859
645 859
654 864
663 869
672 874
679 882
687 889
690 899
698 905
702 915
707 924
710 934
715 943
720 952
724 962
734 957
742 949
747 939
755 931
763 924
770 916
778 909
785 901
793 894
802 889
810 881
818 874
827 869
835 861
845 856
853 849
862 844
872 839
881 834
890 829
899 824
908 819
918 819
927 814
936 809
946 805
956 804
965 799
975 799
984 794
994 794
1004 792
1014 789
1024 789
1034 787
1044 784
1054 784
1064 784
1074 784
1084 784
1094 784
1104 784
1114 784
1124 784
1133 789
1143 789
1153 789
1162 794
1172 794
1182 794
1191 799
1201 799
1210 804
1220 807
1230 809
1239 814
1248 819
1258 820
1267 825
1277 829
1286 834
1296 834
1306 834
1316 834
1326 834
1336 834
1345 839
1355 839
1365 839
1375 839
1385 839
1395 839
1404 844
1414 844
1424 844
1434 844
1443 849
1453 849
1463 849
1472 854
1482 854
1492 854
1501 859
1511 859
1520 864
1530 864
1540 867
1550 869
1560 872
1570 874
1580 877
1590 879
1599 884
1609 884
1618 889
1628 890
1638 894
1647 899
1656 904
1666 904
1675 909
1684 914
1694 916
1703 921
1713 925
1722 930
1732 934
1741 939
1750 944
1759 949
1768 954
1777 959
1786 964
1795 969
1804 974
1812 980
1822 984
1829 992
1837 999
1846 1004
1854 1011
1863 1016
1870 1024
1878 1030
1885 1038
1894 1032
1899 1022
1907 1014
1915 1006
1923 999
1932 994
1942 994
1951 999
1959 1006
1965 1014
1973 1020
1977 1030
1982 1039
1985 1049
1990 1058
1995 1067
1995 1077
2000 1086
2000 1096
2005 1105
2005 1115
2007 1125
2010 1135
2010 1145
2012 1155
2015 1165
2015 1175
2015 1185
2015 1195
2017 1205
2020 1215
2020 1225
2020 1235
2020 1245
2020 1255
2020 1265
2020 1275
2020 1285
2020 1295
2020 1305
2020 1315
2020 1325
2015 1340
2015 1350
2015 1360
2015 1370
2015 1380
2010 1390
2010 1400
2010 1410
2005 1420
2005 1430
2000 1445
2000 1455
1995 1465
1990 1480
1985 1495
1980 1505
1975 1515
1968 1528
1960 1535
1953 1543
1945 1550
1935 1550
1925 1547
1917 1540
1910 1532
1902 1525
1899 1515
1890 1510
1883 1518
1875 1525
1867 1534
1859 1540
1850 1545
1843 1553
1833 1558
1825 1565
1815 1570
1807 1579
1797 1584
1787 1589
1778 1595
1769 1600
1760 1605
1751 1610
1742 1615
1733 1620
1723 1623
1713 1628
1703 1633
1693 1638
1683 1640
1674 1645
1665 1650
1655 1650
1646 1655
1637 1660
1627 1664
1617 1665
1608 1670
1598 1670
1589 1675
1579 1677
1569 1680
1559 1682
1549 1685
1539 1687
1529 1690
1519 1692
1509 1695
1499 1695
1490 1700
1480 1700
1470 1700
1460 1705
1450 1705
1440 1705
1430 1710
1420 1710
1410 1710
1400 1710
1391 1715
1381 1715
1371 1715
1361 1715
1351 1715
1341 1715
1332 1720
1322 1720
1312 1720
1302 1720
1292 1720
1282 1720
1273 1725
1264 1730
1255 1735
1245 1735
1236 1740
1227 1745
1217 1749
1207 1750
1198 1755
1188 1755
1179 1760
1169 1760
1159 1762
1149 1765
1139 1765
1129 1767
1119 1770
1109 1770
1099 1770
1089 1770
1079 1770
1069 1770
1059 1770
1049 1770
1039 1770
1030 1765
1020 1765
1010 1765
1001 1760
991 1760
981 1758
971 1755
961 1753
951 1750
942 1745
932 1744
922 1740
913 1735
904 1730
894 1727
885 1722
875 1718
869 1710
859 1707
850 1702
842 1695
833 1690
824 1685
816 1679
809 1671
801 1665
792 1660
785 1652
777 1645
770 1637
762 1630
755 1622
747 1615
743 1605
735 1598
729 1590
720 1585
718 1598
713 1608
708 1618
703 1628
698 1638
690 1645
685 1655
678 1663
670 1670
660 1675
651 1680
642 1685
632 1685
622 1684
612 1680
603 1675
595 1668
589 1660
581 1654
577 1644
569 1637
565 1627
560 1618
556 1608
551 1599
549 1589
544 1580
539 1571
539 1561
534 1552
534 1542
529 1533
529 1523
524 1514
524 1504
519 1495
519 1485
517 1475
514 1465
514 1455
512 1445
509 1435
509 1425
509 1415
504 1406
504 1396
504 1386
504 1376
504 1366
504 1356
499 1347
499 1337
499 1327
499 1317
499 1307
499 1297
499 1287
499 1277
499 1267
499 1257
499 1247
499 1237
499 1227
499 1217
