199 452
199 442
204 432
204 422
204 412
209 402
209 392
214 382
214 372
219 357
224 347
229 337
234 322
242 314
247 304
252 294
257 284
264 272
272 264
279 252
287 244
295 236
303 229
310 221
318 214
325 206
333 199
340 191
348 184
357 179
365 171
375 166
383 159
392 154
401 149
410 144
419 139
428 134
437 129
447 124
457 119
467 114
477 114
486 109
496 105
506 104
516 100
526 99
535 94
545 94
555 91
565 89
575 89
585 89
595 86
605 84
615 84
625 84
635 84
645 84
655 84
665 84
675 84
685 84
694 89
704 89
714 89
724 89
733 94
743 94
753 95
763 99
772 104
782 104
791 109
801 109
810 114
820 117
829 122
839 126
848 131
858 135
867 140
877 144
886 149
894 156
903 161
910 169
920 172
928 179
937 184
944 192
952 199
959 207
967 214
974 222
982 229
989 237
997 244
1004 252
1009 261
1015 269
1020 278
1028 285
1032 295
1037 304
1040 314
1048 320
1050 330
1055 339
1060 348
1065 357
1065 367
1070 376
1070 386
1075 395
1075 405
1080 414
1080 424
1080 434
1085 443
1085 453
1085 463
1085 473
1085 483
1085 493
1085 503
1085 513
1080 525
1080 535
1080 545
1075 555
1075 565
1070 575
1070 585
1065 595
1060 610
1055 620
1050 630
1050 640
1043 648
1038 658
1033 668
1028 678
1020 685
1013 698
1005 705
1000 715
1005 724
1015 727
1023 734
1032 739
1041 744
1049 751
1055 759
1060 768
1051 775
1042 780
1034 787
1026 795
1017 800
1009 807
1001 814
997 804
987 800
980 792
970 788
963 780
953 780
944 775
935 780
937 790
945 797
952 805
960 812
967 820
972 829
979 837
973 848
965 855
957 869
947 874
939 880
930 885
920 888
914 880
912 870
905 862
897 855
890 847
882 840
879 830
870 825
860 825
862 835
870 842
874 852
880 860
885 869
885 879
885 889
882 904
874 910
865 915
856 920
846 920
837 925
827 929
817 930
809 923
809 913
809 903
809 893
805 883
798 875
789 870
780 865
780 875
785 884
785 894
790 903
790 913
790 923
790 933
783 943
773 948
763 950
754 955
744 955
734 955
724 955
714 955
709 942
714 924
714 914
711 904
709 894
704 885
704 875
694 875
685 880
675 880
665 880
655 880
645 880
635 880
625 880
615 880
605 880
595 877
585 875
575 875
570 890
565 900
565 910
565 920
565 930
567 940
570 950
575 959
570 975
560 975
550 975
540 975
530 975
521 980
511 980
502 975
499 965
494 956
494 946
489 937
489 927
489 917
489 907
489 897
489 887
494 877
497 859
487 859
479 865
470 870
470 880
465 890
465 900
465 910
465 920
465 930
470 939
470 949
468 965
459 960
450 955
440 952
430 950
420 948
413 940
404 935
394 931
389 922
389 912
389 902
389 892
389 882
394 867
399 857
399 847
404 837
412 830
410 820
400 820
390 820
383 828
373 833
365 840
360 850
360 860
360 870
360 880
360 890
355 908
349 900
339 897
334 888
328 880
319 875
311 868
301 864
294 856
289 847
289 837
289 827
294 812
299 802
307 794
315 786
324 779
329 767
319 770
310 775
300 780
290 785
282 799
274 807
264 812
259 803
252 795
249 785
241 778
236 769
229 761
229 742
237 734
245 726
253 719
262 714
272 714
278 705
270 698
264 690
259 681
254 672
249 663
244 654
239 645
234 636
229 627
225 617
220 608
219 598
214 589
214 579
209 570
209 560
204 551
204 541
204 531
199 522
199 512
199 502
199 492
199 482
199 472
199 462
