4 582
4 572
12 564
19 552
27 544
35 536
43 529
52 524
57 514
67 509
75 501
85 496
93 489
102 484
110 476
120 471
128 464
137 459
146 454
154 447
164 442
174 437
182 429
192 424
201 419
210 414
219 409
228 404
235 396
245 391
255 386
265 381
273 374
282 369
290 361
300 356
310 354
319 349
328 344
337 339
347 339
356 334
364 327
372 319
382 314
390 306
400 301
410 296
420 294
430 294
439 289
448 284
455 276
465 271
473 264
480 256
488 249
497 244
505 236
515 231
523 224
530 216
540 211
550 206
558 199
567 194
577 194
587 194
597 194
607 194
616 199
626 199
635 204
643 210
650 218
658 225
667 230
675 237
684 242
692 249
699 257
705 265
710 274
718 280
722 290
730 297
738 304
747 309
750 319
758 325
765 333
775 337
784 342
794 346
800 354
808 360
815 368
823 374
832 379
839 387
849 391
859 394
869 396
878 401
888 405
898 409
907 414
916 419
924 426
930 434
940 437
947 445
955 452
964 457
972 464
981 469
989 476
995 484
1005 487
1012 495
1020 502
1029 507
1037 514
1040 524
1050 527
1057 535
1062 544
1071 549
1075 559
1085 562
1090 571
1099 576
1105 584
1110 593
1118 600
1125 608
1130 617
1135 626
1135 636
1130 645
1130 655
1130 665
1130 675
1125 685
1125 695
1120 705
1118 718
1113 728
1108 738
1098 743
1090 750
1080 760
1075 770
1068 778
1060 785
1050 790
1043 798
1035 805
1028 813
1020 820
1010 825
1003 835
994 840
985 845
978 853
968 858
960 865
951 870
942 875
934 882
924 885
915 890
905 895
897 904
889 910
880 915
870 920
860 925
852 935
843 940
833 943
823 948
813 953
803 958
798 968
788 970
779 975
770 980
760 980
750 985
740 990
730 995
720 995
710 995
700 1000
690 997
680 995
682 1005
685 1015
685 1025
690 1034
690 1044
690 1054
690 1064
690 1074
689 1087
679 1090
669 1090
660 1095
650 1095
643 1108
635 1115
625 1115
623 1133
615 1140
610 1155
610 1165
615 1174
610 1185
610 1195
610 1205
610 1215
610 1225
610 1235
610 1245
610 1255
610 1265
610 1275
610 1285
605 1295
605 1305
605 1315
600 1325
600 1335
602 1345
605 1355
600 1365
593 1373
585 1380
580 1390
575 1400
570 1410
565 1420
558 1428
553 1438
545 1445
539 1455
533 1463
523 1468
515 1475
505 1480
497 1489
487 1490
478 1485
469 1480
459 1476
454 1467
462 1459
467 1449
469 1437
477 1429
485 1421
490 1411
499 1397
504 1387
512 1379
514 1362
519 1352
524 1342
524 1332
529 1322
529 1312
529 1302
534 1292
534 1282
534 1272
534 1262
534 1252
534 1242
534 1232
539 1221
534 1212
534 1202
534 1192
534 1182
534 1172
529 1163
525 1153
518 1145
510 1138
509 1128
503 1120
494 1115
486 1109
482 1099
477 1090
474 1080
464 1082
454 1085
444 1081
439 1072
439 1062
439 1052
439 1042
444 1032
444 1022
449 1010
449 1000
447 990
437 994
427 995
417 995
407 995
398 990
389 985
379 985
370 980
360 977
350 973
343 965
334 960
326 954
317 949
309 942
300 937
292 930
285 922
275 918
269 910
261 904
254 896
246 890
237 885
230 877
220 873
214 865
205 860
199 852
190 847
185 838
179 830
170 825
162 819
154 812
147 804
139 797
132 789
124 782
115 777
107 770
100 762
92 755
84 748
77 740
69 733
62 725
53 720
45 713
39 705
34 696
29 687
29 677
24 668
19 659
19 649
14 640
9 631
9 621
9 611
4 602
4 592
