79 647
79 637
84 627
84 617
89 607
89 597
94 587
99 577
104 567
112 559
119 547
127 539
134 527
142 519
150 511
158 504
165 496
173 489
182 484
190 476
200 471
210 466
220 461
230 456
240 451
250 449
259 444
269 442
279 437
289 434
298 429
308 429
318 429
327 424
337 419
347 419
357 414
367 414
377 409
387 409
396 404
406 404
416 400
426 399
436 395
446 394
456 390
466 389
476 389
485 384
495 384
504 379
514 379
523 374
533 374
542 369
552 369
562 364
572 364
581 359
591 355
601 354
611 354
621 350
631 349
640 344
650 341
660 339
670 336
680 334
690 331
700 329
710 329
720 326
730 324
740 324
750 324
760 324
770 324
780 324
790 324
800 324
810 324
819 319
829 319
839 319
849 319
859 319
869 317
879 314
889 314
899 314
909 314
918 309
928 309
938 309
948 309
958 309
968 309
978 309
988 309
998 309
1008 309
1017 304
1027 304
1037 299
1045 291
1049 277
1042 269
1042 254
1051 249
1059 242
1064 232
1060 222
1050 220
1044 212
1052 204
1061 199
1069 192
1079 187
1084 177
1089 167
1089 157
1089 147
1089 137
1089 127
1089 117
1094 107
1102 99
1112 99
1121 104
1129 111
1133 121
1138 130
1140 140
1145 149
1155 149
1164 142
1172 134
1182 129
1192 129
1199 137
1195 155
1185 160
1178 168
1168 173
1158 178
1150 185
1150 195
1155 204
1165 204
1175 204
1185 207
1194 212
1204 214
1213 209
1223 209
1232 204
1242 204
1251 199
1260 194
1270 194
1279 189
1289 189
1298 184
1308 184
1318 184
1328 184
1337 179
1347 179
1357 179
1367 179
1377 179
1387 179
1397 179
1407 179
1417 179
1427 179
1437 179
1447 179
1456 184
1466 184
1476 184
1486 184
1496 184
1506 184
1516 184
1526 184
1535 189
1545 189
1555 189
1565 189
1575 189
1585 189
1595 189
1605 189
1615 189
1625 189
1635 189
1645 189
1655 189
1665 189
1675 189
1685 189
1695 189
1705 189
1715 192
1724 197
1734 199
1744 199
1754 199
1764 199
1774 199
1784 199
1794 199
1803 204
1813 204
1823 204
1832 199
1841 194
1851 194
1861 194
1871 194
1881 194
1891 194
1900 199
1910 199
1920 199
1930 199
1940 199
1949 204
1959 204
1969 204
1979 206
1989 209
1999 209
2008 214
2018 214
2027 219
2037 219
2046 224
2055 229
2064 234
2072 240
2080 247
2087 255
2095 262
2102 270
2110 277
2114 287
2115 297
2115 307
2115 317
2120 326
2123 336
2125 346
2130 355
2130 365
2130 375
2132 385
2135 395
2135 405
2135 415
2135 425
2135 435
2135 445
2135 455
2135 465
2135 475
2135 485
2135 495
2135 505
2135 515
2135 525
2135 535
2135 545
2135 555
2135 565
2135 575
2135 585
2130 600
2125 615
2120 625
2115 635
2110 645
2110 655
2103 663
2098 673
2093 683
2088 693
2083 703
2078 713
2073 723
2068 733
2063 743
2058 753
2050 760
2045 770
2040 780
2035 795
2030 805
2025 815
2025 825
2025 835
2025 845
2025 855
2025 865
2025 875
2017 885
2007 885
1998 890
1989 895
1980 900
1970 905
1963 913
1953 918
1943 920
1934 925
1924 925
1915 930
1905 930
1895 930
1885 935
1875 935
1865 935
1855 935
1846 940
1836 940
1826 940
1816 940
1806 940
1796 940
1786 940
1776 940
1766 940
1756 940
1746 940
1736 940
1726 940
1716 940
1706 940
1696 940
1686 940
1677 935
1667 935
1657 935
1647 935
1637 935
1627 935
1617 934
1607 930
1597 930
1587 930
1577 930
1567 929
1557 925
1547 925
1537 925
1528 920
1519 915
1509 912
1504 903
1499 894
1499 884
1499 874
1494 865
1485 860
1475 860
1466 855
1456 855
1446 855
1436 855
1426 855
1416 855
1406 855
1396 855
1386 853
1376 850
1367 855
1357 855
1348 850
1338 850
1328 850
1318 850
1308 850
1299 855
1289 855
1279 855
1269 855
1259 855
1249 855
1239 855
1229 855
1219 855
1210 860
1200 860
1190 860
1180 860
1170 860
1160 865
1150 865
1140 865
1130 870
1120 870
1110 870
1100 875
1090 875
1080 880
1070 880
1060 885
1050 885
1040 890
1030 890
1020 895
1010 900
1001 905
991 905
982 910
972 914
962 919
952 920
943 925
934 930
924 932
914 937
904 940
895 945
885 945
875 950
866 955
856 955
847 960
837 960
828 965
818 965
809 970
799 970
789 970
780 975
770 975
760 975
750 975
740 975
730 975
720 975
710 975
700 975
690 975
680 972
670 970
660 970
650 970
640 967
630 965
620 965
610 965
601 960
591 960
581 960
572 955
562 955
552 954
542 950
532 949
522 945
512 945
503 940
493 940
484 935
474 935
465 930
455 930
446 925
436 923
426 920
417 915
407 914
397 910
387 910
378 905
369 900
359 900
350 895
341 890
331 888
321 885
312 880
303 875
293 875
284 870
275 865
266 860
257 855
248 850
239 845
229 845
220 840
211 835
202 830
193 825
184 820
176 813
166 809
159 801
151 795
142 790
135 782
127 775
120 767
112 760
109 750
101 744
97 734
92 725
89 715
84 706
79 697
79 687
79 677
79 667
79 657
