85 1181
85 1171
90 1156
98 1149
105 1141
113 1134
120 1126
128 1120
135 1111
145 1106
155 1101
163 1094
173 1090
182 1085
191 1080
201 1080
210 1075
220 1071
230 1070
240 1066
250 1065
260 1065
270 1065
280 1065
290 1065
299 1070
308 1075
317 1080
326 1085
334 1091
339 1100
348 1105
354 1113
360 1121
365 1130
365 1140
365 1150
365 1160
365 1170
365 1180
360 1195
360 1205
360 1215
355 1225
350 1240
348 1253
340 1260
333 1268
325 1275
318 1283
310 1290
300 1290
291 1295
282 1300
273 1305
263 1308
253 1310
243 1309
233 1305
224 1300
214 1296
206 1290
198 1284
190 1277
183 1269
175 1262
170 1253
164 1245
159 1236
155 1226
155 1216
155 1206
155 1196
155 1186
160 1171
165 1161
173 1154
180 1146
188 1140
197 1135
206 1130
216 1130
226 1130
236 1130
244 1136
250 1144
255 1153
264 1158
269 1167
274 1176
275 1186
280 1195
280 1205
275 1220
266 1225
256 1224
249 1216
245 1206
245 1196
240 1187
235 1178
229 1170
220 1165
210 1165
203 1173
195 1180
190 1195
190 1205
190 1215
191 1225
196 1234
204 1241
210 1249
218 1255
224 1263
234 1266
243 1271
253 1275
262 1270
272 1270
281 1265
290 1260
298 1254
308 1249
315 1236
320 1221
325 1211
325 1201
325 1191
330 1177
330 1167
330 1157
330 1147
330 1137
323 1129
315 1123
309 1115
300 1110
292 1104
282 1100
272 1100
262 1100
252 1100
242 1100
233 1105
223 1105
214 1110
204 1112
194 1117
184 1120
175 1125
168 1133
158 1138
150 1145
140 1150
133 1158
125 1165
120 1175
120 1185
120 1195
120 1205
120 1215
121 1225
125 1235
126 1245
131 1254
139 1261
143 1271
148 1280
157 1285
161 1295
169 1301
175 1309
183 1315
190 1323
199 1328
207 1335
216 1340
226 1344
236 1345
246 1349
256 1350
266 1350
276 1350
286 1350
296 1350
306 1350
315 1345
325 1341
335 1336
343 1329
350 1321
355 1311
363 1304
365 1291
373 1284
380 1271
388 1264
390 1251
390 1241
395 1226
395 1216
400 1206
400 1196
405 1186
405 1176
405 1166
405 1156
405 1146
410 1128
410 1118
410 1108
410 1098
410 1088
410 1078
410 1068
410 1058
410 1048
410 1038
410 1028
410 1018
410 1008
410 998
410 988
410 978
410 968
410 958
410 948
410 938
410 928
410 918
410 908
410 898
410 888
410 878
410 868
410 858
410 848
410 838
410 828
410 818
410 808
410 798
405 789
405 779
405 769
405 759
405 749
405 739
405 729
405 719
405 709
401 699
400 689
400 679
400 669
400 659
400 649
400 639
400 629
395 620
395 610
395 600
395 590
395 580
395 570
395 560
395 550
395 540
395 530
395 520
395 510
395 500
395 490
395 480
395 470
395 460
395 450
395 440
393 430
390 420
390 410
385 401
385 391
385 381
385 371
385 361
385 351
385 341
390 331
390 321
395 311
395 301
400 286
405 276
410 261
415 246
420 236
425 226
425 216
430 206
435 196
440 186
445 176
450 166
450 156
455 146
465 136
470 126
480 116
488 109
498 104
503 95
512 90
521 85
531 85
540 80
550 80
560 80
570 80
580 80
590 80
600 80
610 80
620 83
630 85
640 88
650 90
659 95
669 95
678 100
688 100
697 105
707 105
716 110
726 114
735 119
745 120
754 125
763 130
772 135
779 143
789 146
795 154
803 160
809 168
815 176
821 184
829 191
835 199
840 208
844 218
845 228
850 237
855 246
858 256
860 266
860 276
860 286
865 295
865 305
860 320
855 330
855 340
850 350
845 365
843 378
838 388
833 398
825 405
820 415
812 424
804 430
798 438
790 445
782 454
772 455
762 459
752 460
742 460
732 460
722 460
712 459
703 454
693 450
684 445
674 441
665 436
655 433
649 425
639 421
631 415
623 409
615 403
609 395
600 390
595 381
590 372
585 363
580 354
575 345
573 335
570 325
570 315
565 306
565 296
565 286
565 276
570 266
575 256
580 246
588 240
595 231
603 224
610 216
618 209
623 200
632 195
640 186
650 181
660 180
669 175
678 170
688 169
698 165
708 165
718 165
724 173
734 176
740 184
750 188
758 195
764 203
770 211
776 219
784 226
790 234
790 244
795 253
795 263
799 273
795 285
790 295
785 305
780 320
775 330
768 338
760 345
750 345
740 350
730 350
720 350
710 346
700 343
694 335
686 329
680 321
679 311
675 301
675 291
683 284
693 280
703 280
709 288
710 298
715 307
721 315
731 315
741 315
749 308
754 298
759 288
764 276
760 266
760 256
755 247
755 237
750 228
744 220
736 214
727 209
718 204
708 200
698 200
688 203
678 208
668 210
659 215
650 220
643 228
635 235
628 243
620 250
613 263
605 270
600 285
600 295
601 305
605 315
605 325
610 334
610 344
618 350
621 360
626 369
634 375
640 383
649 388
659 391
665 399
675 403
683 410
692 415
702 415
711 420
720 425
730 425
740 425
750 425
760 421
770 416
778 409
785 401
793 394
800 386
805 376
810 361
815 351
820 341
820 331
825 321
825 311
825 294
825 284
825 274
821 264
820 254
816 244
813 234
808 225
804 215
796 209
793 199
785 192
778 184
770 178
764 170
754 166
746 160
737 155
728 150
718 150
709 145
700 140
690 140
681 135
671 135
662 130
652 130
643 125
633 124
623 120
613 120
604 115
594 115
584 115
574 115
564 115
554 115
544 115
535 120
525 120
518 128
510 135
503 143
495 150
490 160
482 169
477 179
469 185
463 193
455 200
450 210
445 220
440 235
440 245
440 255
440 265
440 275
440 285
440 295
441 305
445 315
445 325
445 335
445 345
445 355
445 365
445 375
445 385
445 395
445 405
446 415
450 425
450 435
451 445
455 455
455 465
456 475
460 485
461 495
465 505
465 515
465 525
465 535
465 545
465 555
465 565
465 575
466 585
470 595
470 605
470 615
470 625
465 635
470 645
470 655
471 665
475 675
475 690
475 700
475 710
475 720
475 735
475 745
475 760
475 770
475 785
475 795
475 805
475 815
475 830
475 840
475 855
475 865
475 875
475 885
475 895
475 905
475 915
475 925
475 935
470 950
470 960
470 970
470 980
470 990
470 1000
470 1010
470 1020
465 1030
465 1040
465 1050
460 1065
460 1075
460 1085
455 1095
455 1105
455 1115
450 1125
450 1135
450 1145
450 1155
450 1165
445 1175
440 1185
438 1203
430 1210
430 1220
425 1235
420 1250
420 1260
415 1270
410 1285
403 1298
395 1305
390 1320
383 1333
375 1340
369 1352
361 1360
352 1365
343 1370
334 1375
325 1380
316 1385
306 1385
296 1385
286 1385
276 1385
266 1385
256 1385
246 1385
237 1380
227 1380
218 1375
208 1375
199 1370
191 1364
185 1356
175 1353
169 1345
161 1339
155 1331
145 1328
138 1320
134 1310
126 1304
120 1296
115 1287
108 1279
103 1270
99 1260
94 1251
90 1241
89 1231
85 1221
85 1211
85 1201
85 1191
