449 872
449 862
457 854
464 842
469 832
477 824
486 819
495 814
504 809
513 804
523 804
533 804
543 804
553 804
563 805
573 809
583 809
593 810
602 815
610 822
619 827
627 834
630 844
635 853
643 860
650 868
658 875
665 883
673 890
680 898
684 885
679 876
679 866
679 856
674 847
674 837
674 827
674 817
669 808
669 798
665 788
664 778
658 770
649 765
641 759
634 751
626 745
617 740
607 740
598 735
588 735
579 730
570 725
560 723
551 718
541 715
532 710
522 709
512 705
502 705
493 700
485 693
476 688
466 684
459 676
454 667
454 657
454 647
454 637
454 627
459 612
459 602
459 592
459 582
459 572
459 562
464 552
469 542
469 532
474 522
479 507
484 497
494 492
499 482
509 477
519 472
529 469
539 469
549 469
559 469
569 469
578 474
587 479
594 487
600 495
605 504
613 510
620 518
625 527
625 537
633 544
642 539
652 539
662 539
672 539
681 534
691 534
701 530
711 529
720 524
730 524
740 521
750 519
759 509
756 499
747 494
742 485
739 475
734 466
722 445
712 445
702 444
692 440
682 440
673 435
663 435
654 430
646 424
642 414
637 405
634 395
632 385
629 375
629 365
629 355
624 346
624 336
619 327
624 312
629 302
637 294
645 286
653 279
660 271
668 264
677 259
686 254
695 249
705 246
715 244
725 241
735 239
745 236
755 231
759 217
764 207
769 191
769 181
769 171
769 161
764 152
764 142
764 132
764 122
772 114
781 109
790 104
800 104
810 104
820 104
830 104
840 107
847 115
852 124
859 132
869 134
878 139
888 139
898 139
908 139
918 139
928 139
938 139
948 139
958 139
968 139
978 139
988 139
998 139
1008 139
1018 139
1028 139
1038 139
1047 134
1054 117
1059 107
1069 102
1079 99
1089 99
1099 101
1108 106
1115 114
1123 120
1130 128
1135 137
1140 146
1145 155
1150 164
1155 173
1155 183
1163 189
1172 194
1181 199
1190 204
1198 210
1202 220
1210 227
1215 236
1221 244
1229 251
1235 259
1240 268
1245 277
1239 292
1229 290
1219 290
1210 285
1195 280
1200 289
1205 298
1205 308
1205 318
1205 328
1210 337
1210 347
1210 357
1205 375
1200 385
1198 398
1193 408
1185 415
1180 425
1172 434
1167 444
1158 450
1149 455
1139 455
1130 460
1125 470
1125 480
1130 489
1139 494
1147 500
1152 509
1162 509
1172 509
1182 509
1192 509
1202 509
1212 509
1222 509
1231 514
1240 519
1245 528
1245 538
1250 547
1250 557
1255 566
1261 574
1269 581
1273 591
1278 600
1285 608
1290 617
1295 626
1301 634
1309 641
1315 649
1323 655
1330 663
1338 670
1345 678
1353 685
1360 693
1365 702
1372 710
1380 717
1387 725
1395 732
1395 742
1395 752
1395 762
1395 772
1390 790
1385 805
1380 815
1375 825
1368 833
1360 840
1362 850
1370 857
1375 866
1381 874
1385 884
1385 894
1385 904
1385 914
1385 924
1380 940
1380 950
1375 960
1370 975
1368 988
1363 998
1355 1005
1353 1018
1348 1028
1340 1035
1335 1045
1335 1055
1330 1070
1325 1080
1318 1088
1313 1098
1308 1108
1303 1118
1295 1125
1290 1140
1285 1150
1278 1158
1270 1165
1261 1170
1251 1170
1241 1170
1231 1170
1222 1165
1212 1165
1202 1165
1192 1165
1183 1160
1173 1160
1164 1155
1155 1150
1145 1148
1136 1143
1126 1139
1117 1134
1109 1127
1100 1122
1092 1115
1083 1110
1075 1103
1068 1095
1059 1090
1049 1090
1039 1090
1033 1098
1025 1105
1018 1113
1010 1120
1000 1120
990 1120
981 1115
971 1115
961 1115
951 1115
941 1115
931 1115
921 1115
912 1110
902 1110
893 1105
884 1100
874 1100
865 1095
855 1092
845 1088
838 1080
829 1075
820 1070
813 1078
803 1083
798 1093
788 1098
780 1105
772 1114
762 1119
752 1124
744 1130
735 1135
725 1135
715 1135
705 1132
695 1130
685 1130
675 1130
665 1130
656 1125
646 1125
636 1125
626 1125
617 1120
607 1120
597 1120
587 1120
577 1120
567 1120
558 1115
549 1110
541 1103
536 1094
532 1084
524 1077
519 1068
514 1059
512 1049
507 1040
504 1030
499 1021
499 1011
494 1002
487 994
479 987
475 977
470 968
469 958
464 949
459 940
459 930
454 921
454 911
449 902
449 892
449 882
