454 637
454 627
459 612
459 602
459 592
464 577
469 562
474 552
479 542
484 532
489 522
494 512
502 504
507 494
515 486
525 481
535 479
545 479
555 479
565 479
575 479
583 485
590 493
595 502
600 511
605 520
610 529
615 538
623 544
633 544
642 549
652 549
662 549
672 549
682 549
692 549
702 549
712 549
722 549
732 549
742 544
752 539
754 527
759 517
764 507
767 490
760 482
752 475
743 470
734 465
726 459
717 454
709 447
704 438
698 430
689 425
680 420
672 414
662 410
653 405
645 398
639 390
634 381
634 371
629 362
629 352
629 342
629 332
629 322
629 312
629 302
634 292
639 282
647 274
652 264
660 256
670 251
678 244
687 239
697 234
707 234
717 234
727 234
737 234
747 234
757 234
767 234
769 215
769 205
769 195
769 185
767 175
764 165
759 156
759 146
754 137
754 127
759 117
769 112
779 109
788 104
798 104
808 104
818 104
828 104
838 104
847 109
856 114
866 114
875 119
883 125
890 133
898 140
907 145
917 149
927 149
937 149
947 149
957 149
967 149
977 149
987 149
997 149
1007 144
1017 144
1027 144
1036 139
1046 135
1054 127
1062 119
1071 114
1079 107
1089 102
1099 99
1108 94
1117 99
1124 107
1130 115
1135 124
1140 133
1145 142
1150 151
1150 161
1156 169
1165 174
1175 177
1180 186
1185 195
1187 205
1197 209
1206 214
1214 221
1220 229
1228 235
1235 243
1235 260
1225 270
1215 270
1215 280
1220 289
1225 298
1230 307
1234 317
1240 325
1245 334
1245 344
1240 355
1235 365
1230 375
1225 385
1217 399
1209 407
1201 415
1192 420
1183 425
1174 430
1164 430
1155 435
1145 435
1135 435
1125 435
1115 435
1115 445
1115 455
1115 465
1117 475
1127 479
1136 484
1145 489
1153 495
1160 503
1168 510
1175 518
1185 522
1195 524
1205 524
1215 524
1225 524
1234 519
1244 521
1250 529
1250 539
1255 548
1260 557
1264 567
1274 571
1280 579
1290 582
1297 590
1305 597
1310 606
1315 615
1320 624
1325 633
1325 643
1325 653
1330 662
1335 671
1340 680
1345 689
1353 695
1360 703
1368 710
1372 720
1380 727
1384 737
1390 745
1395 754
1395 764
1400 773
1395 790
1388 803
1380 810
1373 818
1365 825
1365 835
1365 845
1367 855
1372 864
1379 872
1384 881
1385 891
1390 900
1390 910
1390 920
1385 935
1385 945
1380 955
1380 965
1375 975
1375 985
1370 995
1370 1005
1365 1015
1360 1030
1358 1043
1353 1053
1348 1063
1343 1073
1335 1080
1330 1090
1325 1100
1320 1110
1313 1118
1305 1125
1298 1133
1290 1140
1282 1149
1273 1155
1264 1160
1255 1165
1245 1165
1236 1170
1227 1175
1217 1179
1207 1180
1197 1180
1187 1180
1177 1180
1167 1180
1158 1175
1149 1170
1140 1165
1131 1160
1122 1155
1113 1150
1104 1145
1095 1140
1086 1135
1077 1130
1069 1124
1064 1115
1056 1109
1052 1099
1047 1090
1043 1080
1034 1075
1025 1080
1018 1088
1008 1090
998 1090
988 1090
978 1093
968 1095
958 1095
948 1095
938 1095
928 1095
918 1095
908 1095
898 1095
888 1095
878 1095
868 1095
859 1090
851 1083
845 1075
835 1075
825 1075
815 1080
805 1085
795 1090
785 1095
776 1100
767 1105
757 1109
747 1114
737 1119
727 1124
717 1125
708 1130
699 1135
689 1135
680 1140
670 1140
661 1145
651 1145
641 1145
631 1145
621 1145
611 1145
601 1145
591 1145
581 1145
571 1143
561 1139
557 1129
549 1122
542 1114
534 1107
529 1098
524 1089
519 1080
519 1070
519 1060
514 1051
514 1041
509 1032
504 1023
501 1013
496 1004
494 994
489 985
489 975
489 965
484 956
479 947
474 938
467 930
464 920
459 911
454 902
454 892
454 882
459 867
459 857
464 847
469 837
477 829
487 824
497 819
505 811
515 806
525 801
535 799
545 799
555 799
565 802
574 807
582 814
591 819
599 826
605 834
610 843
618 850
625 858
630 867
638 874
645 882
652 890
657 899
659 877
659 867
659 857
659 847
659 837
659 827
659 817
659 807
659 797
659 787
659 777
659 767
659 757
659 747
654 738
649 729
649 719
647 709
637 705
627 705
617 705
607 705
597 705
587 705
577 705
568 700
558 700
548 700
538 700
529 695
519 695
510 690
502 684
492 680
483 675
475 668
469 660
459 656
454 647
