104 1292
99 1302
104 1311
111 1319
121 1320
131 1320
141 1320
151 1320
161 1320
171 1320
181 1320
190 1315
200 1310
210 1310
220 1310
230 1312
240 1315
250 1317
260 1320
270 1320
280 1320
279 1337
274 1352
269 1362
264 1377
259 1387
254 1402
249 1412
244 1427
242 1444
234 1452
234 1462
229 1472
224 1487
222 1504
214 1512
214 1522
209 1532
204 1547
199 1562
194 1572
189 1587
184 1597
179 1612
174 1622
167 1634
159 1642
157 1659
149 1667
147 1684
139 1692
132 1709
124 1717
117 1734
109 1742
109 1752
104 1762
104 1772
104 1782
109 1791
109 1801
114 1810
123 1815
133 1815
143 1813
153 1808
163 1805
173 1803
183 1800
192 1794
202 1789
210 1780
219 1775
228 1770
238 1768
248 1763
255 1755
265 1755
274 1750
282 1744
292 1739
302 1734
312 1729
322 1724
332 1719
342 1715
349 1723
349 1733
349 1743
349 1753
349 1763
349 1773
349 1783
349 1793
349 1803
349 1813
354 1822
354 1832
354 1842
354 1852
354 1862
354 1872
354 1882
354 1892
354 1902
359 1911
359 1921
359 1931
359 1941
359 1951
359 1961
359 1971
364 1980
364 1990
364 2000
364 2010
364 2020
364 2030
364 2040
364 2050
364 2060
364 2070
364 2080
364 2090
364 2100
364 2110
364 2120
364 2130
364 2140
364 2150
364 2160
364 2170
364 2180
364 2190
364 2200
364 2210
364 2220
364 2230
364 2240
364 2250
364 2260
364 2270
364 2280
364 2290
364 2300
364 2310
364 2320
364 2330
364 2340
364 2350
364 2360
364 2370
364 2380
367 2390
372 2399
380 2405
390 2405
400 2405
410 2407
420 2405
430 2405
438 2398
443 2388
445 2375
445 2365
445 2355
445 2345
445 2335
445 2325
445 2315
445 2305
445 2295
445 2285
445 2275
445 2265
445 2255
445 2245
445 2235
445 2225
445 2215
445 2205
445 2195
445 2185
450 2170
450 2160
450 2150
450 2140
450 2130
450 2120
450 2110
450 2100
450 2090
450 2080
450 2070
450 2060
450 2050
447 2040
445 2030
445 2020
445 2010
450 2000
450 1990
450 1980
450 1970
450 1960
450 1950
450 1940
450 1930
450 1920
450 1910
450 1900
450 1890
450 1880
450 1870
450 1860
450 1850
450 1840
450 1830
450 1820
450 1810
450 1800
450 1790
450 1780
450 1770
450 1760
450 1750
450 1740
450 1730
450 1720
450 1710
450 1700
450 1690
450 1680
450 1670
450 1660
460 1662
470 1665
479 1670
489 1670
498 1675
508 1675
518 1675
527 1680
536 1685
546 1685
556 1688
566 1690
576 1690
586 1690
596 1690
606 1690
616 1690
625 1685
634 1680
644 1677
654 1675
663 1670
672 1665
682 1664
692 1660
702 1660
712 1660
722 1660
732 1664
742 1665
752 1665
761 1660
765 1650
765 1634
760 1625
758 1615
750 1609
747 1599
742 1590
738 1580
730 1573
725 1564
720 1555
715 1546
710 1537
705 1528
698 1520
690 1513
685 1504
679 1496
674 1487
667 1479
662 1470
660 1460
654 1452
647 1444
642 1435
638 1425
630 1419
626 1409
617 1404
612 1395
610 1385
607 1375
600 1367
590 1363
585 1354
585 1344
578 1336
574 1326
569 1317
562 1309
557 1300
553 1290
545 1283
545 1273
540 1264
535 1255
530 1246
525 1237
520 1228
515 1219
510 1210
508 1200
500 1193
495 1184
495 1174
505 1172
512 1180
522 1184
531 1189
539 1195
548 1200
558 1200
567 1205
576 1210
585 1215
595 1215
605 1215
615 1215
624 1220
630 1228
640 1225
648 1218
648 1200
640 1193
633 1185
628 1176
624 1166
616 1159
610 1151
605 1142
600 1133
595 1124
592 1114
587 1105
580 1097
575 1088
568 1080
560 1073
560 1063
555 1054
550 1045
545 1036
543 1026
540 1016
535 1007
530 998
530 988
525 979
520 970
514 962
510 952
505 943
505 933
500 924
497 914
492 905
485 897
480 888
480 878
475 869
470 860
470 850
475 840
485 835
495 835
504 840
513 845
523 845
532 850
542 850
552 850
562 854
572 854
580 845
585 832
585 822
585 812
585 802
577 795
575 785
570 776
565 767
560 758
555 749
552 739
547 730
543 720
535 713
530 704
530 694
525 685
520 676
515 667
515 657
510 648
505 639
500 630
500 620
495 611
490 602
490 592
485 583
485 573
480 564
477 554
472 545
470 535
470 525
465 516
460 507
460 497
459 487
455 477
455 467
450 458
445 449
445 439
440 430
438 420
433 411
430 401
425 392
425 382
425 372
420 363
420 353
415 344
415 334
410 325
410 315
410 305
405 296
405 286
405 276
400 267
400 257
400 247
400 237
400 227
395 218
390 209
386 199
377 194
369 202
364 217
364 227
364 237
364 247
364 257
364 267
364 277
364 287
359 302
359 312
359 322
359 332
359 342
354 357
354 367
354 377
354 387
354 397
349 412
349 422
349 432
349 442
344 457
344 467
344 477
339 487
339 497
337 509
329 517
329 527
324 537
324 547
319 557
314 572
309 587
304 597
302 614
294 622
292 639
284 647
279 662
279 672
274 682
269 692
264 702
260 716
252 724
244 732
239 747
234 757
234 767
229 777
224 792
219 802
214 812
209 822
204 832
199 842
194 852
199 861
204 870
213 875
222 870
232 870
241 865
251 865
260 860
270 860
279 855
289 852
299 850
309 850
309 860
304 872
299 882
299 892
294 907
294 917
289 932
284 942
279 957
279 967
274 977
269 992
269 1002
264 1012
259 1027
254 1037
249 1052
244 1062
239 1077
234 1087
232 1104
224 1112
217 1129
209 1137
209 1147
207 1159
199 1167
194 1177
187 1194
179 1202
175 1216
167 1224
162 1234
152 1239
144 1247
137 1259
129 1267
122 1279
112 1284
