374 697
374 687
382 679
392 679
401 674
409 667
417 659
425 651
433 644
439 627
444 617
452 609
457 599
459 582
464 572
469 557
474 542
479 527
484 512
484 502
492 494
494 477
494 467
499 450
499 440
499 430
499 420
499 410
499 400
499 390
499 380
499 370
498 360
488 360
479 365
469 365
459 365
449 365
439 365
429 365
419 361
414 352
414 342
422 334
431 329
439 322
447 314
455 306
463 299
467 289
475 281
483 274
490 266
498 259
504 247
512 239
519 227
524 217
532 209
537 199
544 187
544 177
549 167
557 159
559 147
564 137
564 127
569 112
574 102
579 92
579 82
587 74
589 62
594 52
594 42
594 32
602 24
612 24
619 32
625 40
627 50
635 57
640 66
645 75
650 84
658 90
662 100
670 107
674 117
675 127
680 136
686 144
690 154
695 163
700 172
704 182
705 192
710 201
713 211
718 220
722 230
727 239
734 247
735 257
742 265
747 274
750 284
758 290
762 300
770 307
779 312
787 319
796 324
805 329
815 332
824 337
832 344
835 354
828 368
818 373
808 375
798 375
788 375
778 375
769 370
759 370
750 365
740 365
742 375
745 385
745 395
750 404
750 414
755 423
760 432
760 442
765 451
768 461
770 471
775 480
777 490
780 500
785 509
785 519
790 528
795 537
800 546
805 555
810 564
815 573
820 582
827 590
835 597
840 606
845 615
850 624
858 630
862 640
872 644
879 652
884 661
890 669
899 674
907 680
910 690
904 702
894 705
884 705
875 710
865 710
855 710
845 710
835 710
825 715
815 715
820 724
820 734
825 743
830 752
830 762
834 772
839 781
840 791
845 800
850 809
855 818
863 825
867 835
875 842
880 851
886 859
894 866
900 874
900 884
905 893
910 902
915 911
920 920
925 929
925 939
930 948
930 958
928 973
920 980
910 980
900 980
890 980
880 980
870 980
860 980
850 980
840 980
830 980
820 980
810 980
800 980
790 980
795 989
795 999
795 1009
800 1018
805 1027
810 1036
813 1046
815 1056
820 1065
820 1075
825 1084
830 1093
835 1102
835 1112
835 1122
835 1132
835 1142
830 1160
822 1169
813 1175
803 1175
793 1175
784 1180
774 1180
764 1180
754 1180
744 1180
734 1180
724 1180
715 1185
705 1185
695 1185
685 1185
675 1185
666 1190
656 1190
646 1190
636 1190
627 1185
624 1175
624 1165
624 1155
624 1145
624 1135
624 1125
624 1115
624 1105
619 1096
619 1086
614 1077
614 1067
614 1057
609 1048
609 1038
604 1029
604 1019
604 1009
599 1000
589 1000
580 1005
570 1005
560 1005
550 1005
540 1005
530 1005
520 1005
510 1005
500 1005
490 1005
481 1010
471 1010
461 1010
451 1010
442 1015
432 1015
422 1014
414 1007
414 997
422 989
431 984
434 967
434 957
439 947
439 937
444 922
449 912
449 902
454 892
454 882
459 867
464 852
469 842
469 832
474 822
479 812
479 802
484 792
484 782
489 772
489 762
494 752
494 742
494 732
499 717
498 705
488 705
478 705
469 710
459 710
449 710
439 710
429 710
419 710
409 710
399 710
389 710
379 706
