204 862
204 852
212 844
220 836
230 831
238 824
245 816
255 811
263 804
272 799
277 789
285 781
295 776
303 769
312 764
320 756
328 749
335 741
339 727
347 719
352 709
360 701
368 694
375 686
383 679
390 671
395 661
403 654
407 644
414 632
413 620
403 620
393 623
383 625
373 625
364 630
354 630
344 630
334 630
324 630
314 630
304 630
295 625
285 625
275 625
267 619
259 612
259 602
267 594
276 589
284 582
292 574
302 569
311 564
319 557
329 552
337 544
346 539
351 530
359 522
367 514
375 506
383 499
389 487
397 479
404 467
412 459
417 449
419 437
424 427
432 419
437 409
444 393
438 385
429 390
419 390
409 390
399 392
389 395
379 395
369 395
360 390
350 390
340 390
330 390
322 384
314 377
314 367
322 359
330 351
338 344
348 344
357 339
366 334
376 330
386 325
394 319
403 314
413 314
422 309
430 301
440 299
449 294
458 289
467 284
475 276
483 269
492 264
501 259
506 250
514 242
522 234
529 217
537 209
542 199
549 187
554 172
562 164
564 147
569 137
574 122
579 107
584 97
584 87
584 77
584 67
592 59
601 54
610 59
618 65
620 75
622 85
630 92
634 102
640 110
642 120
647 129
654 137
660 145
665 154
673 160
677 170
685 177
689 187
695 195
700 204
705 213
710 222
714 232
720 240
725 249
730 258
738 265
742 275
745 285
750 294
755 303
763 310
770 318
778 325
785 333
793 339
802 344
811 349
819 356
825 364
835 367
843 374
852 379
862 379
871 384
880 389
888 395
887 409
879 417
869 422
859 425
849 425
839 425
829 425
819 425
809 425
800 420
790 424
795 433
800 442
805 451
808 461
815 469
820 478
820 488
825 497
832 505
835 515
840 524
840 534
845 543
850 552
854 562
860 570
865 579
873 585
877 595
885 602
894 607
902 614
911 619
919 626
929 629
937 635
945 642
940 655
933 663
925 670
915 670
905 670
895 670
885 670
876 665
866 665
856 665
846 665
836 665
826 663
816 660
806 660
796 658
786 655
775 650
777 660
780 670
785 679
785 689
785 699
790 708
790 718
795 727
799 737
804 746
810 754
815 763
820 772
827 780
830 790
835 799
840 808
850 812
857 820
867 824
876 829
884 836
894 839
903 844
913 844
923 844
933 845
940 853
945 862
937 874
928 880
918 883
908 885
898 885
888 885
878 885
868 885
858 885
848 885
838 885
828 885
818 885
809 880
799 880
789 880
780 875
770 875
761 870
751 868
741 865
731 865
722 860
712 860
703 855
693 855
684 850
674 847
665 842
655 840
655 850
655 860
655 870
655 880
655 890
660 899
660 909
660 919
660 929
660 939
660 949
660 959
660 969
660 979
660 989
660 999
660 1009
660 1019
660 1029
660 1039
660 1049
660 1059
660 1069
665 1078
665 1088
665 1098
665 1108
670 1117
670 1127
665 1145
658 1153
650 1160
640 1165
630 1170
620 1170
610 1167
600 1165
590 1165
580 1165
570 1165
560 1165
550 1165
540 1165
530 1165
520 1162
512 1155
509 1145
509 1135
504 1126
504 1116
504 1106
504 1096
504 1086
504 1076
504 1066
504 1056
499 1047
499 1037
499 1027
499 1017
499 1007
499 997
499 987
499 977
499 967
499 957
499 947
504 934
504 924
504 914
504 904
504 894
504 884
504 874
504 864
504 854
504 844
504 834
504 824
499 815
490 820
481 825
472 830
463 835
453 838
445 845
435 845
426 850
416 850
407 855
397 859
387 860
377 860
368 865
358 865
349 870
339 870
329 872
319 875
309 875
299 875
289 875
279 877
269 880
259 880
249 880
239 880
229 880
219 877
212 869
