49 117
49 92
71 104
89 122
109 137
128 154
148 170
168 185
185 204
205 219
225 234
244 251
264 266
282 284
302 299
322 314
345 324
370 324
395 321
417 309
429 287
441 265
454 237
466 215
486 199
511 204
526 224
538 246
550 268
562 290
577 310
598 324
623 324
648 324
670 311
689 292
707 274
725 256
744 237
762 219
780 201
799 182
817 164
835 146
854 127
872 109
890 91
895 119
895 144
895 169
895 194
895 219
895 244
895 269
895 294
895 319
895 344
895 369
895 394
895 419
895 444
895 469
895 494
895 519
895 544
895 569
895 594
895 619
895 644
895 669
895 694
876 734
859 715
840 698
822 680
804 662
786 644
769 625
750 608
732 590
714 572
696 554
679 535
660 518
642 500
624 482
602 470
577 475
552 480
527 485
502 489
477 490
452 495
427 500
402 505
377 509
352 510
328 518
305 530
285 545
265 560
243 573
223 588
200 600
180 615
158 628
138 643
115 655
95 670
73 685
49 692
49 667
49 642
49 617
49 592
49 567
49 542
49 517
49 492
49 467
49 442
49 417
49 392
49 367
49 342
49 317
49 292
49 267
49 242
49 217
49 192
49 167
49 142
