39 542
24 567
79 512
94 482
105 455
118 433
130 405
153 393
171 375
194 365
219 365
243 358
265 345
285 325
300 305
324 312
348 320
371 330
396 335
421 335
446 338
458 360
466 384
474 408
469 452
459 477
449 502
439 527
424 557
411 595
402 619
386 639
364 652
427 615
435 585
449 552
493 443
470 330
494 322
518 313
542 305
541 340
526 360
514 382
514 407
524 430
535 453
549 431
565 325
578 303
596 285
615 265
638 253
660 240
684 232
706 220
731 215
756 210
770 172
745 169
720 169
695 169
670 169
645 169
620 169
595 167
570 164
545 159
520 154
495 149
470 144
445 139
420 139
395 139
370 144
345 149
322 159
297 164
277 179
259 197
249 232
245 266
221 274
196 274
171 269
146 269
124 282
106 305
94 327
104 350
109 375
99 407
89 432
79 462
69 487
54 517
