89 132
104 112
119 92
117 59
96 45
74 32
137 74
160 84
185 89
205 104
218 126
233 146
248 166
260 188
283 199
305 212
325 227
345 242
363 260
383 275
395 297
413 315
428 335
435 359
448 381
460 403
465 428
474 452
483 476
501 494
520 511
537 530
555 548
559 573
534 575
514 560
490 552
468 540
445 530
422 520
398 513
389 537
368 580
358 603
336 615
314 602
334 582
349 562
364 537
348 510
329 527
305 536
270 555
232 580
214 562
236 549
256 534
281 529
299 505
276 495
251 489
229 477
209 462
191 444
176 424
167 400
152 380
140 358
129 335
124 310
114 287
114 262
114 237
124 207
124 167
111 145
