44 167
24 182
44 197
62 215
77 235
84 259
84 284
84 309
89 334
99 357
109 380
124 400
141 419
164 430
184 445
201 464
214 486
191 499
166 504
144 517
162 535
239 487
258 470
279 484
269 517
254 537
241 559
219 572
237 590
304 477
329 480
354 480
379 477
404 480
424 495
444 510
464 525
484 540
504 555
526 568
548 580
570 592
592 605
614 617
636 629
659 640
682 650
707 655
730 645
753 633
778 628
763 591
741 579
719 566
695 559
672 549
649 539
626 529
603 519
579 511
555 503
533 491
511 479
489 466
465 457
453 435
438 415
420 397
405 377
385 362
363 350
340 339
320 324
297 314
273 306
249 299
226 289
201 284
178 274
155 263
145 240
145 215
150 182
138 160
114 151
89 149
64 152
