42 135
24 117
56 114
81 119
106 114
131 114
156 119
180 127
200 142
222 154
242 169
260 187
280 202
304 209
327 219
347 234
370 244
390 259
413 269
438 275
463 280
487 289
512 294
535 304
560 309
585 314
610 319
635 324
659 331
684 334
707 344
696 370
671 368
646 365
621 365
596 360
571 360
546 360
521 360
498 370
473 375
450 385
464 406
482 424
512 470
489 460
464 455
440 447
415 445
390 440
380 466
358 518
345 566
350 591
349 617
324 617
309 597
309 572
324 552
334 527
344 497
356 475
364 446
346 428
323 438
310 460
271 475
237 480
206 490
178 490
157 504
134 515
124 492
136 470
161 469
192 469
217 464
251 459
285 454
277 430
252 425
227 420
204 410
184 395
161 384
140 370
119 356
99 341
86 319
84 294
84 269
84 244
84 219
84 194
79 169
62 150
