42 430
24 412
48 404
73 404
95 391
117 379
142 379
165 389
188 399
205 418
220 438
243 449
266 459
286 474
308 486
332 494
357 499
380 489
405 489
430 486
455 484
478 474
503 469
528 464
552 454
576 445
599 434
621 420
641 404
660 386
682 374
700 356
720 341
740 326
762 314
782 299
802 284
817 264
835 246
857 234
872 214
887 194
896 170
919 181
917 219
902 239
887 259
869 277
850 295
835 315
825 345
807 364
789 382
770 400
755 420
735 440
713 453
690 465
675 490
653 505
630 515
608 528
588 543
564 552
544 567
520 575
495 580
470 580
445 580
415 590
436 604
458 635
433 635
408 635
383 630
363 645
338 645
315 655
318 680
323 708
307 760
310 787
286 778
261 780
266 755
289 742
299 717
293 675
268 678
254 715
217 755
190 775
167 785
149 767
167 749
192 749
210 731
229 712
244 687
234 660
210 652
188 640
166 628
146 613
128 595
114 574
104 551
99 526
99 501
94 476
82 454
67 434
