49 82
29 67
59 57
83 49
106 39
127 24
152 19
175 29
190 49
203 71
215 93
215 118
225 141
235 164
240 189
253 211
268 231
286 249
301 269
316 289
334 307
346 329
364 347
380 367
392 389
410 407
425 427
437 449
457 464
475 482
493 500
510 519
530 534
549 551
567 569
587 589
615 607
591 614
564 600
545 583
527 565
505 553
485 538
467 520
442 515
417 510
394 500
370 492
345 490
325 505
335 528
345 551
355 574
368 596
366 625
344 612
326 594
309 575
293 555
275 537
256 520
236 604
216 620
191 620
151 620
129 607
171 604
200 596
204 567
219 542
231 520
222 485
199 475
176 464
161 444
141 429
126 409
111 389
94 370
89 345
84 320
74 297
79 252
89 217
89 192
94 167
94 135
88 110
73 90
