42 240
24 222
48 214
71 204
94 192
118 184
143 184
168 184
193 189
216 199
236 214
245 238
255 261
275 277
297 289
320 299
340 314
360 329
380 344
400 359
419 376
437 394
455 412
477 424
492 444
510 462
532 474
547 494
569 506
591 519
614 529
637 539
660 549
683 560
705 572
727 584
749 596
772 609
776 634
752 625
729 615
706 605
684 592
662 580
639 570
615 562
593 550
569 542
545 535
520 530
495 525
470 522
446 515
421 515
397 524
372 530
348 538
323 545
300 555
256 583
275 566
273 538
250 550
234 570
224 547
227 515
205 503
185 488
167 470
152 450
137 430
129 406
119 383
114 358
114 333
106 309
91 289
79 267
67 245
