42 195
24 177
48 169
66 150
89 139
114 139
139 144
160 158
182 170
194 192
206 214
218 236
236 254
256 269
278 281
302 289
324 301
348 310
370 322
394 331
416 344
439 354
464 349
489 344
514 344
539 344
564 344
589 339
614 339
639 339
664 334
684 350
656 360
631 365
606 365
581 365
556 370
531 370
507 379
482 385
457 390
433 398
411 410
388 420
369 437
354 457
336 475
321 495
322 569
297 575
258 570
234 562
280 556
289 532
301 510
300 480
275 485
257 504
234 515
181 575
156 575
128 575
103 569
115 546
142 554
166 545
186 530
209 517
228 485
205 475
180 470
157 460
134 450
115 433
100 413
89 390
79 367
74 342
69 317
64 292
59 267
59 242
54 217
