79 522
79 497
97 479
117 464
140 474
163 484
183 469
195 446
209 422
224 402
239 377
254 352
269 332
284 307
299 282
314 262
329 237
344 212
359 187
374 167
386 145
366 125
344 112
359 92
374 72
386 50
404 32
428 24
453 24
475 37
483 61
507 69
530 79
543 101
552 125
538 153
525 175
510 195
491 214
474 195
461 173
436 175
424 197
405 215
393 238
378 258
365 280
350 300
338 323
323 343
308 363
293 383
280 405
265 425
253 448
238 468
225 490
210 510
215 535
220 560
211 585
191 600
166 603
142 595
118 550
94 542
