274 717
274 692
279 647
284 602
284 577
289 542
294 502
299 462
299 437
304 407
309 362
309 337
314 307
319 282
319 242
329 219
346 200
336 169
319 150
309 127
309 102
309 77
331 65
356 59
381 54
406 49
431 54
456 54
481 59
499 77
500 102
495 145
480 165
460 180
470 203
485 223
497 245
500 270
500 310
500 335
495 365
500 390
500 415
500 440
505 465
505 490
510 515
510 540
510 565
510 590
510 615
512 640
515 665
515 690
519 732
501 750
481 765
456 770
431 775
406 775
381 775
356 770
331 764
309 752
289 737
