324 377
324 352
329 312
344 287
359 262
377 244
384 202
384 177
384 152
384 127
384 102
384 72
384 47
404 32
429 34
453 41
460 70
460 95
460 140
465 175
460 210
470 233
479 257
495 277
507 299
515 323
520 348
515 375
520 400
520 430
520 460
515 505
520 530
522 555
520 585
520 610
520 635
520 660
515 685
515 710
515 740
516 770
501 790
476 795
451 795
426 795
401 795
376 795
351 790
329 777
324 752
324 727
324 702
324 677
324 652
324 612
324 587
324 557
324 532
324 507
324 482
324 457
324 432
324 407
