329 347
329 322
339 287
351 265
366 245
384 212
389 182
389 157
394 132
394 107
394 82
418 74
443 74
468 75
472 100
480 124
480 165
480 200
485 225
502 244
515 266
525 289
535 312
535 337
535 362
535 387
540 412
540 437
540 462
540 487
540 512
540 537
540 562
540 587
540 612
540 637
540 662
540 687
540 712
540 737
540 762
532 789
507 795
482 795
457 799
432 800
407 800
382 800
357 800
339 782
334 757
334 732
334 672
334 622
334 597
334 572
334 547
334 522
334 497
329 472
329 447
329 422
329 397
329 372
