274 80
279 105
279 130
284 155
284 180
289 205
289 230
284 277
279 322
274 357
274 382
274 407
274 432
284 455
289 480
289 505
294 530
294 555
299 580
304 605
307 630
309 655
316 679
324 703
324 728
334 751
355 765
380 765
405 765
430 765
455 760
478 750
503 743
520 704
517 679
510 655
507 630
505 605
500 580
495 555
495 530
495 505
490 480
485 455
485 430
478 406
470 382
457 360
449 336
437 314
430 290
419 267
407 245
400 221
390 198
390 173
382 149
375 125
375 100
365 77
365 52
353 30
328 24
303 29
279 37
264 57
