49 127
49 102
73 94
95 81
114 62
136 49
161 54
186 54
211 54
215 79
235 94
260 97
285 99
310 99
335 99
360 99
385 99
410 99
435 99
460 99
485 99
505 114
520 134
525 159
525 184
525 209
530 234
540 257
540 282
545 307
550 332
550 357
531 389
519 325
514 300
508 275
485 240
485 265
485 290
480 330
471 360
449 347
454 322
444 232
423 218
400 230
375 235
350 235
330 250
320 285
310 320
305 355
304 382
292 405
269 395
285 336
285 271
280 306
267 354
253 375
229 367
241 345
256 325
259 292
264 257
250 230
229 216
207 204
185 192
163 180
141 168
117 159
93 150
69 142
