54 152
54 127
69 107
91 50
111 35
134 24
159 24
178 41
190 63
205 83
220 103
225 128
230 153
250 169
271 155
289 137
299 107
319 87
343 80
367 89
387 104
400 126
424 133
442 114
467 109
489 121
500 144
510 167
514 192
520 217
532 239
556 246
592 284
586 320
571 340
546 345
570 272
545 270
540 295
530 325
525 360
530 385
537 409
555 427
553 463
540 485
542 510
554 532
573 549
563 580
541 568
529 546
514 526
514 501
514 476
509 451
494 431
472 419
425 380
430 405
447 424
447 459
429 477
410 495
395 515
381 540
366 560
343 570
337 544
374 492
389 467
390 433
372 415
356 395
331 400
309 412
291 430
279 452
260 470
260 495
265 520
273 553
260 575
238 590
213 595
189 587
207 569
229 547
234 520
211 510
193 528
180 550
165 580
150 605
128 620
116 590
134 567
149 547
164 522
176 500
181 475
167 449
155 427
134 413
124 390
109 370
94 350
84 327
79 302
79 277
74 252
74 222
79 197
76 165
