24 130
44 145
54 168
66 190
89 200
114 205
119 230
136 249
154 267
174 282
179 317
186 380
174 402
159 427
137 454
112 449
94 467
106 489
130 497
155 495
179 487
185 460
195 435
205 410
218 388
227 364
252 360
277 365
282 390
284 457
261 474
239 487
251 509
271 524
295 515
310 495
310 454
310 429
303 405
297 349
310 320
335 317
360 315
375 335
384 359
374 387
348 449
331 468
343 490
368 488
385 462
380 437
388 410
407 349
431 340
456 343
469 365
469 390
474 415
461 455
449 490
474 495
499 490
515 458
505 435
500 410
500 385
495 360
490 335
490 310
475 283
465 260
480 240
503 230
519 250
511 295
520 362
544 352
555 329
555 304
545 281
544 256
505 201
492 179
475 160
482 130
475 106
474 81
462 59
450 37
426 29
401 34
381 50
369 72
361 120
357 154
340 135
340 90
335 56
316 39
293 29
268 34
244 42
229 62
224 87
226 125
234 162
210 176
185 175
185 150
180 105
180 80
175 55
158 19
133 15
108 15
84 22
69 42
49 72
26 85
