44 117
29 97
47 79
67 64
92 64
114 76
132 94
157 99
182 99
205 109
230 109
254 116
255 141
273 159
298 159
323 154
334 107
354 92
369 32
387 50
395 74
400 99
405 124
418 146
436 164
459 154
469 122
489 92
504 72
525 86
547 99
570 109
590 124
590 149
603 171
625 183
625 208
625 233
615 265
606 290
581 295
558 285
534 276
516 258
496 243
486 220
461 225
438 215
402 174
375 165
382 189
380 230
368 255
347 269
322 265
300 253
294 228
286 204
265 190
240 195
238 228
219 246
209 223
209 198
198 175
173 175
148 175
124 182
111 220
89 232
99 185
99 160
99 135
93 110
68 110
