44 87
29 112
49 127
71 115
87 135
99 157
99 182
99 207
89 247
107 265
120 221
125 190
148 178
173 175
198 175
220 187
224 212
224 237
234 260
255 240
255 215
289 245
300 268
325 272
350 275
375 265
385 220
382 195
380 170
403 180
419 200
451 244
476 245
499 255
510 278
534 285
559 290
584 290
605 275
620 245
625 207
613 185
598 165
575 155
580 119
560 104
535 103
525 80
501 69
479 82
471 114
451 130
433 149
409 142
405 117
399 92
390 68
381 44
361 29
339 42
344 67
332 89
314 107
314 132
289 144
265 136
252 114
227 114
202 114
177 114
152 114
132 99
112 84
89 74
64 72
