44 82
47 125
67 109
99 145
99 170
94 197
79 217
79 242
104 237
115 211
137 199
162 195
187 195
212 200
214 227
232 245
252 225
250 200
275 200
284 224
286 249
306 265
330 272
355 275
370 255
380 215
380 190
380 165
405 165
424 182
429 207
453 215
478 215
512 265
537 270
561 278
586 280
608 268
625 243
625 218
616 194
598 176
595 151
595 126
576 109
551 109
536 89
521 69
496 75
484 97
467 124
447 139
422 134
404 116
390 95
390 70
380 47
361 30
349 52
342 84
320 146
298 159
273 156
265 132
253 110
229 101
204 99
179 99
154 99
129 97
115 76
99 56
77 44
62 64
