24 277
24 252
46 239
65 221
87 209
99 187
124 191
135 214
155 229
174 246
175 271
182 295
203 309
226 319
250 311
275 309
298 299
323 294
348 289
373 284
398 289
423 294
446 304
469 314
492 324
517 324
541 315
566 309
591 304
614 294
636 280
656 264
672 244
684 222
702 204
724 192
749 196
734 222
715 240
703 263
690 285
672 309
652 324
629 335
606 345
582 354
557 360
533 368
509 375
486 385
468 403
455 425
450 450
452 475
474 487
475 512
460 535
450 560
437 584
412 585
388 593
364 600
339 600
329 577
353 569
373 554
375 525
352 514
334 496
333 470
312 484
288 493
265 505
240 500
225 525
215 555
212 584
187 590
162 590
170 566
174 535
173 510
150 520
150 545
144 572
126 590
101 590
79 577
99 542
99 517
95 473
86 449
69 430
54 410
54 346
44 323
36 299
