29 307
24 332
34 355
59 360
84 360
109 365
129 380
146 399
164 417
169 442
159 467
148 494
124 502
104 517
126 530
151 530
175 515
190 495
205 465
218 443
243 440
254 463
236 505
214 517
232 535
257 535
282 529
297 509
300 460
305 435
325 420
350 415
375 415
389 436
394 461
384 492
361 504
339 517
357 535
382 535
402 519
423 505
443 488
450 445
473 435
495 447
515 462
518 494
494 502
512 520
537 519
550 488
550 463
550 438
542 414
525 395
525 370
525 345
520 320
545 315
570 315
593 325
618 330
642 339
662 354
677 374
685 398
694 422
699 447
714 467
735 447
735 422
735 397
730 372
720 349
703 330
685 312
663 299
640 289
617 279
592 274
567 269
542 264
519 254
494 254
471 244
446 244
421 244
396 244
371 244
346 244
321 250
297 259
272 264
247 269
222 274
198 265
173 264
148 264
123 260
105 242
86 225
76 249
49 237
54 262
39 282
