24 407
29 432
41 454
56 474
74 492
96 505
120 495
143 483
161 465
184 455
204 470
191 495
167 504
147 519
126 534
104 547
82 559
57 564
39 582
49 605
72 615
97 609
121 600
139 582
158 565
180 550
203 538
221 520
199 567
184 597
161 610
149 632
167 650
192 650
215 640
230 615
240 585
255 565
275 550
298 540
315 520
330 500
355 500
380 495
405 492
417 514
429 536
451 548
460 576
440 591
418 604
393 600
369 607
354 627
369 647
389 662
414 662
438 655
458 640
480 625
500 610
515 585
534 567
558 575
549 602
525 611
499 642
521 655
546 650
571 645
589 627
604 607
619 587
620 562
604 542
590 521
580 498
570 475
589 457
600 430
605 405
605 370
630 365
655 360
679 352
701 340
719 322
737 304
750 275
755 230
750 205
740 182
728 160
710 142
690 127
668 115
643 114
619 122
624 147
642 165
664 177
684 192
699 212
704 237
692 274
675 294
652 304
627 309
602 309
578 301
563 281
543 266
521 254
496 249
471 249
446 254
421 260
401 275
381 290
359 302
337 314
314 324
289 319
264 319
239 322
219 337
195 345
200 316
197 284
179 302
160 321
135 327
111 319
88 330
65 319
48 300
24 307
34 330
44 353
36 385
