29 172
29 197
34 222
44 245
67 255
92 250
104 272
119 292
119 317
131 339
149 357
161 379
181 394
194 416
199 441
204 466
199 502
199 537
201 570
226 570
241 550
253 528
252 495
250 470
260 430
265 395
288 385
313 385
338 385
363 385
384 399
394 422
412 440
405 471
386 489
364 502
386 515
411 515
425 490
438 468
450 435
445 410
474 442
492 460
494 485
494 510
479 532
501 545
523 533
530 495
535 453
525 430
520 405
515 380
515 355
539 387
544 412
556 434
571 454
589 472
611 484
636 485
615 459
595 443
580 423
572 399
565 375
558 351
550 327
545 302
539 277
530 253
515 233
494 219
471 209
448 199
423 194
398 194
373 194
348 194
323 199
298 199
273 199
248 199
223 195
200 184
175 182
163 160
148 140
130 122
105 116
80 119
57 109
39 127
