29 307
24 282
49 281
73 290
98 294
116 275
139 262
154 242
172 224
192 209
214 197
236 184
261 179
286 179
311 179
336 179
361 184
383 196
405 209
428 220
445 239
470 244
484 222
489 197
499 167
509 137
524 112
542 94
562 79
582 64
607 64
630 74
613 98
593 113
573 128
558 148
545 170
535 200
525 235
525 260
525 285
515 330
505 360
505 385
507 410
522 430
537 450
552 470
555 495
552 544
537 565
512 565
494 547
514 532
520 502
498 490
473 485
450 475
442 504
424 522
405 540
390 560
372 579
347 580
329 562
344 542
368 534
378 465
360 447
348 425
328 410
303 410
280 420
265 440
255 470
250 505
245 540
244 567
225 585
202 595
184 577
202 559
214 528
210 503
206 478
183 468
170 490
161 520
149 542
134 562
116 580
91 579
79 557
101 545
119 527
124 502
124 477
119 445
104 425
81 415
59 402
47 380
44 355
39 330
