129 237
124 212
146 199
171 199
196 204
221 204
244 214
269 199
252 180
229 170
219 147
243 139
266 129
288 141
305 160
319 181
331 159
319 137
314 112
319 87
343 79
363 64
379 42
403 50
427 59
447 44
459 66
460 91
465 116
460 165
483 175
494 212
474 227
450 235
445 265
445 290
460 310
465 335
470 360
472 385
480 409
485 434
485 459
510 456
506 420
493 370
514 384
535 398
550 418
550 443
534 487
510 495
485 500
475 535
475 560
485 583
490 608
495 633
471 650
449 637
454 612
435 595
412 584
388 575
363 575
340 585
331 610
308 620
285 630
264 645
239 645
229 622
253 614
277 604
294 577
289 552
284 527
284 502
296 480
305 456
309 419
304 394
299 369
294 344
294 319
289 294
270 277
248 265
228 250
203 245
178 240
153 245
