24 202
39 140
54 119
77 129
97 114
122 109
135 131
150 151
160 174
179 191
201 204
219 222
241 234
266 239
291 244
316 249
341 254
366 259
391 264
416 264
441 269
465 261
485 246
497 224
509 197
519 167
529 129
527 104
502 105
484 87
502 69
527 69
550 79
560 102
560 127
560 152
560 177
550 205
540 235
525 260
513 283
500 305
490 330
490 355
504 376
526 389
546 404
560 425
562 450
561 495
536 500
514 487
529 463
511 445
486 450
461 455
436 455
411 460
389 472
367 484
342 485
324 467
348 459
363 435
338 430
313 430
290 420
265 420
240 420
230 460
223 488
210 510
186 520
164 507
179 487
184 451
184 426
170 405
160 435
150 460
142 484
127 504
102 510
84 492
106 480
114 441
114 416
114 391
114 366
99 346
89 323
79 300
79 275
74 250
51 240
29 227
