119 252
104 232
126 219
151 214
169 232
188 249
208 264
214 232
214 207
229 182
229 155
219 132
219 107
219 82
219 57
229 32
254 31
276 44
301 44
326 39
351 35
374 24
380 65
380 90
387 114
390 139
390 164
380 190
380 215
385 240
385 265
387 290
395 314
400 339
410 362
420 385
434 406
445 429
455 452
479 437
491 415
509 397
531 385
556 379
581 375
606 379
595 405
570 410
545 415
525 430
510 450
495 475
480 500
465 520
465 545
467 570
482 590
490 614
495 639
510 659
517 694
494 705
469 702
464 677
459 636
437 624
413 615
395 597
383 575
360 585
338 598
315 610
311 645
296 665
284 687
259 690
249 667
264 647
276 625
274 587
259 567
259 542
271 520
274 480
268 455
245 445
228 464
204 457
199 432
217 414
229 392
226 353
208 335
184 326
169 306
156 284
141 264
