151 119
139 97
157 79
179 67
197 49
217 34
242 29
264 41
272 65
292 80
312 95
327 115
342 135
362 150
380 168
395 188
410 208
430 224
445 244
465 259
485 274
504 291
524 306
542 324
562 339
580 357
600 372
615 392
607 429
592 449
574 467
556 485
536 500
516 515
498 533
485 555
467 574
449 592
424 590
399 587
379 572
401 559
425 551
438 525
379 547
364 527
389 524
414 517
424 492
429 467
405 447
380 442
356 435
334 422
322 400
307 380
289 362
267 374
252 394
232 410
210 398
243 345
222 359
202 374
177 380
159 362
183 354
203 339
209 311
204 286
194 263
189 238
181 214
179 189
172 165
164 141
