139 372
157 390
180 380
202 365
222 349
224 387
204 402
214 425
238 418
250 390
265 370
280 345
303 355
321 373
339 391
354 415
379 420
402 430
427 434
431 460
419 482
406 510
388 529
363 534
357 560
382 560
405 550
425 535
399 579
392 610
417 605
435 585
450 560
460 585
480 570
495 550
514 532
525 505
540 485
559 467
579 452
597 434
615 410
620 372
604 352
584 337
566 319
546 304
524 292
502 280
482 265
462 250
442 235
427 215
409 197
391 179
373 161
353 146
338 126
320 108
300 93
282 75
264 57
246 39
224 27
202 59
179 69
156 79
144 115
166 128
181 148
199 166
209 189
199 232
199 257
199 282
196 325
184 347
161 359
