147 355
129 337
153 329
173 314
171 284
159 262
159 237
171 215
186 195
204 177
219 154
212 130
194 112
179 92
164 72
186 59
210 51
219 27
244 24
267 34
280 56
297 75
314 94
330 114
350 129
370 144
389 161
409 176
425 196
442 215
462 230
480 248
500 263
524 271
544 286
564 301
582 319
602 334
617 354
625 395
614 422
596 440
574 452
556 470
538 488
526 510
511 530
493 548
478 568
458 585
505 490
485 505
473 533
453 548
438 569
422 589
397 595
379 577
401 565
421 550
434 527
426 500
406 515
385 530
361 540
339 527
361 514
384 502
402 484
410 447
395 427
370 422
348 410
329 393
312 374
294 356
276 338
251 335
231 350
213 368
174 395
154 379
188 364
204 343
198 318
173 344
