39 47
54 67
47 99
47 135
72 134
97 130
117 145
132 165
144 187
154 210
165 233
184 250
206 263
209 302
199 337
209 360
225 340
234 302
248 329
242 359
267 364
265 295
265 270
265 245
290 240
315 240
340 245
365 245
390 245
415 240
436 254
459 265
482 275
479 322
472 349
476 380
494 362
503 338
508 313
517 289
525 250
539 271
544 296
549 321
539 347
561 360
575 320
575 295
580 255
575 230
570 205
565 180
570 151
565 126
565 101
565 76
552 54
529 44
504 39
479 39
454 44
429 49
404 54
379 57
354 54
329 54
304 54
279 54
254 49
229 49
204 54
179 54
158 40
133 36
111 24
86 29
63 39
