36 115
24 137
42 155
65 145
90 140
115 135
136 149
151 169
166 189
181 209
201 224
216 244
240 252
252 274
259 298
249 327
271 340
286 320
285 295
280 270
275 245
298 235
321 245
346 250
371 255
396 260
421 255
446 255
471 250
496 255
511 290
499 312
521 325
535 297
540 270
563 280
569 305
554 327
576 340
596 325
605 285
605 260
600 235
600 210
600 185
600 160
600 135
595 110
595 85
595 52
580 32
556 24
531 24
506 29
481 30
456 35
431 39
406 44
381 44
356 44
331 49
306 49
281 49
256 49
231 49
206 54
181 59
156 59
131 59
106 54
83 44
59 37
54 67
49 92
