166 134
154 112
172 94
196 85
211 65
231 50
246 30
271 34
291 49
300 73
315 93
333 111
351 129
373 141
397 149
415 167
420 192
435 212
453 230
470 249
490 264
510 279
533 289
555 302
577 314
597 329
617 344
635 362
631 405
616 425
596 440
576 455
556 470
538 488
523 508
514 532
499 552
484 572
465 590
440 595
419 610
394 607
379 587
415 574
436 560
437 534
415 546
394 560
369 557
354 537
378 529
403 524
423 509
439 475
437 450
414 440
389 435
364 435
339 432
349 403
332 384
317 364
292 359
274 377
255 395
235 420
212 430
187 425
191 394
214 382
226 360
234 315
224 292
209 272
209 247
209 222
204 197
199 172
186 150
