36 169
24 147
39 122
54 102
64 75
54 52
79 49
103 56
128 54
153 59
178 59
203 59
228 64
253 64
278 64
303 69
328 69
353 74
378 74
403 74
428 69
453 64
478 64
503 59
528 59
553 59
576 69
596 84
595 130
590 170
590 195
590 220
595 245
595 270
595 305
590 330
570 300
565 330
570 355
551 395
529 382
544 362
540 315
525 335
515 360
497 380
479 362
494 337
499 310
499 285
489 262
477 240
453 248
428 253
405 265
385 282
373 260
348 260
323 260
300 270
305 295
310 320
314 357
292 370
274 352
280 307
263 288
250 310
250 335
245 360
227 380
209 362
224 324
224 299
214 276
194 261
179 241
167 219
155 197
135 182
111 175
86 178
61 175
