59 327
74 347
84 370
99 390
106 414
131 415
146 395
168 383
192 375
217 380
239 392
259 407
277 425
300 435
325 440
348 430
373 435
391 453
394 478
416 465
425 422
407 404
390 385
385 360
400 340
415 320
435 305
460 300
475 270
490 250
509 232
533 240
557 249
577 264
589 286
589 311
614 312
623 288
615 254
600 234
589 211
575 190
570 165
636 234
624 212
609 192
594 172
557 124
542 104
527 84
509 66
490 49
467 39
447 54
427 69
409 87
389 102
369 117
350 136
330 151
312 169
290 181
270 196
248 209
228 224
205 234
182 244
159 254
136 265
119 284
95 291
77 309
