139 110
129 87
151 75
176 69
195 51
217 39
239 51
250 74
263 96
281 114
303 126
325 138
345 153
365 168
385 183
403 201
425 213
445 229
465 244
485 259
508 270
528 285
550 297
572 309
592 324
612 339
620 363
615 395
599 417
580 435
565 455
548 478
533 498
518 518
505 540
490 560
472 579
452 594
427 595
409 577
433 569
448 549
444 515
417 539
392 545
374 527
398 519
420 507
414 482
404 459
381 449
361 434
341 419
324 400
309 380
289 365
279 342
259 327
240 345
229 368
215 390
192 400
196 370
211 350
216 325
214 300
204 277
204 252
204 196
204 171
204 146
186 128
162 120
