39 262
39 287
39 312
57 330
77 345
102 345
127 345
116 374
91 380
62 379
47 359
29 377
44 397
76 400
106 400
131 395
154 385
179 382
204 380
229 375
254 375
275 340
300 340
325 340
350 340
375 335
400 330
423 320
440 298
435 273
405 265
425 250
448 240
470 225
493 213
515 200
538 190
552 159
527 164
504 174
479 176
454 179
429 179
404 179
379 176
365 155
390 150
395 123
378 104
353 104
328 104
303 104
278 104
255 94
274 72
255 55
271 34
246 29
221 35
199 47
211 69
234 80
228 109
203 110
178 114
154 122
129 127
107 139
89 157
74 177
59 202
