29 312
29 287
34 257
64 177
82 159
102 144
124 132
146 120
171 114
196 114
221 110
232 85
226 60
204 47
235 36
267 29
255 51
262 75
270 99
295 99
320 104
345 104
365 119
390 117
406 145
383 155
360 165
377 184
401 175
426 175
451 170
475 162
500 164
525 164
550 164
570 180
541 200
516 200
496 215
474 227
454 242
430 250
405 255
422 274
437 294
418 315
395 325
370 330
345 330
320 330
295 330
270 335
270 360
246 375
222 384
197 389
172 395
147 400
122 400
97 400
72 400
47 395
29 377
53 370
80 376
105 376
130 371
124 340
101 330
76 328
51 325
