29 192
24 167
42 149
67 149
87 164
95 188
107 210
125 228
145 243
170 249
193 239
211 220
205 177
181 169
159 157
144 137
139 112
157 94
177 79
202 79
224 91
235 114
240 139
250 162
268 180
289 194
314 194
339 189
359 159
352 135
334 117
329 92
341 70
361 54
386 49
409 59
425 79
430 104
420 130
405 155
415 178
438 189
461 199
486 199
505 181
520 161
529 122
544 102
564 87
589 86
607 104
608 148
588 163
565 175
550 195
540 220
555 240
574 257
599 254
622 244
644 232
662 214
671 190
686 170
709 159
732 169
740 193
730 225
710 240
686 250
664 262
645 280
623 293
610 315
595 335
594 382
579 402
555 410
530 415
505 415
480 415
455 415
430 415
405 415
380 415
355 415
330 415
305 415
280 412
255 410
230 405
205 405
180 405
157 395
145 373
144 348
139 323
129 300
119 277
99 262
81 244
61 229
41 214
