24 397
34 352
44 329
69 329
92 319
117 314
132 334
150 352
172 339
197 334
204 310
174 312
154 297
139 277
139 252
134 227
149 207
173 199
195 212
219 221
235 241
230 280
254 289
269 262
287 244
308 230
272 220
254 202
249 177
244 152
249 112
249 72
267 54
290 44
310 59
333 69
350 88
373 99
387 120
399 142
398 168
385 190
429 182
451 170
421 158
412 114
429 57
453 49
476 59
488 81
510 93
515 125
500 150
507 174
532 169
550 151
572 99
584 77
602 59
624 47
649 49
665 69
660 105
635 105
640 130
638 163
625 185
620 215
625 240
639 261
630 295
635 320
637 345
645 369
650 394
636 425
618 443
598 458
575 470
553 483
533 498
510 510
488 523
465 535
441 545
418 555
395 565
370 570
345 575
320 575
296 568
284 546
269 526
249 511
235 490
211 483
199 461
181 443
157 434
133 425
108 420
93 400
69 407
44 412
