24 172
19 147
34 127
59 129
82 139
100 157
100 182
110 205
124 226
144 241
168 249
192 239
216 230
224 205
214 182
202 160
179 150
169 127
164 102
184 57
208 64
231 74
249 92
250 135
252 160
260 184
270 207
292 219
317 214
340 204
363 194
369 165
369 140
354 120
344 97
344 72
359 52
374 32
398 24
415 43
425 66
435 89
425 120
410 140
415 165
417 190
438 204
463 205
487 214
511 205
520 181
529 155
529 130
519 107
531 85
551 70
571 54
589 72
598 96
605 120
593 148
573 163
560 185
545 210
550 235
569 252
591 264
615 256
635 241
654 222
669 197
669 172
691 159
714 149
735 170
735 195
723 233
699 240
676 250
661 270
643 288
630 310
620 335
600 350
600 375
585 395
579 442
555 450
530 455
505 460
480 465
455 470
430 470
405 470
380 470
355 470
330 465
305 465
280 465
255 460
230 455
205 452
181 444
164 425
154 402
154 374
144 351
139 326
126 304
121 279
106 259
91 239
74 220
49 215
34 195
