214 237
214 212
226 190
249 201
260 224
265 249
275 272
287 294
300 316
318 334
319 292
314 267
309 242
309 217
309 192
304 167
304 142
299 117
317 99
342 99
350 123
355 148
360 173
365 198
365 223
374 247
383 271
395 293
412 274
419 237
424 212
434 182
444 142
449 97
467 79
487 64
502 84
505 109
495 150
490 195
480 235
470 270
470 295
493 284
499 252
509 212
514 167
524 127
542 109
565 119
575 142
570 170
565 200
560 230
555 260
555 285
545 325
545 350
550 375
550 400
555 425
562 449
586 440
599 407
609 382
619 347
631 325
656 319
665 343
665 368
665 393
665 418
655 450
640 475
632 499
623 523
610 545
592 564
574 582
555 600
540 620
521 640
506 660
486 675
461 675
436 670
411 670
386 670
361 670
336 665
311 665
289 652
299 628
294 603
289 578
284 553
279 528
279 503
279 478
279 453
275 428
271 403
264 379
259 354
249 331
239 308
231 284
224 260
