224 307
219 282
231 260
256 259
265 283
275 306
280 331
294 352
300 377
315 397
319 360
314 335
309 310
304 285
302 260
299 235
294 210
299 152
323 160
340 179
345 204
345 229
350 254
360 277
365 302
377 324
392 344
417 344
429 302
439 277
449 252
461 230
469 197
481 175
490 151
510 136
533 146
535 171
525 205
515 235
505 280
495 305
495 330
485 355
510 351
519 317
534 282
549 257
554 227
566 205
581 185
604 174
614 197
620 222
610 250
600 275
593 308
580 330
575 355
565 380
555 405
555 430
555 455
555 480
560 505
567 529
592 524
610 506
624 482
639 457
657 439
677 424
700 414
720 429
705 470
693 493
684 517
666 535
651 555
639 577
627 599
612 619
594 637
579 657
560 675
545 695
525 710
505 725
488 750
463 745
438 740
413 740
388 735
363 730
338 725
313 725
289 717
294 692
289 649
284 624
279 599
279 574
279 549
279 524
279 499
279 474
272 450
264 426
259 401
249 378
239 355
229 332
