194 247
194 222
209 202
233 195
240 219
240 244
240 269
250 292
254 317
259 342
263 259
269 232
279 197
279 172
289 137
304 117
324 102
340 122
335 160
325 195
320 225
320 250
320 275
330 298
344 212
354 177
359 152
364 107
382 89
400 71
417 90
415 125
410 160
405 185
405 210
405 235
400 260
400 285
405 310
423 274
429 242
429 217
434 192
439 157
444 132
459 112
484 116
490 141
490 190
490 215
485 250
480 295
475 325
475 350
480 375
480 400
485 425
487 450
510 426
514 397
524 367
534 342
546 320
571 314
585 335
580 375
580 400
580 425
568 448
555 470
550 505
538 538
523 558
510 580
495 600
481 630
466 650
446 665
431 685
411 700
386 700
361 700
336 700
311 700
286 700
261 700
236 700
214 687
229 667
234 622
229 597
224 572
219 547
214 522
214 497
214 472
214 447
209 422
209 397
209 372
204 347
199 322
199 297
194 272
