229 227
224 202
236 180
260 172
272 194
275 219
275 244
275 269
280 294
285 319
294 177
299 132
299 107
317 89
332 69
345 91
350 116
345 160
345 185
345 210
347 235
352 260
369 217
369 192
379 162
379 137
384 92
384 67
402 49
427 44
439 66
435 95
435 120
435 145
430 190
430 215
430 240
430 265
437 289
454 197
454 162
459 82
477 64
489 86
497 110
505 134
510 159
510 184
505 220
510 245
510 270
510 295
510 320
515 345
515 370
525 393
535 416
545 439
568 449
590 436
605 416
619 387
634 367
654 352
678 344
692 384
683 408
671 430
659 452
640 470
626 495
611 515
599 537
579 552
564 572
546 590
531 610
513 628
493 643
478 663
456 675
431 675
406 675
381 675
356 680
331 680
306 680
281 680
259 667
269 642
269 602
264 577
259 552
259 527
254 502
254 477
249 452
249 427
244 402
244 377
244 352
239 327
234 302
234 277
229 252
