169 267
164 242
174 217
198 225
205 249
215 272
219 297
230 320
237 344
252 364
255 317
249 292
244 267
244 242
244 217
239 192
239 167
239 142
254 122
272 104
287 124
295 148
295 173
295 198
295 223
300 248
300 273
310 296
329 272
325 247
324 222
329 197
334 167
334 142
334 117
334 92
349 72
374 71
385 94
390 119
385 165
385 190
380 215
380 240
382 265
385 290
390 315
404 232
414 187
414 162
414 137
419 112
439 97
460 111
470 134
470 159
470 184
470 209
470 234
470 259
470 284
470 309
470 334
470 359
475 384
480 409
495 429
500 454
525 451
539 427
551 405
556 380
571 360
586 340
606 324
626 339
620 380
613 423
600 445
585 475
575 505
565 530
550 550
535 570
523 593
510 615
495 635
480 655
460 670
444 695
419 695
394 695
369 695
344 695
319 695
294 695
269 695
254 662
250 633
239 610
234 585
224 562
219 537
214 512
214 487
214 462
209 437
200 413
195 388
194 363
184 340
174 317
169 292
