29 307
34 332
56 344
81 345
104 355
124 370
144 385
164 400
184 415
204 430
229 430
254 435
254 472
239 492
274 487
296 499
313 480
335 492
359 500
384 505
409 510
414 535
419 560
424 585
419 632
409 667
396 689
373 699
349 707
374 724
399 725
423 718
440 675
450 650
465 625
475 590
475 565
498 580
518 595
533 615
541 639
544 664
529 707
509 722
539 730
564 735
588 728
595 693
590 668
585 643
580 618
575 593
557 575
550 551
540 528
520 513
510 490
534 482
556 470
576 455
599 445
624 445
649 445
674 450
699 445
724 445
747 435
770 425
793 415
815 400
838 388
860 375
879 357
897 339
912 319
915 290
910 259
899 236
884 216
862 204
824 207
844 222
864 237
879 257
864 292
846 310
825 324
800 329
777 339
752 339
727 334
702 329
680 317
658 305
635 294
615 279
592 269
568 260
543 254
518 251
494 244
469 249
446 259
421 265
397 274
372 279
348 289
323 294
299 302
277 314
253 321
245 297
240 272
225 252
207 234
187 219
162 224
137 229
112 234
90 222
65 219
42 229
24 247
34 270
60 275
102 290
78 299
53 299
