56 200
56 225
79 235
104 240
121 259
141 275
164 285
189 290
210 275
210 304
171 315
149 327
159 350
182 360
205 350
228 340
253 335
271 353
289 371
304 391
304 422
291 450
279 472
284 497
284 522
294 545
301 569
304 594
295 626
277 644
249 657
271 669
296 670
320 660
335 635
348 613
350 575
350 550
350 525
350 500
370 485
380 508
395 528
414 545
431 564
451 579
464 601
454 637
446 664
460 685
485 685
504 667
505 635
505 610
502 585
490 563
480 540
526 593
544 611
564 626
588 635
613 640
638 635
661 625
675 600
680 573
677 534
628 490
604 497
639 513
652 535
659 559
647 584
624 594
600 587
585 567
575 544
565 521
555 498
545 475
535 452
520 432
505 412
490 392
480 369
465 349
454 326
439 306
420 289
405 269
385 254
365 239
348 220
330 202
312 184
292 169
272 154
260 132
260 107
255 82
243 60
225 42
203 29
178 24
153 24
129 32
114 52
124 75
127 100
152 105
174 117
189 137
194 162
199 187
191 230
170 244
147 234
127 219
105 207
81 199
