34 335
49 377
61 399
85 385
110 387
132 399
144 421
159 441
164 466
171 490
184 440
199 462
204 487
224 460
241 479
259 497
269 520
274 545
279 570
279 595
279 620
271 660
253 679
233 695
273 695
295 670
305 645
318 623
315 595
325 555
335 530
360 530
374 551
392 569
412 584
424 606
436 628
428 674
451 685
465 662
460 637
460 612
450 589
439 566
427 544
420 520
440 505
465 502
490 507
514 515
539 520
564 525
589 530
612 540
637 545
661 553
685 560
710 565
735 570
760 570
785 575
810 575
835 580
860 575
883 565
897 544
863 544
838 544
813 540
788 534
763 529
739 521
717 509
693 500
670 489
648 476
628 461
606 449
586 434
564 421
544 406
524 391
502 379
479 369
456 359
434 346
414 331
392 319
367 314
343 306
319 299
295 292
270 296
245 301
220 306
196 314
174 302
159 282
141 264
121 249
96 244
71 244
51 260
39 282
24 312
