34 425
50 405
70 390
95 385
118 375
122 400
101 414
79 427
84 452
106 465
121 445
141 430
164 420
179 440
196 459
189 497
189 522
194 547
199 572
196 615
176 630
156 645
129 657
151 670
176 670
201 670
225 660
240 640
259 622
262 579
255 555
270 535
289 552
309 567
331 579
354 590
374 605
394 620
374 652
392 670
417 665
442 665
467 664
492 669
517 675
542 680
567 684
592 690
617 690
642 694
667 689
691 680
716 675
739 665
760 640
779 622
794 602
800 575
800 550
800 523
795 498
786 474
771 454
751 439
723 430
731 454
749 472
764 492
764 517
754 552
739 579
716 590
695 604
670 609
645 607
623 595
599 586
575 578
553 566
533 551
511 539
493 521
478 501
463 481
454 457
440 436
427 414
410 395
399 372
379 357
361 339
341 324
319 311
295 303
273 291
251 279
228 269
204 261
179 256
157 244
132 239
115 220
130 200
155 202
180 200
205 200
230 205
230 168
209 154
184 154
160 147
138 135
113 129
88 134
64 142
49 162
39 187
39 212
44 237
56 259
65 283
69 308
79 331
89 354
61 364
39 377
24 402
