34 170
49 190
71 203
96 200
109 222
119 245
126 269
131 294
134 319
148 340
159 363
159 388
164 413
164 438
169 463
164 502
152 534
134 552
152 570
176 578
200 585
220 570
239 552
251 530
260 505
260 480
260 455
260 430
270 405
290 390
315 385
338 375
360 360
385 365
410 370
427 389
441 410
457 430
477 445
489 467
489 492
496 545
516 530
520 500
535 480
544 507
549 532
534 552
552 570
575 550
580 508
580 483
575 458
560 438
545 418
535 395
535 370
540 340
540 298
535 273
525 250
525 225
530 192
525 167
515 144
498 125
478 109
453 104
428 104
404 112
384 127
364 142
349 162
334 182
364 205
387 195
409 182
429 167
453 160
475 172
479 197
454 214
429 214
404 214
343 219
320 209
295 203
274 189
251 179
233 161
220 139
209 116
194 96
174 81
159 61
144 41
124 26
99 27
92 74
77 94
59 112
39 127
24 147
