29 137
24 112
48 104
70 91
92 79
117 79
142 84
160 102
172 124
184 146
190 171
208 189
231 199
256 204
281 209
306 209
331 209
356 214
381 219
406 219
431 219
456 224
481 220
494 177
485 153
476 129
461 109
454 85
444 62
486 104
502 134
515 156
520 181
515 215
505 240
505 265
515 288
520 313
520 338
530 361
535 386
545 409
560 429
579 446
585 471
592 495
600 519
584 560
564 544
564 519
562 494
550 472
525 470
530 495
530 520
516 545
500 488
491 464
474 445
459 425
439 410
426 388
408 370
388 355
363 355
338 360
313 365
288 365
265 375
255 405
250 435
250 460
250 485
240 530
232 559
207 560
216 515
205 415
205 440
210 465
205 490
195 530
183 553
159 560
149 537
169 522
174 489
174 464
174 439
169 414
164 389
154 366
149 341
135 320
121 299
114 275
114 250
112 225
104 201
91 179
70 165
47 155
