34 170
57 180
82 180
107 180
116 204
119 229
129 252
124 292
129 317
141 339
156 359
165 383
174 407
179 432
184 457
189 482
194 507
194 532
181 559
159 572
177 590
202 595
224 582
229 557
240 525
240 500
240 475
240 450
240 425
240 400
260 385
285 380
310 375
335 370
360 365
385 367
407 380
432 380
450 398
459 422
477 440
497 455
519 467
541 480
560 497
569 521
574 552
576 585
600 565
600 535
600 510
623 525
629 550
614 587
636 600
655 581
654 556
650 528
650 503
638 481
618 466
598 451
583 431
568 411
560 387
555 362
550 337
540 314
535 289
578 269
614 239
590 246
555 259
530 264
505 264
480 259
457 249
432 244
407 244
382 244
357 239
332 239
307 234
283 225
258 219
237 205
215 193
203 171
188 151
180 127
162 109
150 87
126 79
101 85
77 94
59 112
44 132
24 147
