36 154
24 132
44 117
64 102
79 82
101 70
126 64
151 64
174 74
193 91
200 115
207 139
215 163
233 181
253 196
277 204
300 214
324 221
349 224
374 229
399 234
424 234
449 234
474 234
499 239
516 220
529 192
541 170
545 212
535 250
545 273
554 297
563 321
565 346
570 371
577 395
590 417
605 437
623 455
640 474
659 491
665 516
665 541
665 566
670 591
659 625
634 627
619 607
639 580
639 555
633 530
610 520
610 575
587 590
569 572
587 554
584 522
574 499
555 482
537 464
517 449
499 431
479 416
466 394
454 372
435 355
412 345
389 355
366 365
342 374
318 383
293 390
270 400
260 425
260 450
260 475
260 500
260 525
260 550
250 575
245 600
236 625
212 634
187 630
169 612
164 587
188 579
194 547
194 522
189 497
189 472
189 447
184 422
184 397
169 377
151 359
139 337
134 312
134 287
139 252
139 220
134 195
124 172
105 155
81 165
56 170
