34 147
29 122
47 104
69 87
89 72
104 52
114 27
138 34
163 35
167 60
170 85
180 108
189 132
195 157
203 181
218 201
238 216
260 228
285 234
310 234
335 234
360 237
385 239
410 244
435 244
459 251
481 264
503 276
521 294
530 318
535 343
535 368
535 393
544 417
555 440
569 461
590 475
607 494
610 519
615 544
615 569
608 608
584 615
574 592
584 566
579 541
570 517
545 515
535 550
527 574
504 585
494 562
506 540
504 508
493 485
475 467
456 450
436 434
421 414
409 392
387 380
362 375
337 380
313 388
288 395
263 400
238 400
215 410
205 435
200 480
200 505
202 530
205 555
195 585
185 610
161 625
139 612
124 592
142 574
149 528
149 503
145 478
144 453
139 428
134 403
134 378
124 355
114 332
109 307
104 282
109 237
104 212
102 169
77 170
52 165
