64 222
64 197
84 182
96 160
105 136
119 112
134 92
139 65
154 41
177 29
200 39
210 62
225 82
235 105
245 128
260 148
269 172
280 195
290 218
302 240
323 254
346 264
371 269
396 274
421 279
446 279
471 279
496 274
519 262
524 237
546 224
560 245
567 269
580 291
594 312
605 335
615 358
620 383
630 406
630 431
635 456
640 481
647 505
655 529
665 552
680 572
698 590
700 630
700 655
705 680
705 705
696 730
671 734
659 712
664 687
664 662
664 637
659 612
635 605
635 630
630 665
620 700
596 709
584 687
599 656
599 631
594 606
579 586
561 568
543 550
525 532
510 512
498 490
486 468
471 448
446 445
421 450
398 460
375 470
355 485
330 490
310 505
300 540
300 565
300 590
300 615
300 640
300 665
289 697
284 722
269 742
244 745
234 722
246 700
255 676
259 647
263 590
254 512
230 505
235 530
240 555
240 580
240 605
240 630
235 655
221 700
209 722
184 725
174 702
189 677
199 642
204 602
204 577
199 552
194 527
189 502
184 477
179 452
174 427
174 402
179 367
179 342
180 308
179 283
174 258
160 237
135 240
110 242
86 235
