111 255
123 284
140 265
160 250
179 232
197 214
221 223
229 247
239 270
244 295
249 320
245 346
236 370
224 392
211 420
199 442
184 467
174 492
161 520
149 542
149 567
174 570
190 550
205 525
220 505
235 480
250 460
263 438
275 415
295 400
315 415
332 434
347 454
362 474
380 492
395 512
413 530
428 550
448 565
471 575
470 549
459 526
445 505
431 484
419 462
404 442
389 422
374 402
360 381
350 358
340 335
340 310
350 265
355 240
360 205
385 205
406 219
429 230
440 207
422 189
404 171
385 154
360 149
335 145
330 120
322 74
304 56
279 57
261 75
249 97
254 122
236 144
211 145
189 157
169 172
156 195
141 215
126 235
