121 525
109 547
134 550
154 535
174 520
193 503
213 488
231 470
251 455
269 437
289 422
309 407
333 400
355 412
375 427
393 445
413 460
431 478
446 498
458 520
469 543
474 568
479 593
489 616
512 604
515 565
515 540
508 516
495 494
485 471
470 451
455 431
436 414
418 396
403 376
385 358
375 335
375 310
385 265
390 240
400 210
425 215
442 234
460 252
475 272
493 290
516 300
519 266
504 246
489 226
474 206
459 186
444 166
424 151
400 144
375 143
365 120
360 77
342 59
317 54
299 72
284 92
289 117
271 144
246 145
224 157
204 172
191 195
176 215
161 235
146 255
158 284
175 265
195 250
214 232
232 214
257 219
264 243
270 268
279 292
284 317
279 357
264 377
245 396
227 414
209 432
190 451
172 469
154 487
136 505
