114 290
104 267
119 242
134 222
149 202
164 177
184 162
206 149
231 144
254 122
249 97
261 75
279 57
304 56
322 74
330 120
335 145
360 149
385 144
410 144
435 139
460 134
485 129
510 124
533 114
550 135
528 148
503 155
479 162
455 170
430 175
406 185
384 197
360 205
355 240
350 265
340 310
340 335
350 358
360 381
374 402
386 424
401 444
415 465
429 486
440 509
439 545
416 534
399 515
384 495
365 478
350 458
334 438
319 418
301 400
279 412
264 432
249 452
230 470
215 490
200 510
182 529
162 545
144 527
154 502
169 477
181 455
196 435
209 412
224 387
239 357
249 328
244 303
239 278
231 254
224 230
209 210
186 220
171 240
153 258
133 273
