39 362
44 317
69 314
94 319
119 319
144 319
169 324
194 324
219 326
242 314
244 268
234 245
219 192
195 185
175 200
155 220
135 235
117 255
99 237
111 215
129 197
138 160
113 160
88 160
63 155
39 147
44 122
44 97
69 94
94 99
119 99
144 99
169 104
194 104
219 104
244 109
249 62
261 40
281 25
306 29
324 47
325 90
342 109
367 114
392 119
417 119
442 119
467 124
490 134
485 160
475 185
450 185
444 210
420 202
398 190
374 182
355 200
345 230
340 265
335 295
342 319
362 334
387 339
412 339
437 344
462 344
460 375
444 395
419 390
385 390
402 409
417 429
425 453
437 475
452 495
460 519
452 545
432 530
417 510
402 490
382 475
367 455
354 433
340 412
320 397
298 385
273 383
260 405
245 430
230 450
216 475
204 497
185 515
168 539
144 532
144 507
159 482
169 457
181 435
194 412
189 375
164 375
139 370
114 370
89 370
64 365
