181 474
181 500
206 505
231 500
256 495
280 485
304 477
324 462
344 447
363 430
383 413
405 400
429 407
449 422
469 437
487 455
507 470
524 489
538 510
549 533
559 556
564 581
569 606
593 613
600 565
600 540
593 516
580 494
570 471
555 451
540 431
521 414
503 396
488 376
470 358
460 335
460 310
470 265
475 240
485 210
510 215
527 234
545 252
560 272
578 290
601 300
604 266
589 246
574 226
559 206
544 186
529 166
509 151
485 144
460 143
450 120
442 74
424 56
399 57
381 75
369 97
374 122
356 144
331 145
309 157
289 172
276 195
261 215
246 235
231 255
243 284
260 265
280 250
299 232
317 214
342 219
349 243
355 268
364 292
369 317
367 354
352 374
334 392
315 411
297 429
277 444
254 454
231 464
206 469
