154 92
154 67
166 45
181 25
206 19
224 37
235 60
240 85
223 125
190 70
190 95
192 120
204 142
230 149
255 146
280 141
305 139
329 146
349 161
371 174
394 184
413 201
415 230
432 249
457 249
482 254
500 272
518 290
533 310
545 332
553 356
555 381
555 406
555 431
560 495
565 520
545 470
525 485
532 509
540 533
552 555
565 577
565 602
569 627
564 675
541 685
516 680
494 667
494 642
506 620
500 592
480 577
455 575
445 620
445 645
425 665
400 665
394 592
394 567
404 535
388 515
365 500
365 525
365 550
370 575
370 605
370 630
377 654
367 699
342 700
317 700
299 682
304 656
314 621
309 596
295 575
285 610
290 635
280 665
257 675
232 675
214 657
214 632
229 602
234 567
239 542
249 502
259 462
264 417
264 392
266 344
249 325
239 302
221 284
199 272
187 250
169 232
164 207
164 167
159 142
154 117
