54 332
54 307
64 272
79 247
101 234
76 295
80 320
105 322
123 304
129 272
139 247
151 225
164 202
169 177
181 155
194 127
214 107
238 99
263 99
288 99
313 94
333 79
353 64
376 54
401 49
426 44
451 49
475 57
497 69
517 84
535 102
547 124
559 146
565 171
575 194
575 219
570 255
565 290
550 320
550 230
545 260
538 293
525 315
530 340
530 365
531 400
519 422
497 434
472 435
465 411
479 382
474 357
450 350
445 385
443 423
421 435
399 422
404 396
404 371
399 346
385 325
375 360
370 395
365 440
361 465
339 477
314 477
299 457
317 439
319 410
314 385
313 360
290 350
283 378
270 400
260 425
245 455
222 465
197 470
179 452
197 434
217 419
224 377
234 352
234 327
244 297
248 265
223 265
202 279
180 293
170 270
155 290
145 316
127 334
97 349
72 350
