34 172
34 147
49 127
71 114
96 109
121 114
141 129
120 160
105 140
80 145
87 169
107 184
132 189
155 179
180 176
204 169
229 164
254 162
279 159
295 179
305 202
329 209
354 204
379 199
404 199
429 201
454 204
479 209
500 223
518 241
536 259
548 281
555 305
555 330
560 355
560 380
556 413
530 380
532 405
535 430
540 455
545 480
546 510
521 510
496 505
474 492
477 459
465 437
440 440
425 465
419 490
394 495
369 495
346 484
356 460
365 436
365 405
340 405
315 395
320 420
325 445
325 470
322 514
297 515
272 515
247 510
229 492
244 457
225 440
210 460
204 495
179 500
154 500
129 495
119 472
139 457
149 422
164 397
179 372
184 332
175 297
155 282
136 265
111 264
89 252
67 240
49 222
46 194
