169 442
187 460
207 445
230 435
254 442
259 467
251 495
239 517
224 542
229 567
244 587
264 602
286 614
311 620
336 620
361 620
386 620
410 610
434 602
454 587
469 567
459 526
447 504
440 480
435 455
448 433
463 413
478 393
490 370
500 340
505 308
505 283
500 258
490 235
524 265
544 280
560 260
553 230
535 212
515 197
493 184
474 167
459 147
447 125
427 110
405 98
383 86
359 79
334 82
310 89
287 99
265 111
247 129
225 141
201 149
179 162
164 182
179 202
203 193
225 180
226 215
211 235
199 257
189 287
189 312
194 337
204 360
191 395
179 417
