29 347
14 327
36 314
59 304
84 299
109 292
134 289
159 284
184 279
209 274
234 274
259 274
284 269
306 255
321 235
341 220
355 241
365 264
378 286
398 301
423 304
448 310
473 315
498 319
523 320
540 339
565 339
586 325
604 307
624 292
646 279
669 267
693 259
708 279
689 297
670 315
655 340
645 365
650 390
657 414
665 438
641 448
621 433
606 413
588 395
573 375
548 370
528 385
503 380
479 387
460 405
435 412
411 405
388 415
363 420
338 425
313 430
290 440
297 464
309 491
284 496
264 481
246 463
228 445
213 425
190 415
167 405
142 400
119 390
94 385
71 374
51 359
