34 402
37 364
55 346
77 334
100 324
123 314
148 309
173 309
198 304
223 299
248 299
273 294
298 289
310 266
333 276
351 294
376 299
401 304
426 304
451 309
476 309
501 309
526 314
548 326
570 338
593 349
618 349
638 334
660 321
682 309
704 297
724 282
748 274
739 302
719 317
704 337
685 355
670 375
680 398
695 418
710 438
730 453
750 485
726 478
706 463
684 450
661 439
639 427
617 415
592 410
568 418
544 425
521 435
496 440
471 445
446 450
422 459
398 468
375 480
353 493
340 515
322 535
304 517
289 497
270 480
247 470
222 465
197 460
172 455
147 450
124 440
99 440
76 429
54 417
