36 365
37 390
61 398
86 403
110 410
135 415
156 429
164 453
174 476
199 477
204 452
216 430
241 425
266 425
291 420
316 420
341 425
364 435
387 424
411 415
436 420
461 420
479 402
503 410
519 430
539 445
550 405
569 387
589 372
611 360
634 350
657 339
681 330
689 294
664 297
639 304
616 314
593 324
569 332
546 344
524 357
500 364
480 349
455 344
430 344
405 342
380 337
356 329
331 329
306 324
288 306
285 281
285 256
272 234
252 249
234 267
222 294
206 314
183 324
158 329
133 334
109 342
84 349
61 359
