29 312
14 292
38 284
63 284
88 279
113 279
138 279
163 279
188 279
213 279
238 279
263 279
283 264
301 245
321 229
335 250
340 275
361 289
386 289
411 294
436 294
461 299
486 304
511 304
534 314
559 314
584 302
604 287
626 274
651 269
676 264
701 259
693 288
669 297
650 315
630 330
632 355
644 377
634 401
614 386
596 368
578 350
555 340
532 350
507 350
482 350
458 358
435 370
410 370
385 365
360 370
335 370
310 375
285 370
260 375
265 400
272 424
280 448
290 471
286 500
261 503
249 481
234 461
221 439
209 417
200 393
192 369
167 364
142 360
119 350
94 350
71 340
51 324
