29 390
19 367
37 349
59 337
83 329
105 316
130 314
153 304
178 304
203 299
228 294
253 289
278 289
303 289
326 279
351 274
373 286
397 294
422 299
447 299
470 289
495 292
513 310
534 324
555 338
580 339
603 329
628 324
651 314
674 304
699 299
722 289
746 280
745 305
730 325
710 340
688 355
665 365
682 384
705 394
725 409
744 426
759 446
737 460
714 450
690 442
666 434
645 420
622 410
597 405
574 395
549 397
525 405
500 410
477 420
452 425
429 435
404 437
380 445
369 472
349 487
330 505
309 521
296 499
287 475
271 455
246 450
221 450
196 445
171 443
147 435
122 430
99 420
75 412
51 403
