33 349
47 370
72 375
97 380
122 380
147 385
172 390
179 414
179 439
186 463
194 487
215 465
220 435
239 417
259 402
284 400
309 400
334 400
359 395
384 390
407 400
432 394
449 375
474 370
497 380
520 370
543 360
565 372
583 390
603 405
605 365
620 345
639 327
659 312
677 294
701 285
703 254
680 264
657 274
634 284
611 294
589 307
566 320
542 329
520 317
495 314
470 317
445 314
420 309
395 309
370 309
345 304
320 300
310 264
303 240
279 247
266 270
254 292
229 299
204 304
179 309
154 314
129 319
104 324
80 331
56 339
