19 212
14 257
19 282
41 294
61 309
84 320
104 335
127 345
151 353
166 373
178 395
196 413
215 430
225 395
250 390
275 390
300 390
325 385
349 377
371 365
395 355
418 343
436 325
456 310
476 295
488 273
511 283
531 298
553 310
578 315
606 315
592 294
567 279
560 255
560 230
560 205
560 180
560 155
575 135
606 125
586 109
561 109
539 122
515 131
497 149
475 161
450 160
460 116
447 94
427 79
409 61
390 44
367 34
342 29
317 24
292 19
267 24
242 24
217 24
192 29
167 34
147 49
127 64
109 82
99 107
82 129
64 147
49 167
34 187
