24 212
24 187
29 157
39 132
57 114
80 124
104 131
126 144
149 154
174 147
189 127
207 109
229 97
251 84
272 69
292 54
312 39
332 24
357 24
382 24
407 24
432 24
455 34
479 41
503 49
525 62
547 74
565 92
583 110
600 129
615 149
630 169
649 186
669 201
687 219
695 243
676 260
652 269
628 278
605 290
593 313
570 325
547 335
522 335
497 335
472 335
447 330
422 330
397 330
372 330
347 330
324 320
299 315
274 310
251 299
231 284
216 264
199 245
180 228
162 210
138 218
115 230
95 245
75 261
51 254
39 232
