134 412
134 387
146 365
155 341
149 302
161 280
175 259
192 239
212 224
235 214
256 200
279 187
303 179
328 179
350 167
375 169
400 167
424 174
449 177
474 179
499 184
520 198
518 233
505 255
542 224
557 204
577 189
594 162
616 149
639 139
620 180
620 210
630 233
645 253
665 269
690 274
713 284
673 300
648 303
623 308
598 310
573 315
535 320
556 334
579 344
586 370
574 392
559 412
544 432
529 452
510 470
490 485
470 500
445 500
421 515
397 524
365 525
382 544
367 570
344 560
329 540
305 532
281 525
256 528
232 520
207 525
184 515
159 510
144 490
134 467
134 442
