29 487
29 457
44 437
56 415
71 395
80 371
92 349
107 329
125 311
149 302
171 290
189 267
190 233
179 210
199 194
222 204
247 209
267 194
284 167
299 142
314 122
332 104
354 92
376 80
400 71
419 54
442 44
467 49
485 31
509 38
515 65
505 90
485 105
473 128
453 145
434 162
415 180
403 208
394 232
375 250
360 275
340 290
357 309
380 319
404 326
419 346
420 371
408 403
383 410
358 410
339 393
328 370
313 350
290 340
275 360
253 373
231 385
211 400
188 410
169 427
154 447
135 465
115 480
95 495
72 509
47 505
53 480
