126 310
104 322
149 320
179 312
203 305
228 305
253 300
278 305
261 334
238 344
214 352
181 365
159 377
139 392
204 375
286 340
271 370
243 379
223 394
200 404
177 414
263 394
245 421
221 430
199 442
201 470
225 460
248 448
270 435
290 420
300 395
315 375
335 360
358 350
380 335
405 330
428 320
453 313
475 300
495 285
518 275
540 260
563 248
585 235
609 227
628 210
617 174
592 179
567 184
542 189
521 204
499 217
476 229
454 242
430 249
407 259
382 259
358 269
333 274
308 274
283 274
258 274
233 274
208 279
184 287
159 297
