101 409
89 387
111 374
130 356
154 349
176 335
204 332
229 329
254 329
275 343
295 358
317 370
337 354
359 342
381 329
402 314
424 302
446 290
469 277
491 265
514 252
538 244
558 229
581 219
606 214
630 222
645 242
625 270
605 285
583 298
560 310
536 320
516 335
496 350
471 355
448 365
425 375
402 385
378 393
354 402
335 420
330 455
320 490
314 517
296 535
276 550
258 568
235 580
211 589
204 557
228 539
279 467
261 485
241 500
221 515
198 525
189 497
207 479
227 464
250 449
268 420
243 425
219 432
197 445
173 453
148 460
139 427
161 415
184 402
208 394
233 389
265 384
248 365
223 360
198 358
174 365
140 380
125 400
