49 122
71 135
114 130
157 125
200 120
179 139
136 144
93 149
49 157
73 165
116 160
159 155
199 155
181 174
138 179
98 179
54 187
78 195
118 195
161 190
204 185
229 185
254 180
275 165
275 140
300 135
325 135
350 135
375 135
400 130
425 130
450 125
475 125
500 120
525 120
550 115
575 115
600 110
625 110
650 105
675 92
665 69
640 74
615 74
590 79
565 79
540 81
515 84
490 89
465 89
440 89
415 89
390 91
365 94
340 94
315 99
290 104
270 89
264 64
239 64
214 64
171 69
128 74
88 74
44 82
68 90
108 90
151 85
194 80
214 95
177 109
134 114
91 119
