59 82
54 57
79 54
104 49
129 49
154 44
179 42
204 39
229 39
254 41
258 66
260 91
270 114
295 109
320 109
345 104
370 104
395 99
420 99
445 99
470 96
495 94
520 94
545 89
570 84
595 84
605 107
595 150
570 150
545 155
520 155
495 155
470 160
445 160
420 160
395 165
370 170
345 170
320 175
295 175
270 175
270 200
273 233
249 240
224 245
199 245
174 247
149 250
124 255
99 255
74 252
74 227
99 224
124 219
149 219
174 214
199 208
181 190
156 195
131 195
104 195
79 195
69 172
93 164
118 164
146 159
181 154
164 135
139 135
114 135
89 137
64 137
64 112
89 109
114 107
141 104
166 99
184 75
159 75
134 80
109 80
84 80
