24 67
42 85
67 89
95 90
175 105
153 119
126 115
99 117
66 114
24 117
46 130
80 135
114 137
139 140
167 140
156 165
131 169
106 169
81 169
48 165
24 172
42 190
67 190
94 191
119 192
145 190
176 180
194 162
209 142
231 130
256 130
281 135
306 135
331 135
356 135
381 138
406 140
431 145
456 150
481 150
506 153
531 155
549 126
525 119
500 119
475 116
450 114
425 112
400 107
375 104
350 102
325 99
300 99
275 99
250 99
227 89
203 81
190 59
170 44
140 29
112 24
86 19
61 19
36 15
36 40
73 45
98 45
123 48
147 55
165 82
140 79
115 74
85 67
56 64
