24 52
24 27
49 24
74 24
99 24
124 24
149 24
174 24
199 24
224 24
249 24
274 24
299 24
324 24
349 24
374 24
399 24
410 47
410 72
410 97
401 125
386 145
368 163
345 175
323 188
299 197
279 212
264 232
249 252
230 270
215 290
222 314
237 334
245 358
260 378
270 401
288 419
311 429
334 439
357 449
380 459
400 485
375 485
350 485
325 485
300 485
275 485
250 485
225 485
200 485
175 485
150 485
125 485
100 485
63 474
86 464
109 454
132 444
157 439
180 429
203 419
196 384
184 362
175 338
164 315
154 292
169 267
181 245
180 207
155 202
131 193
106 189
84 177
64 162
44 147
29 127
24 102
24 77
