24 52
24 27
49 24
74 24
99 24
124 24
149 24
174 24
199 24
224 24
249 24
274 24
299 24
324 24
349 24
360 47
365 72
360 105
349 147
334 167
315 185
293 198
270 210
250 225
250 250
250 275
250 300
250 325
250 350
245 385
245 410
245 435
259 456
281 469
304 479
325 493
348 504
362 525
331 525
306 525
281 525
256 525
231 525
206 525
181 525
156 525
131 525
106 525
81 525
61 510
84 497
108 489
131 479
154 469
177 459
184 422
184 397
184 372
179 347
179 322
179 297
179 272
174 247
162 225
139 215
115 207
91 199
71 184
54 165
34 150
24 127
24 102
24 77
