24 52
24 27
49 24
74 24
99 24
124 24
149 24
174 24
199 24
224 24
249 24
274 24
299 24
324 24
349 24
374 24
399 24
410 47
410 72
410 97
402 124
387 144
369 162
349 177
325 185
303 198
280 210
290 233
295 258
300 283
305 308
310 333
320 356
323 381
328 406
348 421
368 436
388 451
430 477
406 485
381 485
356 485
331 485
306 485
281 485
256 485
231 485
206 485
181 485
156 485
131 485
106 485
81 485
61 470
84 457
108 449
131 439
154 427
169 407
174 367
179 327
184 292
189 262
194 230
181 208
157 200
132 195
109 185
86 175
66 160
44 147
29 127
24 102
24 77
