74 330
99 335
123 328
147 320
172 315
197 310
222 305
247 305
272 300
287 324
263 334
239 342
215 349
192 359
169 369
146 380
124 392
102 404
84 422
89 447
113 455
136 445
159 435
182 425
207 419
231 410
254 400
277 390
305 380
329 387
298 404
238 434
214 444
191 454
169 467
149 482
154 507
178 515
201 505
226 500
248 488
270 475
294 467
316 455
338 443
360 430
385 425
410 425
416 450
404 472
392 499
374 517
359 537
344 562
359 582
383 575
403 558
420 535
435 515
454 497
466 475
481 455
499 437
519 422
541 410
564 400
585 385
605 365
620 345
625 305
625 280
625 255
625 230
625 205
625 180
625 155
623 130
598 134
573 134
548 130
523 124
499 116
477 104
455 92
433 80
408 74
385 64
362 54
340 42
315 39
290 34
267 24
249 42
259 65
274 85
294 100
317 110
340 120
363 130
374 157
364 192
346 210
324 222
300 229
277 239
252 239
227 244
202 249
177 254
152 259
128 269
104 277
82 289
64 307
