209 252
204 227
229 224
250 238
265 258
275 281
290 301
305 321
269 217
278 189
303 190
318 210
330 232
345 252
357 274
339 187
364 184
389 184
405 204
410 229
415 254
434 236
429 211
419 182
444 179
469 174
485 194
490 219
495 244
500 269
510 292
520 315
537 334
557 349
575 331
584 287
589 257
604 237
619 217
643 209
650 245
650 275
640 310
635 340
630 370
625 395
617 419
608 443
603 468
590 490
570 510
563 543
538 545
513 545
488 545
463 545
438 545
413 545
388 545
364 537
346 519
334 497
324 474
319 449
309 426
299 403
289 380
276 358
264 336
249 316
236 294
221 274
