61 264
64 222
88 214
113 214
138 209
163 209
188 204
213 204
238 204
263 199
288 199
313 194
338 189
360 176
339 145
315 137
291 129
269 117
251 99
239 77
234 52
252 34
272 49
292 64
317 69
340 79
363 89
388 95
412 104
435 114
455 129
478 139
500 152
520 167
544 176
568 184
593 184
610 203
610 228
610 253
610 278
610 303
610 328
606 375
582 384
562 399
542 414
519 425
496 435
472 444
447 450
423 458
398 465
375 475
350 480
326 490
303 500
280 510
257 520
233 529
209 522
204 497
222 479
244 467
268 459
291 449
314 437
296 414
282 360
257 365
234 375
209 380
184 380
159 385
134 390
111 400
86 400
64 387
64 362
86 349
109 339
134 334
157 324
181 315
206 309
229 299
254 294
236 275
211 275
186 270
161 270
136 270
111 270
86 270
