24 182
24 157
49 154
74 159
99 159
122 149
111 119
99 97
123 90
138 110
153 130
178 134
203 129
228 129
253 124
278 119
302 109
325 99
348 89
371 79
394 69
419 64
444 64
448 103
425 115
401 125
377 134
353 143
330 155
351 169
375 161
400 156
425 154
450 149
475 144
500 139
525 139
544 156
535 185
512 195
487 199
462 205
437 209
399 217
375 225
421 229
452 229
477 229
502 224
527 224
552 224
575 234
578 263
558 280
533 285
508 285
483 285
458 290
433 290
408 290
370 295
391 309
416 314
441 319
466 319
491 314
516 314
540 322
550 345
534 365
509 370
484 372
459 370
434 370
409 370
384 365
350 365
367 384
382 404
397 424
415 442
413 480
388 480
373 460
358 440
343 420
328 400
313 380
293 365
270 375
250 390
264 411
284 426
304 441
322 459
334 481
339 517
320 535
301 518
279 506
261 488
239 475
219 460
196 450
173 440
153 425
131 413
111 398
93 380
79 359
62 340
39 330
29 307
29 282
29 257
24 232
24 207
