24 102
24 77
36 55
56 39
79 27
104 24
129 24
153 31
175 43
197 55
205 79
205 104
205 129
210 154
225 174
240 194
255 214
270 234
291 220
304 197
319 177
334 152
346 130
349 87
354 62
372 44
395 34
420 34
444 41
466 54
489 64
509 79
523 100
535 122
540 147
540 172
540 197
530 230
520 260
506 285
491 305
476 325
458 343
438 358
418 373
398 388
378 403
355 415
333 428
311 440
291 455
266 458
249 439
230 422
211 405
191 389
171 374
154 355
131 344
111 329
99 307
111 285
119 248
105 227
87 209
69 191
56 169
41 149
29 127
