36 120
42 160
65 145
88 133
112 124
130 142
139 166
144 191
159 211
164 236
164 261
169 286
177 310
189 332
199 355
204 380
207 405
209 430
214 455
214 480
204 512
214 535
230 515
233 438
235 410
235 385
257 445
259 470
251 500
253 525
275 490
270 420
270 380
267 355
265 330
285 315
310 315
335 315
360 320
385 315
410 310
434 302
458 295
476 313
489 335
492 360
501 384
504 409
494 452
484 482
469 502
487 520
508 489
519 447
527 419
539 397
561 409
569 433
569 458
569 483
578 524
589 498
593 465
590 400
580 368
565 348
555 325
565 300
575 270
580 230
575 205
605 227
620 247
642 259
650 215
650 190
650 161
631 144
606 150
586 165
564 177
539 174
516 164
491 159
466 154
441 160
417 169
392 174
367 174
342 169
318 161
296 149
273 139
250 129
227 119
209 101
190 84
173 65
149 56
125 47
101 39
81 24
54 62
49 87
