157 510
139 492
163 484
184 467
199 447
211 425
224 397
236 375
249 342
249 312
259 272
274 247
292 229
307 209
314 182
324 157
336 135
335 102
315 87
291 78
269 65
259 42
281 29
306 34
331 34
356 34
379 24
393 45
405 67
415 90
420 115
420 140
425 165
425 190
425 215
435 238
440 263
445 288
455 311
472 330
492 345
512 360
533 374
555 387
573 405
590 424
603 446
623 461
640 480
645 505
636 540
624 562
606 580
588 598
573 618
560 640
542 664
522 679
499 669
527 579
512 599
503 623
490 645
472 670
447 700
424 720
401 735
379 722
401 709
422 694
440 676
454 652
472 614
460 590
448 623
425 635
354 677
332 690
314 672
336 659
360 651
382 639
402 624
417 604
429 572
439 542
444 517
433 475
411 463
389 450
369 435
350 418
339 395
314 392
296 410
281 430
269 452
250 470
203 529
179 522
210 496
225 476
254 407
239 427
224 447
185 496
