39 407
39 432
49 455
74 455
90 425
103 403
118 383
141 373
161 388
179 406
199 421
211 443
223 465
241 483
261 498
283 510
307 519
327 534
345 552
359 573
375 593
389 614
394 642
394 667
418 674
425 633
420 608
405 588
390 568
380 545
414 560
429 580
450 635
469 596
457 574
439 556
413 526
395 508
380 488
370 465
389 447
411 435
431 420
449 402
464 382
479 362
498 345
523 345
545 357
565 372
583 390
601 408
613 430
619 455
619 480
622 505
647 499
655 475
645 452
640 427
630 404
619 381
607 359
590 340
631 350
655 357
675 372
693 390
709 410
714 435
737 445
734 409
715 377
697 359
679 341
664 321
644 306
620 297
600 281
590 258
580 235
603 225
625 212
625 187
607 169
592 149
572 134
547 129
522 134
502 149
479 159
456 170
434 182
412 194
397 214
379 232
365 256
347 274
327 289
302 294
277 299
252 294
229 284
206 274
181 274
156 274
131 279
106 280
86 295
64 309
39 312
51 334
44 362
