34 130
24 107
42 89
64 72
82 54
100 36
125 34
148 44
173 49
190 68
210 83
230 99
245 119
264 136
279 156
294 176
316 189
339 199
364 204
389 204
414 204
439 199
464 197
489 194
514 199
537 209
562 209
587 214
605 232
620 252
620 277
630 300
625 345
620 390
604 415
570 360
570 385
580 408
585 433
585 504
580 536
569 562
559 522
564 490
564 465
558 440
525 395
535 418
535 450
520 480
512 520
505 546
487 570
469 552
484 532
494 502
499 463
499 438
494 413
484 390
474 367
459 347
435 340
410 345
385 350
360 350
335 350
310 345
285 350
285 375
285 400
290 425
274 540
274 504
274 479
272 454
250 410
255 435
255 523
241 550
219 537
234 509
234 484
234 459
227 435
219 411
214 386
209 361
199 338
188 315
176 293
169 269
169 244
169 219
162 195
154 171
144 148
133 125
108 120
83 123
59 130
