144 462
164 447
189 442
199 392
204 367
216 345
229 320
214 300
191 290
179 252
203 259
189 192
171 174
151 159
166 139
189 149
214 154
239 159
264 154
287 144
312 139
337 134
362 134
387 134
412 139
435 149
458 160
475 179
490 199
510 214
535 217
560 214
585 214
575 240
551 250
526 255
503 265
479 272
455 280
469 301
480 324
490 347
490 380
490 405
480 435
470 460
460 485
448 513
435 535
424 562
405 580
383 593
358 598
333 603
308 600
286 588
268 570
256 548
244 526
232 504
208 495
183 490
159 482
