164 160
154 137
166 115
182 135
203 149
228 154
253 159
276 149
299 139
324 134
349 134
374 131
399 134
422 144
445 154
465 169
484 186
502 204
525 214
550 209
569 187
585 207
570 235
547 245
524 255
499 257
474 262
455 280
465 303
480 323
489 347
490 375
490 400
480 435
470 460
455 490
445 515
433 538
420 560
401 580
379 592
355 600
330 600
305 595
282 585
264 567
252 545
240 523
229 500
214 480
194 465
184 442
199 412
199 387
209 357
219 332
231 310
227 285
209 267
187 255
184 217
199 197
181 179
