36 289
45 313
70 317
95 320
120 320
143 330
165 342
189 350
212 360
237 365
262 370
286 378
304 396
319 416
334 436
352 454
367 474
382 494
399 513
415 533
439 540
464 540
470 500
465 475
460 450
455 425
450 400
445 375
470 370
493 380
511 398
531 413
549 431
569 446
594 445
595 407
589 382
571 364
550 350
570 333
561 309
540 295
560 280
564 241
540 233
519 219
494 219
469 219
445 210
445 185
450 140
455 95
447 49
422 49
402 64
387 84
372 104
354 122
338 144
323 164
308 184
293 204
278 224
253 229
228 234
203 239
180 249
157 259
134 269
111 279
86 279
61 284
