74 160
64 137
84 122
104 107
122 89
142 74
162 59
184 47
206 35
230 27
255 24
280 24
305 27
330 32
352 44
374 56
392 74
412 89
432 104
455 114
480 111
504 104
528 111
523 148
510 170
524 191
539 211
535 240
520 260
498 273
475 285
480 310
458 323
445 345
435 375
419 395
396 405
378 423
365 445
355 470
379 477
404 474
429 474
454 469
479 469
504 469
530 474
523 498
500 510
478 523
456 535
434 547
412 559
387 565
363 573
339 580
314 582
289 580
264 577
240 570
215 565
191 558
174 539
160 518
149 495
129 480
104 485
89 465
84 417
94 392
109 367
121 345
130 321
139 288
139 263
135 238
126 214
111 194
94 175
