69 127
72 165
90 183
109 200
124 220
127 245
129 270
129 295
120 336
111 360
99 382
84 407
74 432
74 457
84 480
101 499
126 498
144 516
159 536
174 556
192 574
216 583
241 585
250 550
250 525
270 510
295 515
318 525
342 534
366 543
386 558
410 567
435 572
459 580
484 580
508 573
496 539
473 529
450 519
425 514
402 504
377 499
360 480
373 458
395 445
420 440
445 440
468 450
491 460
516 465
540 450
550 421
550 396
537 374
522 354
504 336
490 315
485 290
508 278
530 265
545 240
545 207
527 189
520 165
535 140
538 111
514 104
489 109
464 114
441 104
419 92
399 77
381 59
361 44
339 31
314 26
289 24
264 24
239 24
214 29
191 39
169 52
149 67
127 79
109 97
91 115
