64 212
64 187
74 162
92 144
112 129
132 114
150 96
169 79
189 64
209 49
232 39
255 29
280 24
305 24
330 24
355 29
380 32
402 44
422 59
440 77
460 92
480 107
504 114
529 109
554 104
575 118
568 153
555 175
572 194
585 216
580 245
564 267
544 282
520 290
527 314
540 336
558 354
575 373
585 396
585 435
568 463
543 465
520 455
496 448
472 440
447 440
423 448
408 468
395 490
419 499
442 509
467 514
490 524
514 531
538 540
550 565
528 583
506 595
483 605
460 615
437 625
412 625
387 625
362 624
338 615
315 605
292 594
268 585
243 580
221 568
209 546
194 526
184 503
174 480
155 463
146 439
171 439
196 434
221 430
237 395
225 373
210 353
195 333
184 310
171 288
146 285
121 283
97 275
79 257
64 237
