162 749
174 771
199 775
224 775
249 780
274 780
299 780
324 785
349 785
374 790
399 790
424 790
449 795
474 795
499 800
524 800
549 800
574 805
599 805
624 810
620 777
605 757
590 737
572 719
557 699
542 679
525 660
548 650
571 640
595 630
618 618
615 582
593 570
569 561
545 552
520 549
497 539
480 520
490 495
510 480
535 475
559 482
584 485
607 495
630 505
654 497
665 461
665 436
655 413
638 394
620 376
607 354
600 330
623 318
645 305
660 285
660 243
642 225
640 200
650 175
639 144
614 147
590 154
565 149
543 136
523 121
505 103
485 88
464 74
439 69
414 64
389 64
364 64
339 64
316 75
294 87
272 99
252 114
234 132
216 150
194 162
174 177
184 200
204 215
221 234
236 254
245 278
249 303
249 328
239 372
229 397
219 422
204 442
194 467
194 492
199 517
214 537
239 535
259 550
274 570
285 593
287 619
269 637
250 656
232 674
217 694
199 712
180 731
