24 297
24 272
34 247
39 222
57 204
81 195
99 177
104 147
104 122
114 97
136 84
161 84
179 102
180 127
185 152
197 174
220 164
245 159
268 149
293 144
308 124
323 104
341 85
356 65
371 45
396 44
418 56
440 69
460 84
452 109
437 129
419 147
400 165
414 186
436 199
451 219
466 239
475 263
484 287
485 312
485 337
485 362
478 388
454 397
430 405
405 405
385 420
360 425
335 425
310 430
285 430
262 419
241 405
216 405
191 410
169 422
150 440
135 460
115 478
95 463
77 445
59 427
74 407
89 387
107 369
106 343
81 338
57 330
34 320
