144 665
156 629
181 629
206 629
239 649
249 612
229 572
239 547
239 522
249 492
257 460
238 443
216 455
198 473
176 485
154 472
164 447
176 425
189 397
199 367
209 332
239 229
232 205
214 187
199 127
199 102
214 82
232 64
257 64
282 64
307 64
329 76
345 96
355 119
350 145
380 121
399 102
421 90
446 89
471 85
495 92
510 115
527 134
539 156
535 195
522 229
507 249
492 269
467 270
442 270
419 260
412 284
394 302
379 322
360 340
381 354
407 374
442 414
467 414
490 424
487 450
464 440
440 448
422 430
407 410
389 392
365 385
365 410
365 435
370 460
375 490
380 515
397 534
422 539
445 549
473 549
493 534
505 511
524 457
524 432
534 402
549 382
571 370
596 369
543 494
532 519
518 540
459 570
425 567
400 570
385 590
372 619
360 642
387 639
412 639
437 634
462 629
472 664
447 669
422 665
397 665
372 665
347 665
329 647
341 625
325 590
300 590
275 595
270 626
259 665
219 665
194 665
169 665
