152 659
166 680
191 675
216 675
241 675
266 675
282 639
275 615
298 605
321 595
336 625
324 647
336 669
361 675
386 675
411 670
434 680
459 680
484 677
475 649
450 649
425 649
387 649
370 630
389 612
400 585
425 585
450 585
482 575
507 574
529 562
541 540
550 510
558 470
577 389
559 407
546 430
534 477
521 500
509 522
490 541
468 554
443 554
418 554
399 537
387 515
380 491
370 468
365 443
355 420
355 395
378 405
401 415
409 439
426 458
448 470
471 460
486 434
461 429
441 414
421 399
403 381
381 369
360 355
380 340
399 322
415 295
440 295
465 295
490 295
514 287
535 270
548 248
550 201
540 178
535 153
520 133
508 111
486 99
461 104
438 114
418 129
404 150
380 168
380 143
375 118
365 95
353 70
333 55
308 49
283 44
260 54
237 64
219 82
214 137
214 162
229 182
249 197
239 237
229 267
214 302
196 325
184 347
171 370
159 392
154 417
178 425
203 418
228 415
253 415
274 429
256 455
241 475
229 497
229 522
219 557
209 587
214 612
224 640
200 649
175 649
