149 637
134 657
158 665
183 665
208 665
233 665
258 665
283 665
285 630
285 605
310 600
335 600
344 627
358 660
383 660
408 665
433 665
458 665
483 665
479 639
454 634
429 634
404 632
380 625
380 600
399 582
423 575
448 575
473 575
498 570
518 555
535 525
545 490
555 445
577 384
559 402
539 417
529 442
505 526
485 542
461 549
436 549
412 540
397 520
385 498
380 473
365 453
355 430
355 405
380 400
401 414
419 432
434 452
449 472
465 447
494 452
483 429
454 424
435 407
417 389
402 369
377 369
360 350
380 335
400 320
415 295
438 283
463 285
488 285
513 285
536 275
551 255
555 220
565 173
555 150
536 129
521 109
499 96
474 97
454 112
434 127
419 147
395 161
395 136
394 111
375 94
359 74
336 64
311 59
286 59
261 64
239 77
229 107
229 132
229 157
254 202
256 240
229 292
209 317
194 342
180 366
171 390
183 420
208 415
233 410
256 400
280 390
269 452
254 472
244 497
239 527
229 562
229 587
241 609
244 639
219 634
196 624
171 624
