29 292
24 267
39 247
57 229
77 214
100 204
121 190
144 177
162 159
174 137
192 119
207 99
225 81
247 69
270 59
293 49
313 34
336 24
356 39
378 51
400 64
423 75
440 94
455 114
474 131
489 151
504 171
524 186
546 199
568 211
590 224
609 241
625 261
628 293
615 315
600 335
583 358
563 375
544 392
525 410
505 425
485 440
465 455
440 455
405 430
415 453
420 497
395 495
373 525
350 535
357 559
365 583
380 603
402 615
426 624
451 629
476 629
501 634
524 622
549 619
569 604
592 594
593 623
570 635
546 645
521 650
481 665
456 660
431 660
406 654
385 640
362 629
347 609
329 591
319 568
312 544
305 520
280 533
265 513
255 490
234 505
219 485
238 455
213 460
189 452
171 434
154 415
134 400
114 385
95 368
77 350
59 332
44 312
