279 217
279 192
291 170
304 147
319 127
337 109
357 94
377 79
399 67
421 54
444 44
469 39
494 32
519 29
542 19
567 24
592 24
617 24
642 29
667 34
690 44
714 51
734 66
756 79
774 97
789 117
805 137
817 159
820 200
815 230
805 260
795 285
783 308
768 328
759 352
744 372
726 390
711 410
691 425
669 437
651 455
633 473
610 485
590 500
597 524
615 542
630 562
650 577
670 592
688 610
705 629
715 652
720 677
725 702
725 727
718 753
691 785
522 889
540 871
559 852
579 837
601 824
622 809
645 799
666 785
693 759
674 742
689 717
699 691
687 669
669 651
657 629
635 617
617 599
599 581
579 566
561 548
546 528
539 504
518 490
494 481
476 463
454 450
431 440
411 424
396 404
376 389
361 369
344 350
329 330
314 310
309 285
294 265
289 240
