19 332
19 307
31 285
54 272
78 264
103 264
128 259
153 259
178 254
203 249
228 254
253 259
278 264
299 247
324 246
348 254
371 244
396 239
421 244
444 232
464 217
486 204
507 189
529 177
549 162
571 150
594 137
618 129
641 119
662 104
687 99
711 90
734 79
754 64
777 54
780 80
757 90
723 118
703 135
678 140
655 150
633 163
613 180
594 197
574 212
554 227
535 245
515 260
499 282
480 300
480 325
475 355
477 380
495 398
505 425
507 450
519 472
530 495
535 520
540 545
545 570
550 595
550 620
550 645
545 670
533 698
510 710
486 720
461 720
436 720
411 720
386 720
361 720
336 725
312 734
287 735
262 740
237 740
212 745
187 740
162 735
137 740
114 750
89 751
84 726
84 701
79 676
66 654
64 629
57 605
54 580
54 555
49 530
49 505
39 482
34 457
29 432
24 407
24 382
19 357
