24 342
24 317
42 299
60 281
82 269
102 254
122 239
144 227
166 214
187 199
210 189
231 175
255 166
275 151
294 134
316 120
341 124
363 136
383 151
398 171
416 189
438 201
456 219
480 227
502 239
522 254
542 269
560 287
578 305
595 324
605 360
601 390
589 412
571 430
551 445
533 463
510 475
488 488
468 503
446 515
424 527
400 535
375 540
373 588
350 600
335 620
335 645
335 670
335 695
330 730
318 753
303 773
283 790
274 757
286 735
294 697
299 662
299 637
289 614
274 594
251 584
249 559
242 535
217 530
195 518
175 503
155 488
135 473
117 455
97 440
79 422
61 404
41 389
34 365
