159 102
159 77
177 59
202 64
227 69
252 69
277 69
302 69
325 79
350 84
373 94
393 110
414 124
434 139
453 156
439 177
420 195
420 220
420 245
420 270
437 289
460 299
479 316
494 336
512 354
537 359
562 359
585 369
580 405
570 440
562 465
539 455
533 430
515 412
497 394
479 376
461 358
439 345
416 334
394 322
374 307
359 287
354 262
339 242
315 250
293 263
280 285
280 325
280 365
275 405
270 435
247 460
229 442
229 402
239 377
249 352
254 327
254 302
254 277
254 252
272 234
292 219
294 190
274 175
250 167
226 158
202 149
177 145
159 127
