154 102
154 77
169 57
194 54
215 68
233 86
258 90
283 94
308 99
333 104
358 109
381 119
399 137
417 155
430 177
435 202
435 227
435 252
435 277
435 302
455 317
475 332
490 352
508 370
530 382
552 394
564 416
569 452
551 470
529 457
521 433
501 418
483 400
459 392
439 377
421 359
404 340
385 323
377 299
365 277
353 255
329 262
305 270
280 270
280 295
285 320
285 345
285 370
275 415
270 440
249 455
224 452
204 437
222 419
234 392
234 367
234 342
234 317
229 287
244 267
259 247
274 227
290 205
270 190
245 185
224 171
209 151
195 130
172 120
