156 94
144 72
159 52
183 44
208 45
225 64
235 87
257 99
282 99
305 109
328 120
345 139
360 159
383 170
395 192
400 217
400 242
400 267
400 292
400 317
419 334
450 326
480 316
502 304
517 284
537 269
562 269
577 289
589 311
572 335
547 335
522 335
497 335
471 340
440 350
418 363
398 378
373 375
359 354
349 331
344 306
332 284
315 265
297 289
275 302
280 327
288 351
295 375
300 405
310 428
306 475
281 480
256 475
234 462
256 449
279 419
276 394
269 370
254 350
244 327
244 302
259 282
271 260
289 242
313 234
295 197
273 185
253 170
229 162
207 150
179 105
