94 292
94 267
106 245
124 217
139 187
144 162
164 137
182 119
204 107
229 104
252 114
276 105
294 87
316 74
340 81
363 91
384 77
406 65
431 69
455 77
479 69
504 64
529 69
544 89
560 109
575 129
590 149
605 169
610 194
610 219
610 244
615 269
623 298
610 320
590 345
573 365
550 375
540 400
534 427
515 445
494 462
469 459
448 445
433 465
418 485
395 495
409 516
415 541
405 565
390 605
373 630
349 622
340 598
339 573
329 550
319 527
312 490
292 474
269 485
244 490
219 485
196 474
184 452
172 430
147 425
124 415
119 390
109 367
109 342
109 312
