119 147
119 122
144 119
169 119
194 114
219 114
244 114
269 114
294 114
319 114
344 114
369 114
392 104
417 104
442 104
467 104
492 104
517 104
542 104
567 104
592 99
605 121
605 146
605 171
605 196
605 221
605 246
610 271
610 296
610 321
610 346
610 371
590 400
565 400
540 400
525 420
525 445
525 470
509 495
484 495
459 495
434 490
429 465
419 442
414 417
392 405
367 405
342 405
317 405
292 405
267 405
242 405
219 415
194 415
169 415
144 415
129 395
129 370
129 345
119 322
119 297
119 272
119 247
119 222
119 197
119 172
