154 277
154 252
166 230
179 207
199 172
211 150
219 122
241 110
261 94
286 89
311 89
336 89
352 69
377 64
402 69
427 74
442 54
465 44
488 54
511 64
536 64
552 44
575 54
598 64
610 86
620 109
645 114
658 136
660 161
660 205
670 228
680 251
680 290
660 320
643 345
620 355
605 375
595 405
578 430
555 440
532 450
516 430
498 448
483 468
460 480
435 490
410 495
408 533
385 545
372 579
354 597
329 597
324 572
319 547
319 517
319 492
331 470
304 470
279 465
259 450
244 430
221 420
199 407
181 389
169 367
164 342
169 297
