89 207
84 232
89 257
99 280
104 305
121 324
141 339
166 343
185 360
209 367
226 390
214 412
206 445
201 470
189 492
184 517
174 549
164 572
199 552
210 525
230 505
250 490
269 472
287 454
299 432
315 410
340 405
365 405
390 405
411 419
431 435
446 455
462 475
482 490
499 509
519 525
530 548
549 565
566 584
550 521
545 496
535 473
530 448
515 428
505 405
500 380
520 365
545 360
565 345
585 330
605 315
620 295
630 265
640 240
630 217
624 192
609 172
591 154
571 139
551 124
526 119
503 109
478 104
455 94
430 89
405 89
380 89
357 79
332 79
309 89
284 89
259 94
236 104
211 109
188 119
164 127
142 139
124 157
104 177
