89 207
84 232
89 257
99 280
114 300
121 324
144 334
165 348
187 360
212 365
209 412
199 442
194 472
184 502
179 527
203 520
223 503
241 485
259 467
275 445
294 427
313 410
333 395
358 395
383 395
398 415
413 435
431 453
449 471
464 491
482 509
502 525
505 498
495 475
490 450
485 425
480 400
480 375
503 365
528 360
551 350
575 340
595 325
610 300
625 280
630 255
634 229
627 205
615 183
600 163
588 141
564 134
543 120
520 109
495 103
474 89
449 89
426 79
401 79
376 74
351 74
326 79
301 79
278 89
253 89
229 97
205 109
182 119
162 134
137 139
119 157
104 177
