19 717
19 742
19 767
19 792
24 687
24 817
29 662
29 842
34 867
39 632
44 890
49 607
54 913
61 585
64 936
74 557
76 958
89 537
91 978
104 517
106 998
119 497
121 1018
137 479
139 1036
155 461
157 1054
174 444
177 1070
194 429
197 1085
214 414
217 1100
236 400
237 1115
259 389
260 1125
282 379
283 1135
305 369
306 1145
328 359
329 1155
352 349
352 1165
369 202
369 227
377 344
377 1170
381 249
391 189
394 271
402 339
402 1175
412 289
416 184
427 334
427 1180
434 301
441 189
452 334
452 1180
466 194
473 320
477 1185
486 209
497 329
502 1185
504 227
520 247
527 1185
535 267
544 197
545 290
549 222
550 247
552 1185
574 256
575 281
575 306
577 1184
585 329
602 1185
610 329
627 1185
635 329
652 1185
660 329
677 1184
685 334
702 1180
710 334
727 1175
735 339
752 1170
760 344
777 1165
784 351
800 1155
808 359
824 1147
831 369
848 1138
854 379
870 1125
877 389
893 1115
899 401
915 1100
921 414
925 695
925 720
930 745
935 615
935 640
935 1085
938 673
940 768
940 793
940 818
941 429
945 590
949 842
955 1070
961 444
961 864
964 572
965 545
975 1055
978 523
979 462
983 876
994 1037
996 505
997 480
1000 895
1002 920
1012 1019
1014 942
1027 999
1033 959
1058 955
