64 702
64 727
64 752
64 777
69 672
69 802
74 647
74 827
79 852
84 612
84 877
94 587
94 900
104 923
106 565
114 946
119 537
126 968
134 512
141 988
149 492
156 1008
167 474
171 1028
182 454
189 1046
200 436
207 1064
220 421
227 1079
239 404
247 1094
261 390
267 1109
284 377
289 1121
306 364
311 1133
329 354
335 1142
352 344
359 1150
377 339
382 1160
400 329
407 1165
425 324
432 1170
450 324
457 1174
475 319
482 1175
500 319
507 1175
525 319
532 1175
539 232
544 257
549 282
549 307
557 1175
568 265
580 320
582 244
582 1180
594 222
605 315
607 1180
609 202
624 182
629 324
632 1180
644 167
650 310
657 1180
662 149
667 329
682 309
682 1175
685 139
694 331
706 125
706 300
707 1170
719 336
730 116
730 290
732 1164
743 344
753 278
754 109
756 1155
766 354
775 265
779 109
779 1145
790 362
795 250
802 1135
804 109
810 230
812 374
823 208
824 1122
829 114
830 175
834 386
835 139
846 1110
854 401
866 1095
874 416
886 1080
894 431
904 1062
912 449
922 1044
930 467
937 1024
945 487
955 1000
960 507
970 975
972 529
985 551
985 950
995 574
998 928
1005 597
1007 904
1015 620
1015 875
1020 645
1025 835
1027 669
1030 694
1030 800
1035 719
1035 744
1035 769
