94 712
94 737
94 762
94 787
99 677
99 812
99 837
104 652
104 862
114 617
114 885
119 910
124 592
129 933
134 567
139 956
146 545
151 978
159 517
163 1000
174 497
178 1020
189 477
193 1040
204 457
208 1060
222 439
224 1080
237 419
241 1099
257 404
261 1114
275 386
281 1130
295 371
301 1145
317 359
322 1159
337 344
344 1171
359 332
365 1185
383 324
388 1195
405 311
411 1205
429 304
435 1212
452 294
459 1220
477 289
484 1225
502 284
509 82
509 1230
527 100
527 279
534 1235
547 84
551 109
552 274
559 1240
566 129
575 102
577 274
584 147
584 1240
593 120
596 169
602 274
608 140
609 191
609 1240
617 215
620 162
624 239
627 274
634 186
634 1240
639 142
649 107
659 1240
661 85
676 65
684 1240
696 49
709 1240
715 260
717 34
734 1240
735 245
740 24
752 264
754 227
759 1240
765 19
766 205
777 264
781 185
784 1240
790 19
795 150
800 110
802 264
805 39
805 80
809 1235
827 269
834 1235
852 274
859 1230
877 279
883 1223
900 289
907 1215
925 294
930 1205
948 305
953 1195
972 314
976 1185
992 329
998 1173
1014 341
1020 1160
1034 356
1040 1145
1054 371
1060 1130
1074 386
1079 1112
1092 404
1097 1094
1110 422
1115 1075
1125 442
1130 1055
1140 462
1145 1035
1155 482
1160 1010
1167 504
1175 985
1180 526
1188 963
1190 549
1197 939
1200 572
1205 915
1210 595
1215 885
1217 619
1225 643
1225 840
1230 668
1230 693
1230 800
1235 718
1235 743
1235 768
