89 582
89 607
89 632
89 657
89 682
94 547
94 707
99 522
99 732
104 757
109 487
114 780
119 457
119 805
129 432
129 828
139 851
141 410
151 873
154 382
164 895
169 362
179 915
184 337
194 935
202 319
209 955
217 299
226 974
235 281
246 990
255 266
265 1007
275 251
285 1022
295 236
307 1035
317 224
324 62
329 1047
334 85
339 212
344 47
351 1059
354 100
361 200
364 32
375 1067
377 110
386 194
388 24
399 1075
402 115
409 184
413 24
424 1080
425 125
434 179
438 24
449 1085
450 130
459 177
463 30
473 140
474 1090
484 174
487 39
496 150
499 1090
507 54
509 174
524 1090
527 69
540 91
549 1085
555 160
560 120
564 82
574 1090
576 174
582 64
599 1095
601 169
602 79
605 54
624 1095
626 70
626 169
635 46
649 1095
651 169
652 65
666 44
674 1092
676 174
686 60
699 1090
701 174
706 44
721 64
723 1083
725 182
747 1075
749 189
770 1065
772 199
794 1057
795 209
816 1045
818 220
836 1030
839 234
858 1018
860 248
876 1000
880 264
896 985
899 281
914 967
917 299
929 947
932 319
945 925
947 339
960 905
962 359
973 883
974 381
985 404
985 860
998 426
998 838
1007 450
1007 814
1015 474
1015 785
1020 499
1025 745
1030 522
1030 720
1034 547
1035 572
1035 685
1040 597
1040 622
1040 647
