4 1047
4 1072
19 1017
24 222
28 1080
34 992
39 197
40 1055
42 240
44 967
53 1080
55 1020
59 22
59 927
60 258
63 190
64 47
64 892
65 1057
67 215
69 72
70 995
74 279
74 857
79 95
83 14
84 827
85 233
85 960
89 1342
91 298
94 115
94 802
95 930
99 140
99 1365
103 251
104 320
104 777
105 26
105 51
110 76
110 163
110 895
111 344
114 742
114 1312
114 1339
119 368
120 99
120 270
120 855
121 1378
126 720
129 180
129 391
130 825
132 1294
133 121
134 416
135 290
139 203
139 1267
140 795
141 700
142 145
146 438
146 1375
149 1212
149 1237
150 770
154 223
154 307
154 462
154 816
154 841
154 1097
154 1122
154 1147
154 1172
155 332
155 1335
157 165
159 866
159 927
159 952
159 977
159 1017
159 1042
159 1067
161 685
164 246
164 657
164 891
165 355
166 484
168 1313
169 187
170 380
171 1375
174 632
175 1270
176 1349
177 404
180 429
181 209
181 504
182 264
184 607
185 1235
195 995
195 1190
196 229
197 284
199 587
200 444
200 1020
200 1045
200 1070
200 1095
200 1120
200 1145
201 519
214 247
217 300
217 569
220 459
220 997
224 530
229 422
232 265
235 318
240 559
240 1012
241 400
249 284
249 535
254 342
254 367
260 1027
270 298
284 267
284 1035
302 249
307 1045
317 229
332 1044
342 234
357 1040
362 249
375 271
382 1035
385 294
405 375
405 1025
408 284
410 325
410 350
410 660
415 535
422 394
422 559
425 855
425 1010
428 269
430 310
433 648
434 416
435 460
440 530
444 992
447 564
448 254
450 295
459 452
462 974
463 234
463 518
465 582
469 277
479 437
480 602
483 219
483 503
484 986
484 1011
484 1036
484 1062
484 1087
484 1117
484 1142
484 1167
489 262
490 625
494 1190
498 199
499 1215
500 648
501 424
503 488
504 1240
505 673
505 870
507 244
507 895
510 176
510 810
510 840
511 1264
512 920
514 307
514 332
514 357
514 382
514 1289
515 465
515 765
515 945
515 970
520 995
522 154
522 224
523 691
524 1312
524 1367
525 440
525 1020
525 1045
527 1070
529 786
529 1337
530 1095
530 1120
530 1170
534 132
534 202
534 287
534 1390
535 1145
535 1195
538 711
539 809
540 420
540 1220
544 107
544 834
545 1250
546 180
550 385
550 733
551 858
552 269
554 77
555 758
555 1273
558 158
559 882
559 1390
560 335
560 360
564 12
564 37
564 1297
565 781
567 134
569 247
569 905
570 310
570 1322
575 804
576 929
579 112
580 1345
582 1380
585 827
588 4
588 88
589 292
589 951
590 852
591 235
599 974
600 875
603 68
605 23
605 270
605 1349
606 215
606 998
610 898
614 1022
615 923
624 252
624 1062
625 946
626 199
634 1085
635 969
645 992
646 240
649 209
653 1016
659 1080
662 1040
682 1055
