954 567
954 592
954 617
959 227
959 542
959 642
964 252
964 277
964 302
964 327
964 352
964 377
964 402
964 427
964 452
964 477
964 502
964 667
969 692
969 717
974 742
974 767
979 792
981 214
984 817
984 842
989 867
989 892
994 917
999 942
1004 967
1006 209
1014 990
1024 1013
1030 202
1043 1030
1045 222
1050 247
1060 270
1065 295
1068 1030
1075 318
1084 342
1090 367
1093 1023
1100 390
1105 415
1110 440
1117 1015
1120 463
1125 488
1137 510
1142 1009
1145 534
1155 557
1163 581
1166 1000
1170 605
1172 630
1175 655
1180 680
1185 705
1190 730
1190 755
1190 780
1190 990
1195 805
1200 830
1200 855
1205 880
1207 905
1212 930
1213 978
