559 1007
559 1032
564 977
571 1054
574 887
574 912
574 937
579 847
584 772
584 797
584 822
589 742
594 692
594 717
594 1065
604 662
616 640
619 1065
629 617
641 595
644 1065
654 557
664 532
669 1065
674 477
674 502
679 447
684 422
689 367
689 392
694 322
694 1060
716 309
719 1060
741 314
742 1049
745 445
745 470
745 495
745 520
745 545
745 570
745 595
750 420
750 620
750 975
750 1000
750 1025
755 645
755 940
760 385
760 670
760 695
760 720
760 745
760 770
760 795
760 820
760 845
760 870
760 895
765 360
766 319
