269 1232
269 1257
274 1282
284 1207
284 1305
284 1330
299 1350
304 1192
319 1167
324 1345
331 1145
346 1125
349 1345
359 927
364 952
364 1107
374 975
374 1340
381 999
382 1089
383 919
384 1024
386 1049
399 1340
408 919
424 1337
432 909
449 1335
457 909
474 1330
482 909
499 1325
507 909
524 1325
532 909
547 1335
552 924
569 1347
572 939
590 957
591 1360
614 966
615 1367
637 1379
638 975
658 990
660 1390
678 1005
681 1404
703 1009
706 1410
728 1004
730 1400
753 999
755 1395
778 994
780 1390
803 989
805 1385
828 989
830 1385
853 984
855 1385
878 979
880 1385
903 974
905 1380
928 969
930 1380
953 964
955 1380
978 959
980 1375
1001 949
1005 1370
1025 941
1030 1370
1049 934
1055 1372
1070 948
1077 1385
1090 964
1099 1397
1110 979
1119 1412
1130 994
1143 1420
1150 1009
1165 1029
1166 1430
1188 1039
1191 1430
1213 1034
1214 1420
1238 1034
1239 1415
1263 1029
1263 1408
1287 1400
1288 1029
1310 1285
1312 1019
1312 1395
1317 1309
1329 1267
1329 1331
1337 1019
1337 1355
1337 1390
1347 1249
1362 1014
1365 1230
1378 1208
1387 1019
1390 1180
1395 1043
1400 1068
1403 1158
1405 1093
1410 1118
