294 1217
294 1242
299 1267
299 1292
306 1195
309 1315
321 1175
324 1335
334 1147
349 1122
349 1330
369 1107
374 1327
387 1089
389 942
389 967
389 992
394 1017
394 1042
399 1325
411 929
424 1325
436 929
449 1325
461 929
474 1320
486 929
499 1317
511 929
524 1315
536 929
539 1335
556 1354
561 934
576 1369
583 946
596 1384
605 958
619 1395
630 964
644 1400
653 974
667 1410
675 987
690 1420
695 1002
715 1420
719 1009
738 1410
744 1004
761 1400
769 1004
785 1390
794 999
810 1390
819 994
835 1385
844 994
860 1380
869 989
883 1370
894 984
908 1365
919 979
933 1365
944 977
958 1365
968 969
983 1358
993 964
1008 1355
1016 954
1033 1355
1041 949
1053 1370
1066 949
1076 1380
1091 954
1101 1385
1115 962
1124 1395
1137 974
1147 1405
1152 994
1170 1415
1172 1009
1192 1024
1193 1425
1215 1034
1218 1425
1235 1049
1243 1425
1260 1049
1268 1425
1284 1042
1293 1425
1309 1039
1318 1425
1334 1032
1343 1425
1345 1280
1347 1305
1358 1024
1359 1327
1364 1262
1365 1352
1365 1377
1365 1402
1379 1242
1383 1024
1397 1224
1406 1034
1409 1202
1410 1059
1415 1084
1425 1107
1425 1180
1430 1132
