204 422
204 447
209 487
216 400
224 507
229 377
246 520
247 359
265 537
269 347
290 540
293 339
304 572
304 597
309 622
310 525
318 334
319 645
330 668
341 324
354 267
354 675
359 232
364 290
374 690
377 214
395 196
397 700
419 189
419 712
434 1492
439 1517
441 175
443 720
446 1470
451 1539
466 174
466 1455
468 725
474 1550
486 1440
490 182
490 737
494 762
496 1563
499 787
511 1444
515 184
517 805
518 1575
529 827
536 1444
540 179
543 1580
547 845
561 1449
565 182
565 863
568 1580
584 880
586 1444
589 189
593 1575
601 899
611 1440
612 179
618 1573
619 1397
624 910
624 1372
636 1350
637 184
643 1568
646 923
649 1327
660 194
660 290
661 1305
664 941
665 1555
670 313
674 1052
674 1077
675 214
675 260
675 338
676 1285
679 961
680 363
680 420
680 1495
680 1520
685 237
685 388
687 444
689 1097
689 1252
690 610
690 635
692 1034
693 1473
697 979
699 1120
700 466
700 560
701 1230
705 585
705 1445
710 489
710 514
711 649
714 1022
714 1202
715 1420
717 994
719 1135
726 1180
728 1398
734 1155
736 644
737 1374
749 1352
758 1328
759 442
761 644
769 465
770 1295
780 1270
781 429
785 636
786 484
795 1245
805 421
808 1223
809 629
811 490
814 372
814 397
815 1185
819 327
829 297
831 615
834 517
836 490
838 1175
841 275
846 539
846 595
854 1552
856 255
859 561
859 1577
861 1165
872 1534
877 1595
879 242
886 1170
887 1514
899 1607
901 229
910 1504
911 1170
914 1627
926 224
933 1494
934 1180
936 1640
949 212
958 1489
959 1185
961 1645
969 1208
973 204
974 1233
975 1258
978 1474
979 1283
984 1308
986 1640
989 1333
989 1358
993 1454
994 1383
998 204
999 1408
1010 1155
1011 1635
1020 1178
1023 209
1025 1130
1025 1203
1030 1228
1031 1620
1035 1253
1040 1278
1040 1303
1045 1328
1046 219
1050 1130
1051 1605
1054 1352
1060 1377
1060 1402
1065 1055
1065 1427
1065 1452
1065 1580
1070 227
1070 1477
1070 1502
1070 1555
1073 1118
1075 1078
1075 1527
1090 242
1090 1050
1108 260
1115 1050
1124 1462
1124 1487
1128 275
1134 1510
1140 1052
1143 295
1144 1447
1144 1533
1145 425
1145 540
1150 319
1150 395
1152 564
1155 344
1155 448
1157 1555
1160 369
1160 520
1165 1055
1166 1435
1170 468
1175 574
1177 1570
1179 502
1189 1424
1190 1050
1191 524
1199 487
1200 569
1202 1564
1204 1402
1206 544
1214 1372
1215 1045
1219 472
1223 1550
1224 1337
1225 564
1229 357
1229 382
1229 1072
1229 1097
1229 1312
1234 407
1234 432
1239 312
1239 1282
1240 1040
1243 1533
1249 1257
1253 1105
1259 282
1259 1227
1261 1515
1265 1385
1267 1410
1269 1197
1271 260
1275 1350
1276 1495
1278 1105
1279 1167
1279 1432
1280 1325
1285 1300
1285 1457
1289 242
1289 1128
1295 1265
1305 1230
1311 229
1315 1200
1325 1170
1334 217
1335 1145
1354 1127
1359 214
1376 1115
1384 209
1401 1115
1409 214
1424 1105
1434 219
1444 1120
1444 1482
1444 1507
1444 1532
1457 229
1459 1552
1462 1464
1469 1120
1477 244
1481 1564
1487 1459
1490 266
1494 1125
1500 289
1501 1579
1505 895
1507 1444
1510 312
1512 919
1516 1138
1522 334
1524 877
1524 1162
1525 1570
1527 939
1527 1429
1529 1187
1529 1212
1529 1237
1529 1262
1529 1287
1535 356
1535 450
1539 1310
1539 1335
1539 1360
1540 381
1542 859
1542 959
1545 406
1545 473
1545 565
1547 590
1547 1414
1549 1383
1550 535
1550 1575
1554 837
1560 493
1562 610
1565 810
1565 969
1570 516
1570 785
1575 1575
1577 630
1585 1045
1585 1070
1585 1095
1585 1120
1590 969
1590 1145
1592 650
1595 785
1595 1015
1595 1560
1600 1168
1605 672
1605 989
1605 1193
1610 1218
1614 1047
1614 1072
1614 1097
1614 1122
1615 1243
1615 1268
1615 1293
1615 1318
1615 1343
1615 1368
1616 799
1617 694
1618 1548
1624 1145
1624 1392
1626 1025
1632 714
1633 1416
1635 1001
1638 1533
1639 810
1639 1165
1640 1440
1650 732
1650 1463
1650 1500
1654 984
1656 829
1662 1175
1665 752
1669 851
1676 970
1677 774
1684 871
1684 896
1684 921
1687 1175
1689 946
1695 792
1710 812
1712 1170
1722 834
1734 856
1735 1160
1740 881
1747 905
1750 930
1750 1140
1752 955
1764 977
1765 1115
1770 1002
1774 1027
1775 1055
1775 1080
