249 497
249 522
249 547
254 572
264 472
264 595
264 620
281 639
282 454
294 432
304 650
312 414
329 655
332 399
334 977
339 1002
344 947
351 1024
354 387
354 655
354 862
354 887
354 912
369 767
369 842
371 1040
374 1072
374 1097
376 375
379 652
379 790
379 1122
384 747
389 827
394 1142
399 362
399 722
403 643
414 692
414 1157
418 623
419 347
426 670
429 1177
437 329
439 647
439 1200
441 613
449 307
450 1223
464 287
469 1240
484 267
491 1253
502 249
509 1557
516 1255
519 1580
524 1537
526 240
529 1277
530 1603
548 1529
549 229
549 1292
552 1615
569 212
573 1300
573 1524
577 1615
584 192
595 1511
598 1300
602 1620
604 177
615 1496
623 1295
624 1632
628 169
635 1481
644 1647
648 1295
653 169
654 1462
659 1318
664 1357
664 1382
666 1659
669 1407
669 1432
678 174
691 1660
700 187
715 207
716 1660
725 230
725 255
725 695
730 720
737 744
741 1655
744 272
745 680
760 292
760 660
762 739
765 625
766 1650
768 316
778 603
780 721
790 328
790 580
791 1645
792 699
795 520
800 360
800 385
800 450
802 544
804 677
805 420
805 475
805 1340
805 1365
805 1390
805 1415
810 1280
810 1305
810 1440
810 1465
812 1490
813 1633
815 1255
819 652
820 1514
828 1233
830 1537
833 1618
834 632
835 1562
840 1587
846 610
853 1235
859 582
869 557
876 1245
881 535
896 515
899 1255
911 495
921 1268
929 477
945 1275
949 462
969 447
970 1280
993 439
995 1285
1004 1542
1009 1567
1018 434
1019 1522
1020 1285
1027 1585
1039 1507
1043 439
1045 1290
1045 1603
1057 1489
1066 449
1070 1285
1070 1605
1075 1471
1089 459
1089 1447
1095 1280
1095 1605
1104 1422
1110 473
1114 1297
1114 1322
1114 1362
1114 1387
1120 496
1120 1605
1130 519
1140 650
1141 1619
1145 539
1147 674
1150 564
1150 589
1150 614
1166 1625
1172 669
1189 647
1191 1625
1204 627
1216 1625
1222 609
1241 1620
1242 594
1264 582
1266 1615
1286 569
1290 1365
1290 1390
1290 1415
1290 1440
1291 1610
1292 1465
1300 1330
1304 1487
1309 1512
1311 564
1313 1308
1313 1598
1318 1536
1318 1573
1325 1285
1335 572
1340 1265
1355 587
1355 1245
1370 607
1374 1227
1382 629
1389 1207
1397 649
1404 1187
1412 669
1422 1169
1425 691
1437 1149
1439 712
1450 735
1450 1125
1460 758
1463 1103
1464 1312
1464 1337
1469 1362
1472 780
1474 1277
1484 802
1484 1117
1484 1142
1484 1382
1489 1167
1489 1252
1494 1192
1494 1217
1494 1405
1499 822
1510 845
1514 1420
1520 868
1529 892
1535 917
1535 1150
1535 1175
1535 1200
1539 1425
1540 942
1540 967
1540 995
1540 1025
1540 1050
1540 1075
1540 1100
1540 1125
1540 1225
1540 1250
1554 1271
1560 1410
1569 1291
1570 1360
1570 1385
1575 1316
