269 432
274 457
284 412
294 472
299 382
309 337
316 485
329 322
335 502
349 307
353 520
373 299
378 525
389 1617
398 294
401 1639
403 525
404 1597
416 1659
419 607
422 1579
423 289
428 520
429 647
429 672
431 585
434 707
434 1677
439 732
439 757
439 782
444 562
444 822
444 847
446 1570
448 284
451 510
459 542
459 1680
462 865
463 264
464 892
469 917
469 1559
474 217
476 508
484 937
484 962
484 1675
489 1542
492 199
494 985
507 179
507 1524
507 1665
514 1000
525 1506
529 167
532 1660
539 1005
539 1477
554 171
554 1452
557 1655
564 1005
572 1434
578 164
579 1025
582 1655
590 1048
590 1416
598 149
599 1387
602 1639
604 1342
605 1605
612 1060
615 1580
616 1320
621 159
625 1555
629 1292
635 1525
636 179
637 1055
639 1257
645 1495
649 1232
655 1465
659 189
662 1055
664 1207
665 1425
679 1187
682 1070
684 189
684 1407
694 1167
699 1387
703 206
707 1075
709 1142
710 570
715 228
715 253
717 1369
720 593
721 1120
725 655
726 1095
730 616
732 679
733 558
735 460
735 1330
737 265
740 290
740 370
740 485
740 1305
744 701
745 510
745 535
747 314
754 391
755 338
755 440
755 1285
768 1263
769 699
780 1235
789 1277
793 706
795 1215
799 1300
801 1255
806 1324
818 709
826 1339
838 694
844 1357
844 1382
849 1407
858 679
859 1430
864 1455
869 1480
869 1522
873 659
881 1544
885 636
890 1130
890 1155
890 1180
892 1205
900 1229
904 619
906 1545
915 1125
920 1490
920 1515
923 1240
925 1405
925 1430
925 1455
926 605
930 1355
930 1380
935 1290
935 1315
938 1260
939 582
940 1127
949 1497
949 1522
954 1417
954 1442
954 1467
957 564
959 1382
965 1125
967 1540
972 544
974 1302
974 1357
979 1327
989 1277
990 1125
992 529
992 1539
1000 1510
1001 1255
1013 1488
1014 517
1015 1130
1019 1237
1022 1464
1029 1212
1034 502
1034 1442
1039 1187
1040 1130
1040 1415
1050 1385
1051 1165
1059 499
1060 1360
1075 1340
1080 513
1085 538
1090 1315
1103 1293
1105 1250
1107 524
1115 1220
1128 1198
1132 519
1140 1170
1157 519
1164 1177
1174 1200
1182 524
1184 1223
1184 1607
1194 1246
1194 1630
1202 1589
1204 1269
1204 1294
1205 534
1209 1319
1211 1649
1219 1342
1220 1571
1225 549
1234 1660
1237 1360
1242 1559
1245 564
1254 1379
1259 1404
1259 1665
1265 579
1267 1554
1269 1427
1275 1095
1275 1120
1279 1450
1280 599
1280 1145
1284 1475
1284 1660
1285 624
1285 1170
1285 1195
1285 1220
1289 1500
1289 1542
1290 649
1290 1075
1292 1244
1299 1102
1303 671
1307 1264
1308 1210
1309 1057
1309 1660
1310 695
1314 1082
1320 718
1320 1286
1323 1230
1324 1037
1329 742
1333 1064
1334 1307
1334 1655
1335 1332
1335 1370
1335 1395
1342 1019
1342 1419
1343 1245
1344 762
1350 1443
1355 785
1355 1468
1356 1054
1357 1645
1359 1000
1360 1493
1363 1260
1365 1518
1369 806
1374 1542
1379 1632
1380 829
1380 1240
1380 1567
1384 1592
1393 851
1404 1232
1408 871
1420 893
1420 1055
1420 1210
1425 918
1427 1079
1430 943
1433 1033
1433 1188
1435 968
1435 993
1435 1103
1440 1128
1440 1155
