419 772
424 797
429 822
429 847
434 872
437 754
439 897
444 922
454 945
462 749
469 965
484 737
494 970
508 729
519 965
533 724
542 955
558 724
560 935
583 724
583 925
608 724
608 920
633 724
633 920
658 724
658 920
670 701
683 920
692 689
708 920
712 674
733 920
736 665
751 938
761 659
773 950
784 669
798 950
804 637
816 615
823 948
834 597
847 939
856 584
868 925
881 584
893 920
906 584
918 920
931 584
943 915
956 584
968 913
981 584
993 910
1006 584
1018 905
1031 584
1043 905
1055 592
1068 905
1070 612
1070 637
1075 662
1080 687
1086 923
1099 704
1110 930
1122 714
1135 930
1147 719
1160 925
1172 724
1179 907
1190 875
1197 724
1214 867
1222 729
1229 847
1237 749
1240 820
1259 761
1259 802
