434 727
444 697
449 747
454 817
454 842
459 770
459 867
464 682
481 880
486 669
499 898
507 654
512 920
532 649
536 928
557 644
560 935
582 644
585 940
607 639
610 940
620 905
632 634
645 905
657 634
670 905
682 629
695 905
697 609
720 599
720 905
745 599
745 905
766 585
770 905
789 574
795 905
814 579
820 905
837 589
845 900
860 875
862 589
869 537
869 562
869 907
874 932
879 512
886 954
894 487
911 960
918 479
935 950
943 479
954 932
965 905
968 484
975 875
993 484
1000 875
1018 484
1025 875
1043 484
1050 875
1068 484
1075 875
1093 485
1100 875
1118 489
1125 875
1141 499
1150 870
1160 516
1170 539
1175 564
1175 870
1180 589
1195 609
1198 880
1204 905
1220 614
1224 920
1245 619
1249 917
1269 902
1270 622
1284 882
1295 624
1295 835
1319 827
1320 624
1339 812
1345 624
1355 790
1365 755
1369 631
1370 725
1384 651
1390 676
1390 710
