449 702
449 727
454 752
454 822
454 847
459 777
464 682
464 870
481 889
486 670
501 904
510 661
519 922
534 652
541 935
556 640
566 935
579 629
591 935
602 619
616 930
627 614
630 905
652 614
655 905
677 614
680 905
699 602
705 905
721 589
730 905
746 585
755 905
766 569
780 905
789 559
805 905
814 559
830 905
835 573
855 900
859 517
859 542
874 497
878 888
889 477
889 911
899 934
911 464
922 945
932 449
947 950
957 449
972 945
982 449
994 932
1007 449
1014 917
1026 895
1032 449
1041 875
1057 449
1066 875
1082 449
1091 875
1107 449
1116 875
1132 449
1141 875
1157 454
1166 875
1172 474
1187 494
1191 875
1200 516
1200 541
1200 566
1214 587
1216 875
1234 602
1239 885
1256 614
1264 890
1279 624
1289 890
1304 624
1314 890
1329 624
1335 870
1350 840
1354 624
1355 805
1378 795
1379 624
1392 774
1400 735
1404 626
1405 700
1415 649
1415 674
