544 1012
559 987
564 1027
571 965
584 937
584 1012
606 924
608 1005
619 1028
630 932
634 1048
634 1073
639 1262
644 1096
649 1237
654 941
654 1119
654 1144
654 1169
654 1194
661 1275
672 959
686 1270
690 977
700 1135
700 1160
700 1185
700 1210
700 1235
708 995
725 1130
732 1004
750 1130
757 1004
775 1135
782 1004
800 1135
807 1009
825 1135
832 1009
848 1145
849 1170
849 1195
849 1220
849 1245
856 1269
857 1009
881 1275
882 1014
904 1026
906 1280
921 1260
928 1034
930 1145
930 1170
930 1195
930 1220
945 1053
945 1078
950 1103
955 1145
975 1104
980 1145
999 1162
999 1187
1000 1104
1004 1212
1004 1237
1014 1260
1025 1104
1029 1280
1046 1090
1046 1299
1064 1017
1064 1042
1064 1067
1069 1310
1076 995
1094 1305
1096 980
1099 892
1104 917
1113 1288
1114 867
1114 940
1122 1264
1130 1240
1138 859
1140 1155
1140 1180
1140 1205
1150 881
1155 906
1162 930
1163 1145
1175 952
1175 977
1185 1000
1188 1150
1195 1023
1205 1046
1208 1165
1210 1071
1219 1188
1228 1089
1232 1210
1252 1079
1257 1215
1264 1057
1276 1035
1282 1215
1285 1011
1299 987
1307 1215
1321 975
1332 1220
1346 974
1350 1238
1352 949
1365 1258
1372 934
1379 1279
1397 939
1399 1295
1417 954
1422 1305
1432 974
1447 1310
1455 984
1472 1310
1480 984
1497 1310
1505 984
1520 1004
1522 1305
1525 1029
1525 1054
1530 1079
1530 1104
1542 1289
1543 1126
1554 1267
1561 1144
1565 1240
1575 1165
1575 1190
1575 1215
