299 997
309 967
317 1015
324 942
342 1015
344 927
362 909
364 1002
364 1237
364 1262
369 1207
374 1182
376 1284
384 1157
386 990
387 914
396 1135
399 1012
400 1275
404 1037
407 929
409 1062
409 1087
409 1112
413 1253
420 1215
425 1185
427 944
435 1160
447 959
458 1148
467 974
482 994
482 1139
505 1004
507 1135
530 1004
532 1135
555 1004
557 1135
580 1004
582 1140
594 1222
600 1158
604 1183
605 1004
606 1244
630 1004
631 1250
645 1220
650 1170
650 1195
655 1009
670 1155
680 1014
695 1155
700 1029
713 1051
718 1165
720 1075
727 1099
729 1188
734 1213
744 1236
752 1104
756 1258
775 1094
778 1270
799 1087
803 1275
819 1027
819 1052
828 1280
829 1002
849 987
853 1285
864 892
864 917
864 942
864 967
875 1270
876 870
894 1252
900 877
906 1230
912 899
915 1200
920 923
930 946
940 1200
944 967
953 991
955 1016
955 1041
955 1066
965 1200
973 1084
990 1195
998 1079
1006 1055
1015 1195
1021 1035
1040 1195
1044 1024
1065 1200
1067 1014
1087 999
1088 1210
1106 1228
1111 990
1118 1250
1126 1274
1129 952
1144 932
1144 1292
1166 1305
1169 936
1184 956
1187 1319
1200 976
1212 1325
1214 997
1236 1009
1237 1330
1261 1009
1262 1330
1279 1027
1280 1052
1280 1077
1284 1317
1285 1102
1295 1290
1297 1124
1310 1265
1319 1136
1325 1240
1330 1159
1330 1215
1335 1184
