529 1002
547 984
551 1015
564 962
576 1020
584 947
599 1010
602 929
624 1005
627 924
635 1028
644 1052
647 939
649 1197
649 1222
649 1247
654 1272
656 1074
659 1157
664 1098
664 1123
667 954
679 1275
687 969
695 1255
705 1215
710 979
710 1175
725 1155
733 989
750 1155
756 999
775 1155
780 1007
800 1155
802 1019
825 1155
827 1019
850 1155
852 1019
875 1029
875 1155
899 1162
899 1187
900 1034
904 1212
904 1237
904 1262
914 1285
925 1037
935 1060
935 1085
939 1287
951 1265
960 1084
965 1235
970 1165
970 1190
985 1084
995 1165
1010 1084
1014 1182
1014 1207
1014 1232
1024 1255
1035 1079
1035 1278
1050 1298
1054 1052
1064 1022
1069 1315
1079 1002
1092 1325
1099 987
1117 1330
1121 975
1134 897
1134 922
1134 947
1142 1330
1152 879
1165 1320
1175 889
1178 1298
1180 1265
1185 1220
1194 906
1195 931
1195 956
1195 981
1195 1006
1200 1031
1208 1210
1210 1054
1215 1079
1225 1102
1233 1210
1250 1104
1258 1210
1274 1097
1283 1210
1294 1062
1299 1037
1308 1210
1311 1015
1329 927
1333 1210
1334 952
1334 1004
1339 977
1351 914
1358 1210
1376 914
1383 1215
1401 914
1401 1233
1409 1257
1421 1279
1423 926
1435 948
1439 1297
1447 970
1461 1309
1469 982
1484 1320
1493 989
1509 1325
1518 989
1534 1325
1540 1001
1550 1024
1555 1049
1555 1074
1559 1325
1574 1091
1580 1310
1585 1114
1593 1288
1595 1137
1602 1264
1607 1159
1610 1184
1610 1209
1610 1234
