494 1027
506 1005
512 1045
519 977
534 952
534 1032
552 934
556 1020
577 934
580 1027
589 1051
599 1152
599 1177
599 1202
599 1227
601 1073
602 939
609 1127
611 1249
613 1095
624 951
634 1260
644 966
654 1275
662 984
668 1253
670 1155
670 1180
670 1205
682 999
685 1135
707 999
710 1130
731 990
735 1130
756 984
760 1130
781 979
785 1130
806 974
810 1130
831 974
835 1132
844 1272
849 1247
850 1152
856 974
856 1294
859 1176
859 1201
876 989
881 1295
894 1007
895 1145
895 1170
895 1195
899 1277
900 1220
903 1031
905 1245
910 1055
917 1079
920 1145
942 1079
943 1155
966 1165
967 1074
974 1189
974 1214
974 1239
981 1263
992 1074
1001 1278
1014 1012
1014 1037
1017 1074
1025 1285
1032 994
1049 892
1050 1290
1054 917
1055 984
1064 872
1066 939
1074 1297
1082 854
1099 1300
1107 854
1120 1285
1127 869
1130 894
1130 919
1130 944
1130 969
1130 994
1130 1019
1130 1044
1130 1210
1130 1235
1130 1260
1135 1069
1155 1084
1155 1210
1180 1084
1180 1210
1205 1084
1205 1210
1214 1057
1226 1035
1230 1212
1244 1017
1255 1215
1266 1004
1280 1215
1289 922
1289 994
1294 947
1304 1222
1307 904
1322 1240
1332 904
1334 1262
1344 1285
1357 909
1364 1300
1375 927
1380 952
1387 1310
1392 974
1412 1315
1417 979
1437 1320
1442 979
1462 1320
1464 991
1479 1011
1480 1036
1480 1061
1480 1086
1487 1314
1503 1096
1507 1299
1523 1111
1525 1275
1540 1255
1541 1129
1553 1233
1556 1149
1565 1205
1568 1171
