94 392
99 507
99 532
109 317
109 372
111 485
114 342
118 399
120 461
124 432
124 507
133 379
136 485
138 349
148 440
156 470
157 370
162 339
173 444
174 287
174 312
174 412
179 257
179 480
202 490
203 249
218 229
220 508
224 132
224 157
229 182
239 112
240 523
257 94
262 535
279 82
287 540
301 70
310 550
326 64
333 560
351 64
358 565
376 69
380 295
383 570
387 319
396 84
403 283
407 334
408 570
411 104
423 126
423 268
425 352
431 560
435 148
440 372
441 250
450 168
453 228
453 548
455 193
459 389
477 540
484 394
497 525
505 408
522 530
527 420
534 552
552 424
559 552
576 431
578 535
600 520
601 434
605 459
605 485
