189 517
189 542
189 567
194 592
194 617
194 642
199 667
201 495
204 317
204 342
204 367
204 692
214 715
216 389
216 475
219 297
219 740
219 765
224 790
231 409
231 814
236 460
239 282
246 834
249 427
259 917
259 942
261 269
264 967
266 849
269 992
269 1042
269 1067
271 895
279 1015
286 264
287 1085
311 264
312 1089
336 269
337 1095
361 274
362 1095
381 289
385 995
387 1095
395 970
399 307
399 1016
400 435
400 460
405 945
410 330
410 355
410 380
410 410
410 920
412 1090
414 481
420 895
421 1029
425 504
430 529
430 570
430 825
432 595
432 850
435 1080
440 619
446 1034
449 807
450 642
450 775
455 667
458 1068
463 691
468 716
469 757
