199 517
199 542
204 567
209 592
211 495
214 317
214 342
214 367
214 617
214 642
224 665
224 707
226 389
226 475
229 297
229 732
234 757
239 782
241 409
244 807
246 460
247 279
254 830
259 427
259 932
259 957
269 267
269 907
269 980
269 1042
269 1067
274 845
276 1004
279 870
287 1085
293 259
312 1089
318 260
337 1095
343 264
362 1095
366 274
387 1095
388 286
390 1005
400 970
405 450
405 945
406 304
409 1022
410 900
412 1090
415 415
415 473
420 325
420 360
420 385
423 878
425 830
429 1037
430 493
430 518
435 570
435 1080
439 542
440 595
445 815
450 618
453 1044
459 642
460 780
460 1075
468 666
477 690
480 765
492 710
499 747
