189 517
189 542
189 567
194 627
199 590
199 652
201 495
204 322
204 347
204 677
209 372
214 700
216 300
216 475
219 725
219 750
221 394
224 775
229 800
234 282
236 414
239 462
240 823
249 436
256 269
259 840
259 927
259 952
264 977
269 897
269 1047
274 860
274 1000
274 1072
281 264
296 1085
306 264
321 1090
331 269
346 1095
356 274
371 1095
378 286
390 985
395 450
396 304
396 1095
397 1009
400 960
405 420
405 473
408 326
410 351
410 376
410 930
415 905
417 1024
420 493
420 1085
425 518
430 570
430 825
430 880
432 595
434 542
435 850
442 1029
443 1075
444 617
449 807
450 642
450 780
455 667
464 1041
465 690
469 762
470 715
