189 522
194 547
194 572
201 500
204 595
204 620
204 645
209 317
209 342
209 367
209 670
216 480
219 390
219 693
219 718
219 743
224 297
225 768
234 792
236 409
236 465
239 817
242 279
249 431
254 837
259 922
259 947
264 267
264 972
269 897
269 1047
272 855
274 995
274 1072
279 1020
289 264
296 1085
314 264
321 1090
339 266
346 1095
363 275
371 1095
384 289
395 990
396 1095
400 445
402 1014
403 306
405 470
405 960
410 415
415 328
415 353
415 378
415 905
415 930
420 490
421 1090
422 1029
425 515
428 883
430 575
430 825
430 850
432 539
437 599
442 1044
444 1080
449 621
450 810
455 646
455 780
462 670
465 1054
470 694
474 762
480 717
