494 1037
506 1015
506 1059
514 827
514 852
514 877
514 902
514 927
524 792
529 1004
529 1070
532 945
534 762
544 732
550 1018
554 707
554 1070
555 955
555 1043
566 685
578 965
579 657
579 1070
586 1045
597 639
603 970
604 1070
611 1039
615 621
628 970
629 1065
635 606
636 1034
653 970
654 1060
655 591
659 1022
677 579
678 970
679 1007
679 1055
702 574
704 1052
725 564
729 1050
750 559
754 1045
775 556
779 1040
799 437
800 554
804 1035
809 460
819 422
825 551
829 475
829 1030
843 414
849 542
854 475
854 1025
864 522
868 409
869 495
879 1020
893 404
904 1020
905 450
905 505
905 530
918 404
922 469
926 544
927 1009
928 438
928 494
935 965
951 544
960 960
976 544
985 960
1001 544
1010 960
1026 544
1035 960
1051 544
1060 960
1076 539
1085 960
1095 630
1101 539
1109 651
1110 955
1123 630
1124 671
1126 539
1135 950
1146 554
1148 625
1149 674
1158 576
1160 945
1167 600
1174 674
1175 825
1182 849
1183 935
1195 810
1199 674
1205 839
1208 930
1218 800
1224 674
1228 850
1230 875
1231 920
1241 790
1249 674
1263 778
1274 674
1283 763
1299 669
1305 750
1324 667
1325 735
1349 662
1349 727
1369 712
1373 654
1391 700
1398 649
1415 690
1423 644
1440 685
1448 644
1459 667
