509 972
509 997
514 1022
524 1045
531 959
549 697
549 722
549 747
549 772
549 797
549 822
549 847
549 872
549 1050
556 954
559 667
561 894
569 642
574 916
574 972
574 1050
581 620
586 938
593 989
599 602
599 1050
606 953
617 584
618 989
624 1045
631 950
639 572
643 989
649 1042
656 950
661 559
673 1035
682 544
698 1030
705 534
723 1025
730 529
748 1020
753 519
773 1015
778 519
789 382
798 1010
799 405
803 514
809 367
821 1000
824 410
828 509
834 364
846 995
849 410
853 504
854 435
859 359
871 454
871 990
878 509
884 354
884 476
896 985
900 435
909 354
910 460
910 485
916 970
925 430
934 354
934 494
939 960
945 415
953 371
959 499
964 960
984 499
989 960
1009 499
1014 960
1034 504
1039 960
1059 504
1064 955
1084 509
1089 952
1090 605
1109 514
1111 619
1114 947
1124 597
1133 521
1136 619
1138 940
1140 545
1142 579
1161 619
1163 933
1165 790
1172 814
1184 772
1186 619
1187 925
1197 819
1206 760
1211 619
1212 919
1219 831
1229 750
1234 907
1236 619
1237 849
1240 874
1252 740
1261 619
1275 730
1286 619
1298 718
1311 619
1320 705
1336 619
1344 697
1361 619
1366 685
1386 619
1389 675
1411 619
1414 670
1435 655
1436 624
