404 862
404 887
404 912
404 937
414 827
414 960
424 802
437 970
439 777
454 752
454 1067
462 975
466 1045
469 727
472 1085
487 709
487 975
491 1044
497 1085
502 689
512 980
520 671
522 1079
537 980
540 656
542 1064
556 1085
560 641
562 985
567 1059
581 1085
582 629
587 985
592 1054
604 617
606 1085
612 990
617 1049
628 609
631 1080
637 990
639 1037
653 609
656 1080
659 1002
678 609
681 1075
703 609
706 1070
728 609
731 1065
753 609
756 1065
774 477
774 502
778 609
781 1065
789 522
792 459
803 609
806 1060
814 525
817 459
819 550
828 609
831 1060
839 565
842 459
856 1055
867 459
875 500
880 525
880 550
881 1050
892 459
897 569
899 492
905 1040
915 469
922 569
930 1035
945 975
945 1000
947 569
970 970
972 569
995 970
997 574
1020 584
1020 965
1043 595
1045 965
1068 599
1070 960
1093 599
1095 660
1095 685
1095 955
1115 850
1115 875
1118 604
1119 694
1120 655
1120 950
1139 842
1140 879
1143 604
1144 694
1145 655
1145 950
1163 835
1163 890
1164 932
1168 610
1169 647
1169 689
1187 629
1188 830
1194 682
1213 830
1219 679
1238 825
1244 674
1263 820
1269 674
1288 815
1294 669
1311 805
1319 669
1335 795
1344 664
1358 785
1369 664
1381 775
1394 664
1403 763
1419 664
1425 750
1444 664
1448 738
1469 659
1472 729
1493 715
1494 652
1516 705
1518 644
1540 695
1543 644
1565 690
1568 644
1588 678
