4 937
4 967
9 992
14 912
19 1187
19 1212
19 1237
24 877
24 1262
29 1132
29 1157
29 1287
31 1005
34 1312
39 1092
39 1337
42 859
49 1360
51 1070
56 1000
57 839
59 1042
59 1383
69 1406
72 819
74 1018
78 988
84 1426
92 804
99 1446
100 970
112 789
114 1466
132 1484
134 777
152 1499
158 769
176 1508
180 756
198 1520
204 749
213 1540
227 739
238 1545
244 687
244 712
254 652
260 1557
266 630
279 602
285 1560
303 594
310 1560
328 594
335 1565
353 599
360 1560
378 599
385 1555
403 604
410 1550
426 614
435 1545
441 634
449 602
454 567
459 1537
469 547
481 1525
484 522
502 504
504 1515
522 489
523 1498
542 474
543 1483
549 432
563 1468
573 424
578 1448
596 414
597 1465
609 1487
621 419
621 1509
634 1531
640 450
649 1551
664 457
667 1569
687 1585
689 454
707 1600
714 454
729 1612
739 449
751 1624
764 449
775 1632
789 449
795 1647
814 449
819 1655
839 449
844 1660
864 449
869 1660
889 449
894 1660
914 449
919 1660
939 449
944 1655
964 449
969 1650
989 449
993 1643
1014 449
1015 1630
1038 1618
1039 449
1062 1609
1064 449
1082 1594
1089 449
1103 1580
1114 449
1123 1565
1139 449
1140 1545
1155 1525
1164 449
1174 1507
1189 449
1190 1485
1203 1463
1214 172
1214 449
1215 1430
1219 197
1228 1408
1234 157
1239 449
1240 1385
1244 200
1245 1360
1250 1335
1256 144
1264 444
1269 200
1273 1325
1280 136
1289 444
1294 200
1298 1325
1304 129
1314 444
1319 200
1319 412
1323 1323
1327 119
1338 435
1344 200
1344 409
1348 1318
1352 114
1360 1265
1365 423
1368 1303
1369 200
1377 109
1379 444
1383 1275
1389 215
1394 287
1399 238
1399 317
1399 342
1399 367
1399 392
1399 417
1402 104
1408 1280
1426 95
1432 1289
1451 90
1455 1300
1476 84
1480 1300
1501 79
1505 1305
1526 74
1530 1305
1551 69
1555 1307
1576 65
1580 1310
1601 64
1605 1310
1626 59
1630 1310
1651 54
1655 1310
1676 50
1680 1310
1701 49
1705 1315
1726 49
1730 1315
1751 44
1755 1310
1776 44
1780 1310
1801 39
1805 1310
1826 35
1830 1305
1851 34
1855 1305
1876 34
1880 1305
1901 29
1905 1305
1926 29
1930 1305
1951 24
1953 1315
1975 1300
1976 24
2000 1300
2001 19
2025 1300
2026 24
2050 1300
2051 19
2075 1300
2076 19
2100 1300
2101 19
2125 1295
2126 14
2150 1295
2151 14
2175 1295
2176 14
2200 1295
2201 14
2225 1295
2226 14
2250 1290
2251 9
2275 1290
2276 9
2300 1290
2301 9
2320 1305
2326 9
2339 1322
2351 9
2354 1342
2369 1362
2376 9
2381 1384
2401 9
2404 1395
2421 1414
2426 9
2444 1425
2451 9
2467 1435
2476 9
2490 1445
2501 9
2513 1455
2526 9
2538 1455
2551 4
2563 1460
2576 4
2588 1460
2601 4
2613 1460
2626 4
2638 1455
2651 4
2663 1450
2676 4
2688 1443
2701 4
2710 1430
2726 4
2730 1415
2751 4
2753 1403
2773 1388
2776 4
2790 1365
2801 4
2809 1347
2818 1323
2826 5
2830 1300
2851 4
2855 1295
2876 9
2880 1300
2901 9
2905 1295
2926 9
2930 1295
2951 9
2955 1295
2969 1316
2976 4
2977 1340
2986 1364
2995 1388
3001 9
3009 1409
3023 1430
3026 9
3038 1450
3051 9
3053 1470
3073 1485
3076 9
3094 1499
3101 9
3114 1515
3126 9
3134 1530
3151 9
3159 1530
3176 9
3182 1540
3201 14
3207 1545
3226 14
3232 1545
3251 14
3257 1545
3276 14
3282 1545
3301 14
3307 1540
3326 19
3332 1535
3351 19
3355 1525
3376 19
3378 1515
3398 1500
3401 24
3418 1485
3426 19
3438 1470
3451 24
3455 1450
3474 1432
3476 24
3486 1410
3500 1380
3501 24
3515 1360
3520 1335
3526 29
3535 1285
3535 1310
3550 1265
3551 34
3575 42
3575 1260
3595 57
3600 1255
3605 625
3607 650
3610 77
3610 290
3610 335
3610 375
3610 430
3610 455
3610 480
3610 510
3610 535
3610 560
3610 585
3615 255
3615 400
3615 674
3618 101
3620 210
3620 699
3623 126
3625 151
3625 724
3625 1255
3628 176
3630 749
3635 790
3635 815
3635 840
3635 865
3635 890
3635 920
3637 945
3649 967
3650 1250
3654 992
3655 1017
3660 1042
3670 1065
3673 1240
3677 1089
3680 1114
3680 1139
3680 1164
3685 1189
3690 1214
