249 947
249 972
259 995
264 927
279 1010
286 914
304 1015
309 857
309 882
319 832
326 1028
334 812
341 1048
358 804
359 1066
378 789
379 1081
394 762
403 1090
409 742
428 1095
431 729
451 1105
454 717
472 699
476 1110
492 684
501 1115
507 664
520 1132
527 649
542 1145
547 634
565 1155
572 629
590 1160
595 639
615 1162
620 644
640 1160
645 644
665 1155
670 644
688 1145
695 644
710 1130
720 644
729 1112
745 644
747 1094
759 1072
768 1048
770 644
790 1035
795 639
815 1035
820 639
840 1035
845 639
865 1037
870 639
890 1040
895 639
915 1040
920 639
940 1040
945 644
949 457
964 612
965 1040
969 472
969 497
969 522
969 547
969 572
971 445
990 1040
996 440
1015 1035
1021 439
1040 1035
1046 439
1065 1035
1071 439
1090 1035
1096 439
1115 1035
1121 439
1140 1035
1146 439
1165 1035
1171 439
1190 1035
1196 439
1215 1035
1221 439
1240 1035
1246 439
1265 1035
1271 439
1290 1035
1296 439
1315 1040
1321 439
1340 1040
1346 439
1365 1040
1371 439
1390 1040
1396 439
1415 1040
1421 439
1440 1040
1446 439
1465 1040
1471 439
1490 1040
1496 444
1515 1040
1521 444
1540 1040
1546 444
1560 1055
1571 444
1580 1070
1596 449
1603 1080
1621 449
1628 1085
1646 449
1653 1085
1671 454
1678 1085
1696 459
1703 1080
1721 464
1728 1075
1741 479
1750 1060
1759 497
1765 660
1770 520
1772 545
1773 1070
1775 570
1775 595
1775 620
1786 674
1788 1090
1804 1110
1806 689
1824 1125
1830 697
1847 1135
1852 709
1870 1145
1875 719
1895 1150
1898 730
1920 742
1920 1145
1940 757
1945 1140
1962 769
1969 1132
1987 774
1989 1117
2007 759
2009 1102
2024 1082
2025 741
2036 1060
2045 1035
2049 732
2050 1010
2073 739
2075 1015
2093 755
2100 1015
2105 777
2120 797
2120 822
2124 1007
2128 846
2135 870
2140 895
2140 920
2140 945
2140 980
