269 297
269 322
269 347
274 372
274 397
279 272
279 422
279 447
284 472
284 497
289 522
289 547
294 252
294 572
294 597
299 622
299 647
299 672
304 697
304 722
309 747
309 772
309 797
309 822
309 847
309 872
309 897
309 922
314 237
314 947
314 972
319 997
319 1022
324 1047
324 1072
324 1097
324 1122
324 1147
329 1172
329 1197
329 1222
329 1252
329 1277
329 1302
329 1327
334 222
334 1352
334 1377
334 1402
339 1427
339 1452
339 1477
339 1502
339 1527
339 1552
339 1577
339 1602
349 1625
356 1649
358 214
369 1671
383 209
384 1691
402 1709
408 204
420 1727
433 199
440 1742
458 199
462 1755
483 194
487 1755
508 194
512 1760
533 194
537 1760
558 194
562 1765
583 194
587 1769
608 194
612 1770
633 189
637 1774
658 189
662 1780
683 189
686 1788
708 189
711 1790
733 189
736 1790
758 189
761 1790
783 189
786 1790
808 189
811 1790
833 194
836 1790
858 195
861 1790
883 199
886 1790
908 199
911 1785
933 204
936 1780
958 204
961 1775
983 209
986 1770
1008 209
1011 1765
1033 209
1034 1755
1058 209
1058 1748
1082 1739
1083 209
1104 1727
1108 209
1126 1715
1133 209
1146 1700
1158 214
1166 1685
1183 220
1186 1670
1206 1655
1207 229
1221 1635
1230 239
1233 1613
1240 1585
1250 1535
1250 1560
1253 250
1255 1370
1255 1395
1255 1420
1255 1445
1255 1470
1255 1495
1260 1270
1260 1295
1260 1320
1260 1345
1265 1170
1265 1195
1265 1220
1265 1245
1270 850
1270 875
1270 900
1270 925
1270 950
1270 975
1270 1000
1270 1025
1270 1050
1270 1075
1270 1100
1270 1125
1273 265
1275 820
1284 1287
1284 1312
1284 1337
1285 795
1289 1187
1289 1212
1289 1237
1289 1262
1293 280
1294 1087
1294 1112
1294 1137
1294 1162
1300 775
1305 302
1309 1337
1315 325
1315 435
1315 460
1317 485
1319 757
1319 1084
1320 350
1320 375
1320 400
1327 1319
1334 737
1338 499
1344 1084
1345 1300
1346 715
1355 690
1363 494
1364 1282
1365 665
1369 1084
1378 643
1384 1267
1388 494
1393 623
1394 1082
1404 1252
1413 489
1413 608
1419 1079
1424 1237
1435 595
1438 489
1444 1074
1446 1225
1460 595
1463 489
1469 1069
1469 1215
1485 595
1488 489
1494 1064
1494 1210
1508 605
1513 490
1519 1059
1519 1205
1528 620
1537 499
1544 1052
1544 1200
1548 635
1560 509
1563 655
1568 1044
1569 1195
1575 677
1583 520
1587 699
1590 1031
1594 1190
1599 721
1603 535
1607 745
1610 1016
1617 1180
1619 767
1623 550
1629 790
1630 1001
1638 570
1639 813
1642 1174
1644 977
1645 838
1653 590
1654 862
1654 887
1654 937
1659 912
1664 1162
1668 610
1680 632
1686 1150
1692 654
1705 676
1708 1138
1715 699
1725 722
1728 1123
1735 745
1742 769
1745 1100
1750 793
1760 816
1760 1075
1765 841
1768 866
1770 891
1770 1050
1775 916
1775 941
1775 966
1775 991
1775 1016
