269 347
269 372
269 397
274 422
274 447
274 1562
279 1482
279 1507
279 1532
279 1587
279 1612
281 325
284 470
284 1442
289 495
289 1417
289 1635
294 1392
296 519
299 307
299 1362
300 1658
301 544
306 569
309 594
309 1327
314 619
314 644
314 669
314 694
314 719
316 744
319 1297
319 1675
323 299
324 768
329 1272
330 793
339 817
339 1247
339 1690
348 299
349 840
349 1222
354 865
359 1187
359 1705
361 889
369 913
369 1157
370 938
373 299
374 963
379 988
379 1013
379 1038
379 1063
379 1088
379 1113
379 1720
398 299
402 1730
423 299
425 1740
448 299
450 1745
473 299
473 1755
498 294
498 1760
521 1770
523 294
545 1777
548 294
570 1782
573 289
595 1785
598 289
620 1785
623 289
645 1785
648 289
670 1790
673 289
695 1795
698 289
720 1800
723 289
745 1805
748 289
770 1805
773 289
795 1805
798 289
820 1800
823 289
845 1800
848 289
870 1800
873 289
895 1800
898 284
920 1795
923 284
945 1795
948 284
970 1790
973 279
995 1790
998 279
1020 1785
1023 279
1045 1780
1048 279
1069 1772
1073 279
1093 1765
1098 280
1116 1755
1123 284
1140 1745
1148 284
1165 1740
1173 284
1189 1732
1198 284
1213 1725
1223 289
1236 1715
1248 289
1258 1703
1270 960
1273 294
1275 870
1275 895
1275 920
1275 985
1275 1010
1276 1685
1280 805
1280 830
1280 1035
1280 1060
1285 775
1285 1085
1285 1110
1285 1190
1290 1135
1290 1160
1290 1215
1290 1240
1290 1265
1290 1290
1290 1315
1291 1665
1295 1340
1295 1365
1295 1390
1295 1415
1295 1440
1295 1465
1295 1490
1295 1515
1295 1565
1295 1590
1295 1640
1296 304
1298 753
1300 1540
1300 1615
1305 475
1305 500
1305 525
1310 440
1311 324
1312 549
1313 733
1314 1272
1314 1297
1315 349
1315 374
1315 399
1319 1322
1319 1347
1319 1372
1319 1397
1319 1422
1319 1447
1319 1472
1319 1497
1327 569
1331 715
1339 1276
1344 1472
1347 584
1353 703
1359 1452
1364 1274
1372 589
1374 1432
1375 690
1387 1264
1394 1417
1397 584
1399 682
1407 1249
1416 1405
1421 575
1423 673
1429 1237
1436 1390
1445 566
1447 665
1451 1224
1454 1372
1467 554
1472 665
1472 1209
1472 1354
1490 1191
1490 1335
1491 545
1494 677
1509 1172
1510 1320
1512 695
1515 536
1524 717
1527 1154
1529 742
1529 767
1530 1305
1534 792
1537 524
1539 817
1544 842
1545 1136
1549 867
1550 1290
1554 892
1559 917
1560 514
1560 1116
1564 942
1564 967
1569 992
1570 1275
1574 1017
1574 1087
1579 1042
1585 509
1590 1260
1610 512
1610 1245
1630 527
1633 1233
1640 550
1645 575
1650 600
1650 625
1650 650
1650 675
1653 1218
1655 700
1655 725
1655 750
1655 775
1655 800
1655 825
1660 850
1665 875
1670 900
1675 925
1675 1205
1682 949
1690 973
1694 1187
1695 998
1700 1023
1709 1047
1712 1169
1715 1072
1725 1095
1725 1140
