19 1277
39 1292
41 1264
59 1307
62 1249
79 1322
86 1240
99 1337
110 1231
121 1350
132 1219
144 1360
156 1210
164 1375
181 1204
186 1388
204 1194
210 1397
227 1184
232 1409
252 1179
254 2007
256 1418
259 537
264 1977
269 560
274 1947
276 1170
278 1430
279 2010
283 529
284 580
284 1917
294 603
296 1895
301 1164
301 1440
304 2005
305 1871
307 625
308 529
317 1849
319 647
325 1447
326 1159
326 1825
329 2000
333 534
334 667
339 1802
349 687
349 1455
351 1154
351 1780
354 1995
358 534
361 709
364 1757
372 1465
375 1146
376 729
376 1735
379 1990
383 534
389 751
391 1715
397 1470
400 1141
404 1692
404 1985
407 769
408 539
419 1672
421 1478
422 789
425 1136
427 1975
433 539
434 1647
439 808
445 1485
450 1134
452 1629
452 1970
455 828
458 544
467 1609
470 848
470 1490
475 1129
475 1960
483 549
485 868
485 1591
495 1495
500 1124
500 1571
500 1955
505 883
508 554
519 1552
520 903
520 1500
524 1947
525 1124
533 555
537 1534
540 918
545 1502
546 1935
550 1119
557 564
559 935
571 1930
575 1119
576 954
582 569
594 1920
596 970
600 1119
607 574
615 987
617 1909
625 1119
630 584
635 1002
641 1900
650 1116
655 589
655 1017
663 1888
673 1035
675 1119
678 599
685 1875
696 1045
700 1119
701 609
708 1863
716 1060
725 617
725 1119
730 1850
736 1075
747 629
750 1119
753 1840
757 1089
770 639
773 1825
775 1124
782 1100
793 649
796 1815
814 402
814 427
814 452
814 477
814 502
814 527
816 659
816 1800
819 347
819 372
819 552
819 577
824 302
824 602
829 272
829 627
834 247
836 1785
839 222
849 182
858 1773
859 147
864 2217
864 2242
869 117
869 2122
869 2147
869 2172
869 2267
869 2292
869 2317
869 2342
874 2072
874 2097
874 2367
874 2392
876 1755
879 82
879 2037
879 2417
879 2442
884 2007
884 2467
889 1977
894 1952
896 1740
899 1927
901 94
908 2458
909 1892
916 114
916 1725
919 1857
928 2443
929 1822
936 129
936 1710
939 1792
946 2425
951 149
951 1770
954 1692
959 1742
966 169
966 2410
969 1717
976 1680
984 187
986 2395
1000 207
1006 2380
1015 227
1024 2362
1030 247
1042 2344
1045 267
1060 287
1062 2329
1072 309
1077 2309
1087 329
1095 2290
1102 349
1110 373
1110 2270
1125 393
1125 2250
1137 415
1144 2232
1149 437
1159 2212
1160 460
1170 483
1174 2192
1180 506
1189 2172
1190 529
1200 552
1201 2150
1210 575
1216 2130
1220 598
1229 622
1230 2105
1235 647
1243 2083
1245 670
1250 695
1255 720
1255 2060
1260 745
1265 770
1268 2038
1284 752
1289 727
1289 2052
1299 692
1301 2074
1304 667
1314 637
1314 2096
1324 607
1326 2118
1336 585
1338 2140
1344 557
1354 532
1354 2160
1366 510
1369 2180
1379 477
1384 2200
1389 452
1395 2223
1404 422
1410 2243
1419 397
1429 2260
1434 377
1444 352
1444 2280
1459 332
1461 2299
1474 312
1479 2317
1486 290
1497 2335
1501 270
1515 2353
1516 250
1531 230
1534 2370
1546 210
1554 2385
1561 190
1565 1680
1571 2404
1575 1703
1579 172
1584 1727
1590 1752
1591 2419
1594 152
1599 1695
1602 1774
1609 132
1610 1798
1611 2434
1619 1710
1619 1822
1625 1847
1629 117
1630 1872
1631 2449
1636 1729
1640 1895
1644 97
1645 1920
1650 1945
1651 2464
1655 1970
1656 1744
1660 1995
1662 79
1665 2020
1667 2444
1670 2045
1670 2410
1672 2070
1674 101
1675 2095
1675 2360
1675 2385
1676 1759
1677 2120
1680 126
1680 2145
1680 2170
1680 2195
1680 2260
1680 2285
1680 2310
1680 2335
1685 2220
1690 149
1695 174
1696 1775
1700 199
1710 222
1714 247
1715 650
1719 272
1719 1785
1720 297
1720 620
1725 322
1725 585
1729 347
1730 372
1730 397
1730 530
1730 555
1735 422
1735 447
1735 472
1735 497
1739 657
1739 1800
1755 1110
1759 1815
1761 645
1776 1124
1778 1098
1781 1828
1785 636
1798 1083
1801 1119
1801 1843
1807 624
1820 1070
1823 1855
1826 1119
1830 614
1840 1055
1846 1865
1851 1119
1853 604
1860 1040
1869 1875
1876 1119
1878 599
1883 1028
1889 1890
1901 589
1901 1119
1903 1013
1912 1900
1921 995
1925 581
1926 1119
1935 1910
1941 980
1949 574
1951 1119
1958 1920
1961 965
1974 567
1976 945
1976 1119
1981 1930
1995 1505
1996 930
1999 562
2001 1119
2005 1528
2005 1937
2014 912
2020 1500
2023 554
2023 1546
2026 1124
2027 1949
2032 894
2041 1564
2045 1495
2048 549
2050 875
2051 1124
2052 1955
2059 1582
2069 857
2070 1490
2073 544
2075 1602
2076 1129
2076 1963
2087 839
2090 1622
2095 1485
2098 544
2100 1970
2101 1134
2102 819
2108 1640
2117 799
2120 1480
2123 539
2123 1660
2124 1977
2126 1139
2132 779
2138 1680
2145 1475
2148 539
2148 1985
2149 760
2150 1702
2151 1144
2163 738
2165 1722
2169 1467
2173 534
2173 1990
2176 1149
2177 1744
2178 718
2190 1766
2193 698
2193 1458
2198 534
2198 1995
2200 1789
2201 1154
2208 678
2213 1811
2217 1450
2223 534
2223 658
2223 2000
2225 1833
2226 1159
2235 630
2235 1856
2240 1440
2245 1879
2248 529
2248 2005
2250 610
2251 1164
2255 1902
2264 1432
2265 580
2265 1925
2273 529
2273 2010
2275 1172
2275 1948
2280 555
2280 1973
2286 1420
2299 1179
2310 1410
2323 1186
2333 1400
2347 1194
2356 1390
2370 1204
2378 1378
2394 1211
2400 1365
2418 1220
2420 1350
2440 1232
2443 1340
2463 1325
2464 1241
2485 1310
2488 1250
2505 1295
2509 1264
