479 1162
489 1227
494 1252
499 1147
499 1277
513 1219
517 1129
519 1337
523 1155
524 1280
524 1362
529 1387
537 1114
538 1214
539 1447
543 1329
544 1472
548 1150
549 1275
549 1497
554 1390
554 1522
557 1099
559 1547
563 1209
563 1439
564 1572
567 1319
569 1597
573 1145
574 1270
574 1622
577 1084
579 1385
579 1647
584 1672
587 1429
588 1204
589 1697
592 1314
594 1722
597 1069
598 1138
598 1263
599 1747
604 1380
604 1772
609 1797
612 1424
613 1199
614 1822
617 1054
617 1309
623 1133
623 1258
624 1845
628 1373
629 1870
634 1895
637 1039
637 1419
638 1194
641 1919
642 1304
647 1250
648 1130
649 1943
653 1368
654 1968
657 1024
660 1993
662 1414
663 1189
667 1299
669 2017
672 1245
673 1125
674 2042
677 1009
677 1360
684 2065
687 1409
688 1184
689 2090
692 1294
697 1244
698 1120
699 997
699 2113
702 1355
709 2136
712 1404
713 1179
714 2161
717 1289
719 982
722 1239
723 1115
724 2184
727 1354
734 2207
737 1399
738 1174
739 2232
741 969
742 1284
747 1235
748 1110
749 2255
752 1350
759 2278
762 954
762 1394
763 1169
765 2303
767 1279
772 1230
773 1108
774 2327
777 1345
784 942
784 2350
787 1394
788 1165
792 1279
794 2373
797 1225
798 1105
802 1340
806 930
807 2395
812 1389
813 1164
817 1274
822 1225
823 1100
827 1340
829 917
832 2390
837 1384
838 1164
842 1274
847 1220
848 1100
851 904
852 1335
857 2390
862 1384
863 1159
867 1269
872 1220
873 1100
874 892
877 1335
882 2390
887 1384
888 1159
892 1269
896 880
897 1219
898 1095
902 1335
907 2390
912 1384
913 1154
917 1264
919 867
922 1215
923 1095
927 1334
932 2390
937 1384
938 1154
941 855
942 1269
947 1215
948 1095
952 1335
957 2390
962 1384
963 1154
964 844
967 1264
972 1215
973 1095
977 1335
982 2390
987 834
987 1384
988 1155
992 1269
997 1215
998 1095
1002 1335
1007 2390
1009 822
1012 1389
1013 1159
1017 1269
1022 1220
1023 1095
1027 1339
1032 2390
1033 814
1036 1380
1038 1159
1042 1274
1047 1220
1048 1100
1049 1351
1055 801
1057 2390
1063 1160
1067 1274
1072 1225
1073 1100
1077 789
1082 2390
1088 1164
1092 1274
1097 1230
1098 1105
1100 779
1107 2394
1113 1169
1123 769
1123 1110
1132 2395
1138 1174
1146 759
1148 1115
1154 1152
1157 2395
1169 747
1182 2395
1193 739
1207 2399
1215 726
1220 1790
1220 1815
1220 1840
1220 1865
1220 1890
1225 1735
1225 1760
1230 1700
1232 2400
1235 1675
1237 714
1241 1904
1245 1635
1255 1600
1257 2400
1259 1837
1259 1867
1260 704
1264 1762
1264 1787
1264 1812
1264 1892
1265 1570
1269 1722
1274 1692
1275 1545
1282 2400
1283 694
1284 1652
1288 1523
1294 1617
1300 1495
1303 679
1304 1592
1307 2400
1314 1567
1315 1470
1324 1542
1326 669
1330 1450
1332 2405
1336 1520
1345 1430
1347 654
1349 1497
1357 2405
1360 1410
1364 1477
1369 642
1379 1392
1379 1457
1382 2405
1391 629
1394 1437
1397 1374
1407 2410
1412 614
1412 1354
1412 1419
1427 1334
1430 1401
1432 599
1432 2410
1442 1314
1445 1381
1452 584
1455 1290
1457 2410
1464 1357
1470 1265
1472 569
1479 1337
1482 2414
1483 1243
1490 587
1492 1219
1494 1312
1498 611
1500 1195
1503 636
1506 1290
1507 2415
1508 661
1510 1165
1515 685
1517 710
1519 537
1519 1262
1520 1125
1522 735
1525 760
1525 1100
1529 560
1529 1237
1530 785
1530 1070
1532 2415
1534 585
1535 810
1535 835
1535 1030
1539 610
1539 1212
1540 860
1540 885
1540 910
1540 935
1540 960
1540 985
1544 635
1549 660
1549 1182
1554 556
1554 685
1557 2415
1559 710
1559 1142
1564 735
1564 1117
1567 760
1569 785
1569 1087
1574 571
1574 810
1574 835
1574 1052
1579 860
1579 885
1579 912
1579 942
1579 967
1579 992
1579 1017
1582 2415
1594 586
1607 2420
1612 604
1632 619
1632 2420
1652 634
1657 2420
1670 652
1682 2420
1689 669
1707 2420
1708 686
1710 1995
1715 2020
1726 704
1732 2039
1732 2420
1735 1992
1740 1715
1744 722
1747 1739
1750 1685
1757 2039
1757 2420
1760 1995
1762 740
1772 1739
1775 1680
1780 758
1782 2044
1782 2420
1785 1995
1797 1739
1798 776
1800 1680
1807 2044
1807 2420
1810 1995
1816 794
1822 1739
1825 1682
1832 2044
1832 2420
1834 812
1835 1995
1847 1739
1850 1680
1852 830
1855 1375
1857 2044
1857 2420
1860 1995
1865 1340
1870 848
1872 1739
1875 1680
1879 1384
1882 2044
1882 2420
1885 1995
1888 866
1890 1335
1897 1739
1900 1680
1903 886
1904 1382
1907 2044
1907 2420
1910 1995
1915 1335
1921 904
1922 1739
1925 1680
1929 1379
1932 2039
1932 2420
1935 1995
1939 922
1940 1335
1947 1734
1950 1677
1954 1379
1955 942
1957 2039
1957 2420
1960 1990
1965 1332
1972 1734
1973 960
1975 1675
1979 1377
1982 2039
1982 2415
1985 1990
1990 979
1990 1330
1997 1734
2000 1670
2004 1374
2007 2034
2007 2415
2009 996
2010 1990
2015 1325
2015 2385
2022 1729
2025 1670
2025 2345
2027 1014
2029 1369
2030 2320
2032 2034
2035 1985
2040 1325
2040 2285
2045 1032
2047 1724
2050 1665
2050 2245
2054 1367
2057 2034
2060 1985
2060 2210
2063 1050
2065 1320
2070 2175
2072 1719
2075 1660
2079 1362
2080 1069
2080 2140
2082 2029
2085 1980
2090 1315
2090 2110
2097 1719
2099 1086
2100 1655
2100 2080
2104 1357
2107 2029
2110 1980
2110 2054
2115 1310
2119 1101
2122 1714
2125 1655
2129 1352
2135 1975
2137 1119
2140 1305
2147 1709
2148 1953
2150 1650
2154 1347
2157 1134
2157 1929
2165 1300
2165 1905
2172 1704
2175 1645
2175 1880
2177 1149
2178 1339
2185 1855
2190 1295
2195 1167
2197 1699
2198 1833
2200 1640
2203 1334
2207 1809
2214 1287
2215 1785
2217 1179
2222 1694
2225 1635
2228 1329
2228 1763
2237 1194
2237 1739
2238 1280
2247 1689
2249 1627
2249 1717
2253 1324
2257 1209
2263 1275
2273 1620
2277 1224
2277 1314
2288 1268
2295 1595
2297 1239
2302 1309
2308 1573
2312 1260
2317 1549
2325 1525
2327 1304
2335 1495
2345 1470
2351 1295
2355 1445
2365 1415
2375 1390
2376 1289
2385 1360
2395 1330
2400 1297
