224 1617
229 1642
229 1667
229 1692
234 1537
234 1562
234 1587
234 1717
244 1507
249 1737
262 1489
271 1749
280 1471
296 1755
299 1454
321 1440
321 1760
344 1427
346 1765
366 1414
370 1772
386 1399
392 1784
404 1806
406 1384
409 1831
409 1856
421 1878
427 1369
434 652
444 675
444 1347
446 1880
452 634
454 1317
459 695
469 1297
470 718
471 1875
475 624
487 1279
489 735
495 1865
498 614
504 755
510 1269
514 447
514 472
514 497
514 587
519 522
519 547
519 775
520 1860
529 427
533 1259
534 795
543 1850
551 414
551 814
557 1249
566 1840
569 832
574 404
582 1244
584 852
589 1830
599 399
602 870
607 1239
613 1823
617 890
621 385
631 1230
632 910
635 1810
644 932
646 384
656 1224
658 1800
659 952
671 379
671 974
681 1219
681 1790
686 994
695 371
702 1204
704 1012
705 1780
719 364
720 1186
722 1030
730 1775
740 1171
743 371
744 1042
754 1767
765 1166
766 1055
767 379
779 1762
787 394
787 1069
790 1164
803 1755
807 409
807 1084
815 1164
826 1745
829 421
829 1096
840 1164
847 439
848 1733
851 1108
865 457
865 1169
870 1720
871 1123
887 469
890 1169
890 1705
895 1132
905 487
910 1690
915 1174
917 1144
927 499
930 1675
940 1155
949 1657
950 509
969 1642
975 509
987 1624
1000 509
1005 1605
1009 1742
1014 1767
1019 1707
1020 524
1025 1585
1029 1672
1029 1787
1029 1917
1029 1942
1029 1967
1029 1992
1034 1812
1034 1837
1034 1862
1034 1887
1034 2017
1035 1608
1039 1647
1039 2042
1040 539
1044 1567
1055 559
1057 2060
1060 1601
1063 1550
1069 1577
1070 579
1077 2075
1085 599
1094 2094
1098 621
1104 2117
1110 643
1114 2140
1119 2165
1124 2190
1125 663
1134 2213
1139 2238
1140 683
1145 2263
1154 2287
1155 703
1169 2307
1178 714
1181 2329
1200 727
1204 2340
1215 747
1225 770
1227 2350
1232 794
1240 818
1245 843
1250 868
1251 2358
1260 891
1265 916
1271 2373
1284 898
1289 872
1294 847
1295 2380
1299 822
1304 792
1314 747
1320 2385
1324 712
1334 682
1343 2395
1344 657
1359 632
1368 2400
1371 610
1389 587
1393 2395
1407 569
1410 2375
1422 549
1425 2355
1439 522
1440 2330
1454 497
1455 2305
1469 477
1470 2285
1475 1550
1480 1575
1484 447
1490 1598
1490 2270
1499 422
1502 1620
1503 1565
1510 1644
1514 397
1515 2270
1523 1580
1525 1664
1532 379
1535 1687
1540 1712
1540 2270
1541 1598
1544 357
1555 1732
1559 332
1560 1757
1561 1613
1565 2275
1570 1780
1574 312
1575 1805
1579 1631
1580 1930
1580 1955
1582 1829
1582 1980
1585 1854
1585 1879
1585 1904
1585 2005
1585 2030
1590 2055
1590 2080
1590 2270
1592 294
1592 2105
1595 2130
1595 2155
1595 2220
1595 2245
1597 2180
1600 1160
1600 1645
1615 284
1620 1145
1621 1174
1621 1659
1634 301
1643 1133
1644 1670
1646 1169
1652 319
1665 1120
1669 1675
1671 1164
1672 334
1685 1105
1694 1670
1696 1160
1697 339
1708 1093
1719 1670
1721 1159
1722 339
1728 1078
1744 1675
1745 329
1746 1154
1748 1063
1765 1040
1767 1685
1768 319
1771 1154
1780 980
1780 1005
1790 1695
1791 309
1795 960
1796 1150
1810 940
1813 1705
1814 299
1821 1149
1825 920
1836 1715
1839 299
1844 902
1846 1149
1859 882
1861 1720
1862 309
1871 1149
1874 862
1877 329
1884 1730
1890 351
1890 840
1896 1154
1903 818
1905 695
1905 720
1905 745
1907 370
1909 1735
1915 665
1915 768
1915 793
1921 1159
1925 388
1925 630
1930 413
1934 1735
1938 608
1945 433
1946 1164
1947 584
1955 555
1957 1724
1960 453
1965 520
1968 1176
1970 476
1977 1709
1992 1184
2001 1700
2015 1194
2026 1695
2040 1199
2051 1695
2065 1204
2076 1700
2088 1214
2101 1700
2113 1219
2126 1700
2138 1224
2151 1703
2163 1229
2176 1705
2188 1234
2201 1700
2213 1240
2226 1695
2237 1249
2250 1685
2260 1259
2270 1665
2285 1264
2285 1645
2290 1355
2290 1380
2300 1403
2303 1333
2304 1627
2308 1274
2315 1305
2315 1423
2326 1615
2330 1443
2330 1590
2345 1570
2348 1461
2360 1550
2363 1481
2375 1503
2375 1528
