609 1217
621 1239
634 1261
636 1219
644 1284
654 1307
661 1224
666 1329
675 1353
684 1377
686 1229
696 1399
705 1423
711 1234
714 1447
724 1470
734 1157
734 1493
736 1239
739 1518
749 1541
754 1172
754 1566
756 1145
761 1244
762 1590
769 1614
774 1639
778 1180
779 1134
779 1664
785 1252
786 1688
789 1713
794 1738
799 1763
801 1190
802 1124
804 1788
805 1813
809 1847
810 1257
814 1872
819 1897
819 1922
819 1952
820 1350
824 1112
824 1200
824 1977
824 2002
824 2027
824 2052
824 2077
824 2102
824 2127
830 1373
834 1264
840 1396
845 1350
846 1099
846 2115
847 1210
850 1419
859 1269
860 1442
864 2097
864 2217
865 1467
867 1084
870 1355
872 1209
875 1490
879 2077
879 2192
882 1514
884 1274
889 2215
890 1074
890 1538
893 1195
894 2172
895 1360
897 2059
899 1562
905 1587
909 1279
909 2147
911 1060
912 2039
913 1611
913 2208
915 1180
920 1365
920 1635
924 2122
925 1660
930 2015
931 1045
932 1684
934 1284
937 2200
938 1168
939 2097
940 1708
945 1370
945 1733
949 1997
950 1758
954 1032
954 2077
955 1783
958 1153
959 1289
960 1808
962 2195
964 1977
965 1833
966 2055
970 1375
970 1858
970 1883
975 1908
976 1019
980 1140
980 1933
981 2035
984 1294
985 2185
994 2012
995 1380
997 1004
1000 1125
1009 1299
1009 1987
1010 2180
1017 989
1020 1110
1020 1385
1024 1962
1034 1304
1035 2175
1037 974
1039 1937
1040 1095
1045 1390
1054 1912
1058 1311
1059 962
1060 2170
1063 1083
1065 2020
1069 1892
1070 1395
1079 947
1080 1995
1083 1068
1083 1315
1084 1867
1085 2165
1090 2019
1095 1400
1095 1970
1099 932
1099 1842
1103 1053
1107 1324
1110 1945
1110 2160
1114 1817
1115 2016
1117 914
1120 1405
1123 1038
1125 1920
1129 1797
1132 1329
1135 2155
1137 899
1140 1900
1140 2014
1141 1775
1143 1023
1145 1410
1153 1878
1156 1755
1157 884
1157 1334
1160 2150
1161 1005
1165 2009
1168 1858
1169 1732
1170 1415
1177 869
1180 1835
1181 990
1181 1710
1182 1339
1185 2145
1190 2009
1193 1813
1195 851
1195 1420
1196 1690
1201 975
1207 1344
1208 1793
1209 1667
1210 2140
1215 836
1215 2004
1220 1425
1220 1770
1221 960
1224 1642
1232 1349
1234 817
1235 1745
1235 2140
1239 942
1239 1617
1240 2004
1245 1430
1250 1725
1252 799
1254 1597
1257 1354
1259 927
1260 2137
1265 1700
1265 1999
1266 1575
1270 781
1270 1435
1277 909
1280 1675
1281 1555
1282 1359
1285 2135
1290 766
1290 1999
1294 1532
1295 890
1295 1440
1295 1655
1306 1510
1307 1364
1308 1633
1309 747
1310 2135
1315 875
1315 1999
1320 1445
1321 1490
1323 1613
1327 729
1332 1369
1334 857
1334 1467
1335 1590
1335 2130
1339 882
1339 912
1339 937
1340 1999
1344 962
1344 987
1344 1012
1344 1037
1344 1062
1344 1087
1344 1112
1344 1137
1344 1162
1344 1187
1344 1212
1344 1237
1344 1262
1344 1287
1344 1312
1344 1337
1345 711
1350 1565
1360 2130
1364 687
1365 1545
1365 1997
1380 1520
1382 669
1385 2130
1390 1996
1395 700
1400 725
1400 750
1400 775
1400 800
1400 825
1400 855
1400 890
1404 1527
1405 915
1405 940
1405 965
1405 990
1405 1015
1405 1040
1405 1065
1405 1100
1410 1125
1410 1150
1410 1175
1410 1200
1410 1225
1410 1260
1410 2130
1415 1285
1415 1310
1415 1335
1415 1360
1415 1385
1415 1997
1419 1547
1425 1450
1434 1567
1435 2130
1439 822
1439 1392
1439 1471
1440 1999
1444 722
1444 747
1444 772
1444 797
1448 1440
1449 845
1449 1587
1454 1491
1460 2132
1463 1384
1465 1999
1467 1605
1468 740
1469 860
1470 1511
1473 1433
1482 1625
1485 759
1485 2135
1486 879
1486 1374
1487 1530
1490 1999
1497 1425
1497 1645
1502 1550
1504 776
1506 894
1509 1364
1510 2135
1512 1665
1515 1999
1517 1570
1522 794
1522 1419
1526 910
1527 1685
1534 1357
1535 1588
1535 2135
1540 2001
1542 809
1542 1705
1545 927
1546 1410
1550 1608
1557 1725
1558 1349
1560 827
1560 2140
1565 942
1565 1628
1565 2004
1570 1400
1572 1745
1579 844
1580 1648
1581 1339
1585 957
1585 2145
1587 1765
1590 2004
1595 1395
1598 861
1598 1666
1602 1785
1603 975
1604 1329
1610 2145
1613 1686
1615 2009
1617 1805
1618 876
1618 1385
1623 990
1628 1706
1629 1322
1632 1825
1635 2150
1636 894
1640 2012
1643 1005
1643 1380
1645 1725
1647 1845
1653 1314
1656 909
1660 2155
1662 1744
1662 1865
1663 1020
1665 2014
1666 1370
1674 1887
1676 924
1677 1304
1677 1764
1683 1035
1685 2160
1689 1907
1690 2019
1691 1365
1692 1784
1696 939
1701 1295
1704 1927
1705 1047
1709 2036
1710 1802
1710 2165
1715 1355
1716 954
1719 1947
1720 2059
1725 1062
1725 1822
1726 1289
1734 1967
1735 2079
1735 2170
1736 969
1740 1350
1740 1842
1745 1077
1749 1279
1749 1987
1750 2099
1755 1862
1756 984
1760 2175
1763 1340
1763 2121
1764 2007
1767 1090
1772 1269
1773 1880
1775 2143
1778 996
1779 2027
1784 2182
1787 1105
1788 1335
1788 1900
1794 2047
1797 1264
1798 1011
1805 1881
1806 2069
1807 1120
1809 1852
1811 1325
1814 1827
1819 1802
1820 1024
1820 1254
1821 2089
1824 1777
1829 1132
1829 1752
1836 1320
1836 2109
1839 1712
1840 1039
1843 1244
1849 1667
1851 1145
1851 2129
1859 1632
1860 1054
1860 1310
1866 2149
1868 1239
1869 1597
1872 1159
1879 1562
1879 2171
1883 1064
1885 1305
1889 1537
1891 1229
1894 1171
1894 2191
1899 1507
1905 1077
1909 1297
1909 1477
1909 2211
1914 1219
1916 1183
1919 1447
1920 1985
1920 2015
1920 2040
1920 2065
1920 2090
1920 2115
1920 2140
1920 2165
1925 1925
1925 1950
1927 1089
1929 1422
1930 1875
1930 1900
1933 1290
1935 1840
1938 1195
1939 1397
1940 1800
1945 1775
1949 1101
1949 1372
1950 1745
1955 1720
1958 1283
1959 1347
1960 1695
1970 1650
1971 1114
1977 1329
1980 1615
1982 1275
1990 1575
1993 1126
2000 1319
2000 1545
2007 1269
2010 1510
2015 1138
2020 1480
2024 1312
2030 1455
2031 1260
2038 1149
2040 1430
2048 1304
2050 1405
2056 1255
2060 1380
2061 1159
2070 1355
2071 1294
2080 1245
2080 1330
2083 1171
2093 1308
2105 1183
2105 1240
2129 1191
2129 1232
2151 1204
2171 1220
