389 2312
394 432
399 457
399 2272
404 482
409 507
409 2237
413 2320
419 434
419 530
419 2202
426 554
429 2172
434 578
438 2313
439 603
439 2137
444 439
445 628
449 2102
454 652
459 682
459 2062
462 2305
467 449
469 705
469 2027
476 729
479 1327
479 1352
479 1992
484 753
484 1377
487 2299
489 778
489 1302
489 1402
489 1957
492 454
499 801
499 1927
504 826
504 1277
504 1422
509 851
509 1887
512 2294
515 464
517 875
519 1442
519 1847
522 900
522 1259
529 924
529 1802
534 949
534 1462
536 2285
537 1239
539 471
539 974
539 1757
546 998
549 1217
549 1482
549 1707
549 1732
550 1023
554 1048
559 1082
559 1192
559 1662
559 2275
563 480
564 1112
564 1502
569 1137
569 1162
569 1612
569 1637
574 1525
574 1577
579 1550
583 2268
587 489
607 2260
610 499
630 2250
634 506
655 2245
658 514
679 2237
681 524
703 2230
706 529
726 2220
729 539
750 2210
752 549
775 559
775 2205
799 2197
800 564
823 574
823 2188
847 2180
848 579
872 2175
873 585
896 2168
897 594
920 604
920 2160
945 609
945 2155
968 619
969 2147
993 625
993 2140
1017 634
1018 2138
1042 639
1042 2130
1065 649
1067 2129
1090 652
1091 2120
1115 654
1116 2120
1140 654
1140 2110
1165 656
1165 2110
1187 644
1188 2120
1206 2138
1207 629
1228 2150
1230 619
1250 2162
1253 609
1274 2170
1278 604
1297 2180
1301 594
1322 2184
1326 589
1347 2185
1351 585
1372 2185
1376 584
1397 2184
1401 579
1421 2175
1426 575
1446 2170
1451 579
1466 2155
1475 587
1490 2140
1499 594
1513 2128
1522 604
1531 2110
1545 614
1556 2105
1568 624
1581 2110
1591 634
1606 2115
1613 646
1631 2120
1637 654
1656 2123
1657 669
1677 654
1680 2130
1701 645
1705 2132
1725 636
1729 2140
1747 624
1754 2145
1772 619
1777 2155
1795 609
1802 2160
1818 599
1827 2165
1842 589
1851 2173
1867 584
1875 2180
1891 575
1900 2185
1915 566
1923 2195
1939 557
1948 2200
1963 549
1971 2210
1987 539
1995 2217
2011 530
2019 2225
2035 521
2042 2235
2050 1580
2050 1605
2050 1635
2055 1550
2055 1660
2059 512
2060 1525
2062 1684
2067 2240
2070 1100
2070 1495
2074 1706
2075 1065
2075 1125
2077 1150
2080 1040
2080 1465
2082 1730
2083 504
2085 1010
2085 1174
2090 1440
2090 1754
2090 2250
2095 975
2095 1197
2100 950
2100 1222
2100 1415
2100 1777
2105 1247
2106 494
2110 925
2110 1272
2110 1297
2110 1355
2110 1380
2110 1800
2113 2260
2115 1322
2115 1825
2120 895
2125 1848
2129 484
2130 860
2130 1873
2138 2265
2140 830
2140 1896
2145 1921
2150 800
2152 474
2152 1945
2160 775
2160 1969
2161 2275
2170 750
2170 1992
2175 2017
2176 465
2180 720
2184 2285
2185 2040
2190 695
2195 2063
2200 456
2200 670
2200 2088
2207 2295
2210 645
2210 2111
2220 620
2220 2134
2224 447
2230 590
2230 2157
2232 2300
2238 2181
2240 565
2247 2205
2248 439
2250 540
2255 2229
2255 2310
2260 510
2265 2252
2270 485
2272 429
2273 2276
2278 2320
2280 455
