14 1282
24 1257
34 1297
48 1249
58 1305
68 1234
83 1310
93 1229
108 1315
116 1219
133 1320
139 1207
158 1320
163 1199
183 1325
185 1186
207 1174
208 1325
231 1165
233 1325
234 522
234 2027
244 545
244 2002
254 1154
258 1325
259 524
259 1982
259 2025
261 564
271 1960
274 586
277 1144
283 1328
284 529
284 1937
284 2020
292 604
294 1912
300 1134
306 625
308 1328
308 2013
309 532
309 1887
323 1124
324 1867
325 642
330 2000
333 539
333 1330
339 1842
345 657
345 1111
354 1812
354 1992
358 544
358 1330
363 675
367 1099
369 1792
376 1980
381 693
381 1770
383 549
383 1335
387 1084
394 1747
398 1968
403 705
404 1722
408 555
408 1340
410 1074
419 1702
420 1955
425 717
429 1677
430 1059
432 564
433 1335
439 1652
440 1940
443 735
449 1627
453 1049
457 569
458 1340
460 1925
463 750
464 1597
476 1039
476 1575
480 1910
481 768
482 574
483 1335
489 1547
499 1029
500 785
503 1898
504 1527
507 574
508 1330
519 802
519 1507
522 1019
523 1883
531 581
533 1323
537 820
537 1489
545 1865
547 1014
549 1467
556 584
557 835
557 1315
567 1449
568 1855
572 1009
579 847
581 589
582 1310
585 1431
590 1840
597 1004
601 860
604 1412
606 594
607 1305
614 1832
622 999
622 1394
624 870
631 599
632 1299
633 1815
642 1379
647 880
647 994
653 1800
656 599
656 1290
660 1361
671 888
672 989
673 1783
679 1344
681 604
681 1285
688 1763
693 900
697 984
701 1330
704 1275
706 604
706 1745
717 909
720 1720
721 1315
722 984
729 1270
731 604
739 1702
742 914
744 1302
747 984
752 1260
754 1682
755 612
764 1287
765 925
770 1660
772 984
777 1255
780 614
788 1279
789 932
789 1642
797 984
799 1857
799 1882
799 1907
799 1932
799 1967
802 1254
803 625
804 1622
804 1817
804 1992
809 1782
809 2017
813 940
814 1757
814 2042
816 1600
819 1732
819 2067
822 979
824 2092
828 630
829 1692
829 2117
834 2142
835 1575
836 950
839 1662
839 2167
844 2192
844 2232
847 984
849 2257
850 642
851 1640
854 1557
854 2282
854 2307
854 2332
856 1615
859 2357
860 957
864 2382
864 2407
864 2432
869 87
869 112
869 142
869 1577
869 2457
872 989
872 1539
874 52
874 167
874 649
874 2482
879 192
879 217
889 240
889 970
894 67
894 265
897 659
898 2473
899 290
909 313
910 87
914 338
916 2455
919 671
920 363
928 2433
929 104
929 387
934 412
939 437
939 462
940 2410
943 679
944 487
945 124
953 2388
959 507
960 144
963 694
965 2360
969 530
975 164
975 2330
980 553
985 707
988 2308
992 575
994 181
995 2275
1004 597
1005 2250
1007 719
1009 201
1015 2220
1019 617
1027 219
1027 734
1028 2198
1034 637
1035 2165
1045 237
1046 659
1048 2143
1049 746
1060 257
1060 2115
1061 679
1069 761
1074 701
1075 2070
1075 2095
1078 275
1080 2045
1085 1995
1085 2020
1087 779
1089 721
1090 1915
1090 1945
1090 1970
1095 294
1095 1795
1095 1825
1095 1850
1095 1875
1100 1750
1105 1720
1107 739
1107 794
1114 311
1115 763
1123 1740
1125 812
1129 1765
1132 329
1134 1790
1144 1813
1145 1838
1150 347
1154 1862
1166 1884
1169 364
1174 1908
1184 1931
1188 381
1196 1953
1208 396
1208 1975
1219 1998
1228 411
1232 2020
1243 431
1244 2042
1256 2064
1258 451
1271 2084
1275 470
1289 2102
1290 490
1304 2122
1307 509
1319 531
1322 2140
1330 554
1340 577
1342 2155
1352 599
1362 2170
1365 621
1375 644
1380 2188
1385 667
1395 690
1399 2205
1400 1725
1402 714
1405 739
1407 1749
1415 762
1416 2224
1420 787
1420 1771
1425 812
1432 1744
1434 1792
1434 2242
1444 772
1445 797
1446 1814
1449 632
1449 657
1449 682
1449 707
1449 732
1450 1762
1452 2260
1454 532
1454 557
1454 582
1454 607
1459 487
1461 1834
1469 452
1470 1777
1470 2278
1476 1854
1484 422
1485 1878
1489 2295
1490 1792
1499 392
1500 1898
1504 2315
1509 367
1510 1807
1515 1918
1519 337
1519 2335
1527 1940
1530 1822
1531 315
1539 2350
1542 1960
1544 277
1550 1837
1554 247
1554 2370
1555 1982
1564 222
1570 2002
1572 1849
1574 192
1574 2385
1580 2025
1585 2408
1586 170
1587 2049
1594 1861
1599 142
1600 2071
1600 2100
1604 2425
1607 2124
1614 122
1615 1875
1615 2148
1619 2445
1620 2173
1625 2198
1629 97
1630 2223
1636 2464
1638 1885
1639 2247
1640 1570
1647 79
1650 2270
1654 2482
1655 2295
1660 1897
1661 1584
1662 59
1662 2319
1665 2344
1668 1560
1670 985
1670 2369
1672 2500
1675 81
1675 2394
1675 2419
1675 2465
1677 1009
1680 106
1682 1909
1683 131
1685 156
1685 945
1685 1591
1688 181
1690 206
1690 240
1694 1567
1695 265
1695 991
1700 290
1700 315
1700 905
1702 340
1705 365
1706 1918
1708 1601
1710 390
1710 875
1710 971
1715 415
1719 1565
1720 440
1720 850
1725 465
1725 815
1725 951
1730 490
1730 1925
1732 1609
1735 765
1735 790
1737 514
1740 730
1744 927
1744 1570
1745 538
1745 563
1745 588
1745 680
1745 705
1745 1290
1750 613
1750 638
1754 1932
1755 1619
1759 907
1764 1272
1769 1570
1776 1294
1777 889
1778 1629
1778 1940
1788 1263
1789 867
1794 1570
1800 1286
1801 1639
1803 1945
1804 847
1808 1248
1819 1567
1822 829
1824 1279
1826 1644
1828 1950
1830 1235
1839 807
1844 1570
1849 1274
1849 1654
1850 1220
1853 1950
1857 789
1869 1565
1870 1205
1872 1264
1872 1664
1874 762
1878 1950
1890 1190
1894 747
1894 1560
1895 1674
1897 1264
1903 1955
1905 1170
1914 732
1918 1684
1919 1557
1920 1254
1925 1155
1928 1960
1936 719
1943 1690
1944 1247
1944 1552
1945 1140
1953 1960
1959 702
1960 1120
1965 1702
1968 1239
1969 1547
1978 1965
1980 1105
1983 694
1985 1717
1993 1234
1994 1542
1999 1087
2003 1970
2004 677
2005 1732
2014 1067
2018 1229
2018 1535
2024 1749
2026 665
2028 1970
2029 1047
2040 1769
2041 1525
2042 1219
2044 1027
2049 647
2051 1980
2056 1005
2060 1784
2066 1520
2067 1214
2070 980
2071 635
2076 1980
2079 1801
2085 950
2086 1505
2089 617
2092 1214
2098 928
2099 1990
2100 1815
2105 900
2110 1495
2113 609
2117 1209
2117 1834
2118 878
2124 1990
2125 850
2133 594
2133 1483
2139 1846
2140 830
2142 1214
2149 1995
2150 805
2153 579
2155 1470
2161 1859
2163 783
2167 1214
2174 2000
2175 760
2175 1455
2176 569
2181 1874
2190 740
2190 1224
2196 1894
2197 554
2197 2010
2198 1445
2200 715
2213 693
2215 1224
2218 1906
2221 1435
2222 549
2222 2014
2228 673
2233 1926
2240 645
2240 1226
2241 1420
2242 534
2247 2015
2251 1944
2255 625
2265 1224
2265 1410
2267 529
2268 603
2270 1961
2271 2023
2280 580
2285 1981
2288 1400
2290 555
2290 1227
2292 524
2296 2028
2302 2000
2311 1390
2315 1226
2334 1380
2340 1224
2357 1369
2365 1227
2378 1355
2390 1229
2401 1345
2415 1229
2424 1335
2438 1239
2449 1330
2463 1239
2472 1319
2486 1249
2494 1307
2511 1249
2516 1295
2531 1264
