214 1242
224 1265
229 1217
241 1284
244 1197
256 1175
256 1304
274 1157
276 1319
289 1137
291 1339
304 1117
311 1354
322 1099
329 1372
337 1079
351 1385
355 1061
371 1400
374 1042
392 1414
394 1022
414 1007
414 1426
434 987
436 1438
454 972
458 1450
469 1722
469 1767
474 957
474 1667
474 1692
474 1792
474 1817
474 1842
479 1627
479 1867
479 1892
481 1460
484 1602
484 1917
489 1942
494 1562
494 1967
496 944
499 1992
504 1517
505 1467
514 1492
517 929
517 2010
534 537
534 562
534 587
534 612
534 637
534 672
539 507
539 917
542 2015
544 695
544 720
549 745
554 777
561 904
563 499
566 799
567 2010
575 823
584 847
584 892
588 494
592 2015
596 869
613 489
617 2014
638 489
642 2014
663 484
667 2010
688 484
692 2005
713 479
717 2004
738 479
742 1999
763 475
766 1990
788 479
790 1980
813 479
815 1975
838 474
838 1965
861 1955
863 479
885 1962
888 479
899 1983
909 2006
913 484
924 2026
938 489
939 2046
951 2068
963 494
964 2090
981 2109
988 499
999 2127
1013 504
1014 2147
1029 2167
1038 510
1047 2185
1062 519
1065 2203
1079 497
1084 2220
1089 472
1099 447
1104 2235
1114 422
1121 2254
1126 400
1141 380
1141 2269
1154 357
1161 2284
1172 339
1181 2299
1187 319
1201 2314
1202 299
1220 281
1224 2325
1239 262
1244 2340
1259 247
1265 2325
1277 229
1285 2310
1297 214
1304 2292
1320 224
1322 2274
1340 239
1340 2255
1355 2235
1360 254
1374 2217
1383 265
1389 2197
1400 284
1401 2175
1416 2155
1423 295
1425 2130
1438 2108
1440 314
1450 2080
1459 331
1460 2050
1479 346
1479 2032
1497 364
1503 2040
1515 382
1527 2049
1530 402
1548 420
1552 2055
1563 440
1577 2060
1580 459
1595 479
1602 2065
1608 501
1623 521
1627 2070
1635 543
1647 565
1652 2075
1659 587
1677 2075
1684 589
1702 2079
1707 579
1727 2080
1730 569
1752 2080
1754 562
1777 2080
1778 554
1802 544
1802 2079
1827 544
1827 2075
1852 539
1852 2075
1877 534
1877 2075
1902 534
1902 2070
1927 534
1927 2065
1950 1665
1952 529
1952 2064
1960 1688
1970 1711
1974 1657
1976 2055
1977 534
1977 1735
1985 1759
1995 1782
1996 1645
2000 1807
2001 2050
2002 534
2005 1832
2010 1857
2010 1890
2010 1915
2010 2020
2015 1940
2015 1965
2015 1990
2018 1633
2027 534
2030 1060
2040 1035
2040 1620
2049 1077
2050 544
2050 995
2055 569
2055 970
2060 594
2060 620
2060 1605
2065 645
2065 920
2065 945
2070 670
2070 885
2073 1085
2075 695
2075 720
2075 745
2075 780
2075 805
2075 830
2075 855
2080 1590
2094 1099
2100 1575
2117 1109
2120 1560
2139 1542
2140 1119
2159 1527
2160 1134
2177 1509
2183 1145
2195 1490
2203 1160
2214 1472
2223 1175
2232 1454
2240 1194
2247 1434
2260 1209
2262 1414
2275 1229
2277 1394
2294 1246
2295 1370
2310 1350
2312 1264
2325 1325
2327 1284
