369 2257
379 2217
389 2177
393 2265
399 2142
409 2107
418 2270
419 2072
429 2037
439 2007
443 2275
449 1977
459 1947
468 2280
469 1917
479 1892
489 1862
493 2285
499 1837
509 1812
518 2285
519 1787
529 1762
539 1737
543 2290
549 1712
559 1687
568 2295
571 1665
580 1641
589 1617
593 2300
601 1595
614 1567
618 2300
624 1542
636 1520
643 2305
649 1492
661 1470
668 2310
674 1447
686 1425
693 2315
699 1402
711 1380
718 2315
724 1357
736 1335
743 2320
749 1312
761 1290
768 2323
774 1267
789 1242
793 2325
804 1217
818 2330
819 1192
834 1172
843 2330
849 1147
864 1122
868 2335
879 1102
893 2335
894 1082
909 1057
918 2340
924 1037
939 1017
943 2340
954 997
968 2345
969 977
984 957
993 2345
999 937
1014 917
1018 2345
1029 897
1043 2350
1044 877
1059 857
1068 2350
1077 839
1092 819
1093 2350
1107 799
1118 2355
1125 781
1140 761
1143 2355
1159 737
1168 2355
1177 719
1192 699
1193 2355
1210 681
1218 2358
1229 662
1243 2360
1244 642
1264 622
1268 2360
1282 604
1293 2360
1300 586
1318 2360
1319 567
1337 549
1343 2360
1359 561
1368 2360
1377 579
1392 599
1393 2360
1410 617
1418 2360
1428 635
1443 655
1443 2360
1460 674
1468 2360
1475 694
1490 714
1493 2360
1509 731
1518 2355
1524 751
1539 771
1543 2358
1554 791
1568 2355
1572 809
1585 831
1593 2355
1602 850
1617 870
1618 2355
1632 890
1643 2355
1647 910
1660 932
1668 2350
1675 952
1690 972
1693 2350
1705 992
1717 1014
1718 2348
1732 1034
1743 2345
1747 1054
1760 1076
1768 2345
1774 1097
1786 1119
1793 2340
1801 1139
1813 1161
1818 2340
1825 1183
1840 1203
1843 2335
1852 1225
1865 1247
1868 2335
1880 1267
1892 1289
1893 2330
1904 1311
1915 1334
1918 2328
1928 1356
1940 1378
1943 2325
1952 1400
1964 1422
1968 2320
1975 1445
1985 1468
1993 2320
2000 1488
2010 1511
2018 2315
2020 1534
2033 1556
2043 2310
2045 1578
2054 1602
2065 1625
2068 2305
2075 1648
2085 1671
2093 2303
2095 1694
2105 1717
2117 1739
2118 2300
2129 1761
2137 1785
2143 2295
2145 1809
2158 1831
2167 1855
2168 2290
2175 1879
2185 1902
2193 2285
2195 1925
2205 1948
2214 1972
2218 2280
2223 1996
2232 2020
2240 2044
2243 2275
2250 2067
2260 2090
2267 2114
2268 2270
2275 2138
2285 2161
2293 2265
2295 2184
2300 2209
2310 2232
