109 1287
127 1269
127 1305
145 1251
147 1320
164 1234
167 1335
186 1220
189 1347
209 1207
211 1359
231 1194
234 1370
254 1184
256 1383
276 1170
278 1395
299 1159
300 1407
321 1145
322 1420
340 1438
344 1132
359 1455
364 1117
374 1475
382 1099
389 1495
397 1079
404 1515
409 1057
424 1530
427 1039
446 1543
447 1024
469 1012
470 1550
493 1004
494 1557
518 999
519 1560
543 999
544 1565
568 994
569 1565
593 994
594 1565
618 994
619 1565
634 407
634 432
634 457
634 482
639 507
639 777
643 994
644 372
644 532
644 752
644 802
644 1565
649 557
649 2057
649 2082
649 2107
654 582
654 722
654 825
654 2022
654 2132
656 350
659 607
659 632
659 697
659 1747
659 1992
659 2157
664 657
664 848
664 1772
664 1967
668 994
669 1570
669 1712
669 1797
669 1942
671 330
671 2179
674 871
674 1912
679 1820
679 1845
679 1870
681 1690
684 2201
686 310
689 891
693 989
694 1570
694 1667
701 913
702 2219
706 1645
711 314
718 989
719 931
719 1575
719 2238
724 1622
733 326
734 951
739 1590
743 984
744 2237
757 334
766 2225
780 344
791 2220
805 349
816 2215
830 354
841 2215
855 354
866 2215
880 354
891 2215
905 354
916 2215
930 354
941 2210
954 361
965 2200
976 374
988 2188
998 386
1008 2173
1018 401
1028 2158
1036 419
1046 2140
1054 437
1061 2120
1072 455
1079 2102
1087 475
1094 2082
1102 495
1112 2064
1120 513
1127 2044
1135 533
1145 2025
1153 551
1165 2010
1173 566
1185 1995
1195 579
1209 1987
1218 589
1231 1975
1240 602
1251 1960
1262 614
1269 1942
1279 592
1294 1945
1297 574
1314 1960
1317 559
1336 1973
1341 550
1360 1982
1364 539
1382 1995
1386 525
1400 2013
1406 510
1419 2030
1424 492
1434 2050
1439 472
1451 2069
1457 454
1466 2089
1475 436
1484 2107
1490 416
1502 2125
1509 397
1517 2145
1527 379
1537 2160
1545 361
1557 2175
1567 349
1577 2190
1587 334
1601 2198
1611 325
1625 2205
1636 319
1650 2205
1661 319
1675 2205
1686 324
1700 2205
1711 324
1725 2205
1736 324
1750 2210
1761 319
1774 2217
1785 311
1798 2225
1805 1575
1809 304
1810 935
1812 1599
1820 958
1821 2235
1825 324
1825 915
1830 1570
1830 1617
1840 895
1842 1639
1844 341
1844 966
1846 2240
1853 873
1855 1565
1857 1659
1859 361
1860 660
1860 685
1860 710
1861 2220
1865 630
1865 735
1865 845
1868 974
1869 1681
1870 605
1870 760
1874 381
1875 580
1875 785
1875 815
1876 2200
1880 555
1880 1565
1880 1704
1880 1825
1880 1850
1880 1875
1880 1900
1880 1925
1882 405
1885 525
1885 1950
1890 429
1890 454
1890 479
1890 1727
1890 1795
1890 1975
1890 2175
1893 974
1895 1752
1895 2000
1900 2025
1900 2145
1905 1560
1905 2050
1905 2075
1905 2100
1918 979
1930 1560
1943 979
1955 1560
1968 979
1980 1560
1993 979
2005 1555
2018 980
2030 1555
2043 984
2055 1550
2068 989
2080 1545
2093 994
2103 1535
2116 1004
2125 1520
2139 1014
2144 1502
2158 1031
2159 1482
2174 1462
2176 1049
2188 1071
2189 1442
2203 1091
2209 1427
2221 1109
2229 1412
2239 1127
2251 1400
2261 1139
2271 1385
2283 1151
2294 1375
2303 1166
2317 1364
2327 1174
2338 1350
2347 1189
2360 1335
2369 1201
2383 1323
2391 1214
2403 1308
2411 1229
2423 1293
2433 1241
2441 1275
