314 552
314 577
314 602
314 627
314 652
314 677
314 702
319 727
319 752
324 777
329 802
334 827
339 549
339 852
349 875
354 900
364 554
364 923
374 946
386 968
389 554
401 988
414 559
416 1008
431 1028
439 564
449 1046
464 564
469 1061
489 569
491 1073
513 1085
514 574
537 1094
539 574
562 1100
564 579
587 1105
589 579
611 1113
614 584
635 1120
639 584
660 1122
664 589
684 1130
689 589
709 1135
714 594
734 1140
739 594
759 1140
764 594
784 1145
789 599
809 1145
814 599
834 1145
839 604
859 1150
864 604
884 1150
889 604
909 1150
914 609
934 1150
939 609
959 1150
964 609
984 1145
989 614
1009 1145
1014 614
1034 1140
1039 614
1059 1140
1064 614
1084 1135
1089 619
1109 1130
1114 619
1124 1747
1124 1777
1124 1802
1124 1827
1124 1852
1124 1877
1124 1902
1124 1927
1124 1952
1124 1977
1124 2002
1124 2027
1124 2052
1124 2077
1124 2107
1129 1642
1129 1667
1129 1692
1129 1717
1129 2132
1129 2157
1134 1125
1134 1562
1134 1587
1134 1612
1134 2182
1139 619
1139 1487
1139 1512
1139 1537
1139 2207
1139 2232
1144 1427
1144 1452
1144 2257
1149 1367
1149 1392
1149 2282
1154 1317
1154 1342
1154 2307
1159 1120
1159 1272
1159 2332
1164 619
1164 1222
1164 1247
1164 2357
1169 1177
1174 1140
1174 2380
1184 2403
1189 619
1197 2425
1212 2445
1214 619
1230 2463
1239 619
1252 2475
1264 624
1277 2475
1289 621
1302 2475
1314 622
1325 2465
1339 624
1348 2453
1364 621
1372 2445
1389 622
1397 2440
1414 624
1422 2440
1439 621
1447 2440
1464 622
1472 2445
1489 624
1496 2453
1514 621
1520 2462
1539 622
1542 2474
1564 624
1565 2485
1589 619
1590 2487
1614 619
1614 2480
1633 2463
1639 619
1648 2443
1660 2415
1664 619
1665 1115
1665 1145
1670 1170
1670 1200
1670 2390
1675 1225
1675 1250
1680 1275
1680 1300
1680 1335
1680 2350
1685 1360
1685 1395
1685 2325
1689 619
1690 1120
1690 1420
1690 1445
1690 1470
1690 2300
1695 1495
1695 1520
1695 1545
1695 2260
1700 1570
1700 1595
1700 1630
1700 2215
1705 1655
1705 1680
1705 1705
1705 1745
1705 2140
1705 2165
1705 2190
1710 1770
1710 1795
1710 1820
1710 1845
1710 1870
1710 1895
1710 1920
1710 1945
1710 1970
1710 1995
1710 2020
1710 2045
1710 2070
1710 2095
1714 616
1715 1125
1739 617
1740 1130
1764 614
1765 1135
1789 614
1790 1140
1814 614
1815 1140
1839 609
1840 1145
1864 609
1865 1150
1889 609
1890 1150
1914 607
1915 1155
1939 604
1940 1155
1964 604
1965 1155
1989 602
1990 1160
2014 599
2015 1160
2039 599
2040 1160
2064 594
2065 1160
2089 594
2090 1160
2114 594
2115 1155
2139 589
2140 1155
2164 589
2165 1150
2189 584
2190 1145
2214 584
2215 1140
2238 1130
2239 579
2261 1120
2264 579
2286 1115
2289 574
2311 1115
2314 574
2336 1110
2339 569
2361 1105
2364 569
2383 1093
2389 564
2405 1080
2414 562
2425 1065
2439 559
2444 1047
2459 1027
2464 554
2474 1007
2485 980
2489 552
2495 955
2505 930
2514 549
2515 895
2520 870
2525 845
2530 810
2535 765
2539 551
2540 576
2540 610
2540 660
2540 695
2540 720
2545 635
