399 1412
399 1482
404 1307
404 1332
404 1357
404 1382
404 1507
409 1262
409 1532
414 1232
414 1557
419 1197
419 1582
423 1419
423 1489
424 1607
429 1157
429 1632
434 1657
439 1122
444 1680
445 1405
446 1499
449 1087
449 1705
459 1057
459 1728
469 1032
469 1751
470 1400
471 1504
474 1776
479 1007
486 1798
491 985
493 1390
494 1822
496 1509
500 961
506 1844
512 939
518 1385
519 1866
521 1509
524 912
529 1889
536 890
543 1385
543 1910
546 1509
549 867
555 1932
564 847
568 1380
569 1953
571 1509
579 822
582 1975
593 1380
594 802
596 1509
597 1995
609 782
609 2017
618 1378
621 1504
624 762
627 2035
639 742
642 2055
643 1380
646 1504
657 724
660 2073
668 1375
671 1499
675 706
679 2090
693 1378
694 682
694 2110
696 1494
714 667
714 2125
718 1380
721 1489
731 2144
732 649
743 1380
746 1484
749 2162
750 631
768 1383
769 2177
770 616
771 1479
787 2195
789 597
793 1385
796 1474
807 2210
811 584
818 1385
820 1466
827 2225
831 569
843 1390
844 1459
847 2240
852 554
868 1395
869 1454
869 2252
872 539
891 2265
893 1395
894 527
894 1447
914 2275
916 515
918 1400
918 1439
934 2290
939 502
942 1429
949 1405
957 2300
961 490
967 1424
979 2312
984 479
988 1410
1001 2324
1007 469
1025 2332
1030 459
1049 2340
1054 452
1072 2350
1078 444
1096 2358
1101 434
1120 2365
1126 429
1144 2372
1149 419
1169 2375
1174 414
1192 2385
1199 409
1217 2389
1224 404
1242 2390
1249 401
1267 2395
1274 399
1285 545
1285 570
1285 595
1285 620
1285 645
1285 670
1290 510
1290 695
1290 720
1292 2395
1295 485
1295 745
1297 770
1299 394
1305 450
1305 794
1310 819
1310 2165
1310 2190
1310 2215
1310 2240
1310 2265
1315 420
1315 844
1315 2125
1315 2290
1317 2400
1320 869
1320 2095
1322 2314
1324 396
1330 892
1330 2050
1330 2338
1335 917
1339 2362
1340 2015
1342 2400
1345 940
1350 1980
1352 964
1360 988
1360 1950
1370 1920
1379 392
1380 971
1380 1890
1389 937
1394 412
1397 1909
1399 902
1404 389
1404 435
1404 1933
1409 862
1414 458
1414 837
1414 1956
1414 2387
1419 812
1419 1981
1420 483
1424 787
1426 2365
1429 391
1429 507
1429 757
1429 2004
1434 532
1434 557
1434 717
1434 2029
1434 2337
1438 2395
1439 582
1439 607
1439 637
1439 662
1439 687
1439 2054
1444 2079
1444 2302
1449 2104
1449 2277
1454 394
1454 2129
1454 2154
1454 2197
1454 2222
1454 2247
1463 2395
1479 394
1488 2395
1504 399
1513 2395
1529 399
1538 2390
1554 404
1563 2388
1579 409
1588 2385
1604 414
1613 2378
1629 419
1637 2370
1653 426
1662 2365
1677 434
1687 2359
1702 439
1711 2350
1725 449
1725 1355
1734 2340
1748 459
1749 1364
1757 2330
1766 1345
1771 469
1774 1369
1780 2320
1791 1340
1794 479
1799 1374
1803 2310
1816 1335
1817 489
1824 1379
1826 2300
1840 499
1840 1325
1848 2288
1849 1384
1860 514
1865 1320
1870 2275
1874 1389
1883 524
1890 1315
1893 2263
1899 1391
1905 537
1915 1310
1915 2250
1924 1394
1927 549
1935 2235
1940 1305
1947 564
1949 1399
1958 2223
1965 1300
1967 579
1974 1404
1978 2208
1987 594
1990 1295
1998 2193
1999 1404
2007 609
2015 1295
2016 2175
2024 1409
2027 624
2036 2160
2040 1290
2045 642
2049 1409
2054 2142
2063 660
2065 1285
2072 2124
2074 1411
2080 679
2090 1285
2090 2105
2099 696
2099 1411
2109 2087
2115 1280
2117 714
2124 1412
2127 2069
2135 732
2140 1280
2142 2049
2149 1414
2150 752
2160 2030
2165 772
2165 1280
2174 1411
2175 2010
2183 790
2190 1280
2190 1990
2195 812
2199 1409
2205 1965
2210 832
2215 1280
2220 1945
2224 1409
2225 852
2233 1923
2237 874
2240 1280
2245 1900
2249 896
2249 1404
2260 919
2260 1875
2265 1282
2273 941
2273 1853
2274 1397
2285 963
2285 1825
2290 1285
2294 987
2295 1800
2298 1389
2305 1010
2305 1775
2315 1033
2315 1290
2315 1750
2320 1058
2322 1379
2325 1720
2330 1081
2335 1690
2337 1105
2338 1300
2344 1367
2345 1129
2345 1655
2350 1154
2355 1179
2355 1610
2360 1204
2363 1305
2364 1352
2365 1229
2365 1555
2365 1580
2370 1254
2370 1520
2375 1279
2375 1375
2375 1410
2375 1475
2377 1435
