259 1272
274 1292
277 1254
292 1310
295 1236
312 1325
314 1217
330 1343
334 1202
350 1358
354 1187
369 1375
374 1172
391 1388
394 1157
411 1403
416 1144
433 1415
437 1129
453 1430
459 1117
475 1442
481 1104
499 1450
504 1094
521 1463
527 1084
543 1475
550 1074
554 557
554 582
554 607
554 1922
554 1947
554 1972
559 632
559 657
559 682
559 1867
559 1892
564 707
564 1832
564 1995
567 1484
569 732
569 1807
573 1064
574 757
574 1782
579 554
579 782
584 807
584 1742
589 1995
592 1490
594 830
594 1707
597 1054
599 855
604 554
604 1677
609 878
614 1652
614 1995
615 1500
619 901
622 1049
626 1630
629 556
629 924
639 947
639 1602
639 1990
640 1505
646 1040
651 969
651 1580
654 559
664 991
664 1512
664 1552
664 1990
671 1034
679 559
679 1532
689 1985
704 564
714 1985
729 569
739 1980
754 574
764 1975
779 579
788 1968
804 584
812 1960
828 591
837 1955
852 599
860 1945
875 609
884 1937
899 616
908 1928
921 629
930 1915
944 639
953 1905
967 649
976 1895
989 661
998 1883
1011 674
1018 1868
1031 689
1037 664
1037 1885
1044 627
1044 1909
1049 1934
1054 597
1059 1957
1064 567
1064 1982
1074 542
1074 2005
1085 2028
1086 520
1097 2050
1099 492
1106 2074
1111 470
1119 2096
1124 442
1134 2116
1139 422
1146 2138
1154 397
1161 2158
1169 377
1174 2180
1184 357
1191 2199
1199 337
1206 2219
1214 317
1224 2237
1232 299
1239 2257
1250 281
1257 2275
1269 262
1277 2290
1291 274
1295 2270
1309 292
1314 2252
1324 312
1332 2234
1342 330
1347 2214
1357 350
1362 2194
1375 368
1377 2174
1387 390
1392 2154
1402 410
1405 2130
1415 432
1420 2110
1430 452
1433 2088
1442 474
1445 2060
1450 498
1458 2038
1462 520
1470 2010
1474 542
1480 1985
1483 566
1490 590
1490 1955
1500 613
1500 1925
1505 638
1510 663
1510 1885
1515 688
1515 1860
1536 1874
1537 674
1559 662
1559 1885
1581 650
1581 1898
1603 1910
1604 639
1626 1920
1627 629
1649 617
1649 1930
1672 1940
1673 609
1695 1950
1696 599
1719 1957
1720 591
1743 1965
1744 584
1768 1970
1769 579
1793 1975
1794 574
1818 1980
1819 569
1843 1985
1844 564
1860 1030
1860 1515
1868 1990
1869 559
1874 1536
1875 1005
1884 1037
1885 1510
1885 1559
1890 980
1893 1990
1894 559
1898 1581
1903 958
1908 1044
1910 1505
1910 1603
1915 930
1918 1990
1919 557
1920 1626
1928 908
1930 1649
1933 1049
1935 1500
1937 884
1940 1672
1943 1995
1944 554
1945 860
1950 1695
1955 830
1956 1059
1957 1719
1958 1490
1965 790
1965 1743
1968 1995
1969 554
1970 1768
1975 745
1975 1793
1980 720
1980 1818
1981 1064
1983 1483
1985 685
1985 1843
1990 630
1990 655
1990 1868
1990 1893
1990 1918
1993 1993
1994 556
1995 581
1995 1943
1995 1968
2004 1074
2007 1474
2027 1084
2029 1462
2049 1096
2051 1450
2073 1105
2075 1440
2094 1119
2098 1428
2115 1133
2120 1415
2137 1145
2140 1400
2157 1160
2160 1385
2178 1174
2183 1373
2198 1190
2201 1355
2218 1205
2221 1340
2235 1224
2239 1322
2255 1239
2259 1307
2274 1256
2277 1289
