314 962
314 987
319 1012
319 1037
324 1062
329 1087
332 944
334 1112
344 1135
347 924
349 1160
356 1184
364 1208
365 906
374 1231
384 887
384 1254
401 1273
402 869
422 854
425 1280
442 839
448 1290
460 821
473 1295
480 806
498 1300
500 791
521 1310
522 779
542 764
546 1315
559 1802
567 759
569 1825
571 1320
574 1782
574 1850
579 1875
589 1762
589 1898
590 769
596 1325
599 1921
604 1742
607 1945
614 776
616 1720
616 1969
621 1330
625 1993
636 1704
637 2015
638 785
646 1335
649 2037
652 1684
661 2059
662 794
667 1664
671 1338
674 2081
685 804
685 1646
695 2095
696 1340
700 1626
708 814
719 1609
720 2100
721 1345
731 824
736 1590
745 2105
746 1345
754 834
754 1572
770 2110
771 1345
774 1557
775 848
792 1539
795 2115
796 1350
799 856
812 1524
820 2117
821 869
821 1350
832 1509
843 881
845 2120
846 1350
852 1494
865 894
870 1476
870 2120
871 1350
885 909
892 1464
895 2120
896 1345
908 919
912 1449
920 2120
921 1345
928 934
932 1434
945 2120
946 1345
948 950
954 1422
970 962
970 2120
971 1340
976 1409
990 977
994 2112
996 1335
997 1394
1004 432
1004 457
1004 482
1004 507
1004 532
1009 557
1009 582
1009 607
1009 2092
1010 992
1014 632
1019 657
1019 682
1019 1382
1021 1335
1024 417
1024 707
1024 2072
1028 1010
1029 732
1034 757
1039 782
1040 2050
1041 1370
1042 399
1046 1330
1048 1025
1049 805
1054 830
1055 2030
1059 855
1062 384
1065 1044
1065 1361
1068 2008
1069 878
1071 1325
1079 901
1082 369
1083 1988
1084 926
1085 1059
1087 1349
1094 949
1095 1965
1096 1320
1104 357
1104 972
1104 1076
1110 1935
1113 1339
1114 995
1119 1096
1121 1315
1124 342
1124 1018
1125 1910
1134 1041
1135 1885
1137 1114
1145 1305
1146 329
1146 1063
1150 1860
1155 1132
1158 1085
1160 1835
1167 314
1170 1107
1173 1150
1173 1813
1180 1785
1188 1170
1190 304
1193 1763
1200 1735
1210 1705
1213 294
1220 1670
1230 1630
1235 281
1240 1585
1250 1540
1255 1500
1257 269
1260 1465
1265 1405
1265 1430
1282 269
1284 1447
1289 1472
1289 1497
1294 1522
1299 1547
1304 1572
1305 279
1309 1597
1314 1622
1319 1647
1328 289
1329 1670
1334 1695
1340 1165
1341 1719
1349 1743
1351 299
1355 1145
1359 1766
1368 1123
1369 1789
1373 311
1376 1813
1380 1100
1380 1146
1388 1835
1390 1305
1395 324
1395 1070
1395 1126
1396 1859
1407 1324
1409 1881
1410 1045
1415 339
1415 1111
1419 1904
1423 1023
1429 1336
1429 1927
1434 1092
1435 990
1438 350
1441 1949
1445 965
1449 1072
1449 1320
1451 1349
1456 1969
1458 943
1459 364
1465 915
1467 1054
1469 1991
1474 1325
1475 890
1475 1357
1479 379
1484 2011
1485 860
1487 1039
1494 2034
1495 820
1497 1369
1499 394
1499 1330
1505 785
1505 1021
1509 2054
1510 760
1515 735
1518 411
1520 1379
1524 1335
1525 685
1525 710
1525 1006
1526 2073
1530 650
1535 610
1538 426
1540 540
1540 565
1540 1394
1541 2093
1544 989
1545 450
1545 475
1545 500
1549 1335
1556 2113
1563 1404
1564 972
1574 1340
1580 2120
1584 957
1586 1414
1599 1345
1605 2120
1606 945
1606 1429
1624 1345
1626 930
1628 1441
1630 2120
1646 1459
1649 917
1649 1345
1655 2120
1668 1471
1669 902
1674 1350
1680 2120
1688 1486
1691 890
1699 1350
1705 2120
1708 1501
1711 875
1724 1350
1728 1516
1730 2115
1734 864
1746 1534
1749 1350
1755 2115
1757 854
1766 1549
1774 1345
1779 842
1780 2110
1784 1567
1799 1345
1801 830
1804 1582
1805 2105
1819 1602
1824 1345
1825 821
1830 2100
1839 1617
1847 809
1849 1340
1855 2095
1857 1635
1870 799
1872 1655
1874 1340
1875 2080
1887 1675
1888 2058
1894 792
1899 1335
1900 2035
1905 1693
1913 2013
1918 784
1923 1711
1924 1330
1925 1985
1935 1733
1935 1960
1941 774
1945 1935
1949 1325
1950 1753
1955 1905
1965 766
1965 1773
1965 1880
1974 1322
1975 1845
1980 1793
1985 1818
1989 759
1999 1317
2012 769
2023 1310
2032 784
2048 1303
2054 796
2073 1298
2074 811
2094 826
2097 1290
2114 841
2120 1280
2132 859
2145 1275
2152 874
2165 1250
2170 892
2175 1225
2185 1200
2188 910
2195 1170
2205 929
2205 1135
2215 1095
2220 949
2225 1045
2225 1070
2230 1005
2235 969
