384 957
399 977
408 950
417 995
433 954
439 1007
458 954
459 1097
461 1020
477 1115
481 1084
482 1034
483 959
497 1130
499 1053
508 964
521 1138
529 1242
533 969
543 1150
551 1254
558 974
561 1230
568 1155
576 1260
583 979
586 1224
590 1167
601 1265
604 907
608 984
611 1219
614 1175
619 927
626 1270
629 904
633 984
634 947
635 1211
651 1275
654 909
676 1280
678 916
694 2012
699 1332
701 1285
702 924
704 1977
709 1657
714 1787
716 1955
718 2020
721 1319
724 1637
725 1292
726 1765
727 929
729 857
729 1927
734 1660
735 1340
739 1790
740 2000
741 879
741 1745
742 1619
744 1902
752 934
756 899
756 1725
756 1880
758 1653
760 1340
762 1604
762 1780
763 1988
764 869
771 1705
771 1860
781 1970
782 1589
783 1650
784 1682
784 1832
785 1340
787 879
787 1775
796 1810
801 1955
802 1574
809 891
809 1402
810 1340
814 1487
819 1552
824 1945
829 906
833 1394
834 1472
835 1340
839 1537
846 1958
849 1983
850 920
855 1381
856 1459
860 1340
861 1524
870 1480
872 1400
873 930
874 1987
877 1369
879 1447
880 1506
885 1340
890 949
894 1972
897 1395
899 1432
912 1954
913 960
921 1419
927 1934
928 1395
929 907
935 972
940 1910
941 929
954 951
959 1892
966 929
974 1872
984 947
994 1857
1004 962
1009 877
1009 1947
1014 1897
1014 1922
1018 1865
1019 900
1022 980
1030 923
1033 1954
1039 752
1042 945
1044 777
1045 1930
1046 989
1049 802
1055 922
1059 825
1060 1905
1066 764
1066 849
1069 567
1069 592
1073 1883
1074 617
1074 642
1074 873
1074 939
1079 667
1079 692
1084 717
1084 742
1084 896
1085 1860
1091 579
1098 1838
1106 599
1110 1815
1118 621
1130 643
1133 1805
1149 1825
1155 646
1164 562
1164 587
1164 612
1169 497
1169 522
1170 1805
1174 467
1180 1780
1184 442
1190 1750
1200 1710
1204 457
1210 1680
1220 1655
1223 474
1241 1669
1244 1694
1246 1719
1247 464
1249 1744
1259 432
1269 392
1269 1687
1270 1660
1279 357
1285 1640
1294 332
1304 1657
1309 1682
1312 350
1314 1707
1319 1732
1320 374
1325 399
1329 1755
1330 424
1335 449
1335 474
1340 499
1340 524
1345 549
1345 1715
1350 574
1370 1717
1373 584
1382 1739
1389 1763
1391 565
1399 1786
1404 542
1404 1811
1416 1833
1422 524
1424 1857
1430 548
1430 573
1430 598
1430 623
1430 648
1435 673
1436 1879
1449 1901
1460 676
1460 835
1460 860
1461 1923
1470 795
1475 945
1475 970
1475 1865
1475 1890
1479 652
1480 760
1481 874
1485 735
1488 923
1495 700
1495 895
1497 634
1497 854
1498 1855
1500 966
1505 658
1515 836
1516 1873
1519 947
1530 975
1531 1893
1537 929
1545 953
1546 1913
1547 994
1555 911
1561 1933
1569 982
1576 1953
1589 967
1596 1968
1600 1890
1600 1915
1600 1940
1607 949
1625 1370
1625 1430
1625 1885
1629 932
1632 1454
1635 1393
1644 1902
1650 1365
1650 1430
1651 919
1654 1466
1662 1920
1664 1409
1672 904
1674 1481
1675 1370
1675 1435
1677 1940
1692 889
1694 1496
1697 1955
1698 1425
1700 913
1700 1370
1710 1325
1712 1975
1713 1445
1714 934
1716 1509
1720 1348
1725 1373
1727 1995
1734 1527
1735 1320
1735 1570
1737 1595
1739 927
1740 1710
1744 1356
1747 1734
1747 2010
1754 1542
1755 1613
1760 1315
1760 1756
1761 915
1761 1375
1764 1565
1765 1705
1765 2028
1773 1631
1774 1777
1775 1900
1775 1925
1780 1950
1784 904
1784 2045
1785 1315
1786 1799
1789 1712
1790 1973
1791 1649
1800 1895
1800 1996
1801 1819
1806 1669
1807 894
1807 2020
1807 2055
1810 1315
1811 1724
1815 1840
1824 1687
1825 1863
1825 1900
1830 884
1830 940
1832 965
1835 1315
1835 1732
1839 1707
1849 922
1853 874
1857 969
1860 1310
1860 1732
1864 902
1876 864
1881 960
1885 1310
1895 1240
1897 1265
1906 955
1910 1305
1918 1230
1921 1274
1931 949
1935 1305
1941 1220
1955 941
1955 1289
1960 1135
1965 1210
1967 1159
1979 934
1980 1120
1990 1169
1990 1205
2003 1110
2004 932
2013 1195
2025 960
2025 985
2026 1100
2027 1174
2029 929
2046 999
2048 1088
2071 999
2072 1079
2094 1067
2096 999
2116 1055
2121 999
2138 1043
2146 994
2158 1028
2171 999
