514 707
514 732
514 767
514 952
514 977
514 1012
514 1202
514 1227
514 1262
514 1447
514 1472
514 1507
514 1697
514 1722
514 1757
514 1942
514 1967
514 2002
514 2192
514 2217
514 2252
519 532
519 657
519 792
519 902
519 1037
519 1152
519 1287
519 1397
519 1532
519 1647
519 1782
519 1892
519 2027
519 2142
519 2277
519 2387
524 487
529 555
529 582
529 607
529 815
529 840
529 925
529 1060
529 1085
529 1310
529 1335
529 1420
529 1555
529 1580
529 1805
529 1830
529 1915
529 2050
529 2075
529 2300
529 2325
531 679
531 1174
531 1669
531 2164
534 632
534 865
534 1110
534 1360
534 1605
534 1855
534 2100
534 2350
539 709
539 956
539 1204
539 1451
539 1699
539 1946
539 2194
543 2395
548 480
568 495
568 2395
588 510
593 2400
613 514
616 2410
638 509
640 2390
662 499
663 2380
681 2398
687 504
703 2410
712 509
728 2410
737 509
750 2395
757 524
774 487
775 2395
799 484
800 2395
820 498
825 2395
840 513
848 2405
865 514
873 2410
888 504
890 2375
913 500
913 2385
933 2400
937 509
956 2410
962 504
981 2410
985 514
1001 2395
1005 529
1019 487
1024 512
1026 2395
1043 480
1051 2395
1063 495
1076 2395
1083 510
1099 2405
1108 514
1124 2410
1133 509
1138 2388
1157 499
1163 2390
1182 504
1183 2405
1207 509
1208 2410
1232 509
1233 2408
1252 524
1255 2395
1269 487
1280 2395
1294 484
1305 2395
1315 498
1330 2397
1335 513
1354 2405
1360 514
1379 2402
1383 504
1385 2375
1408 500
1408 2385
1428 2400
1432 509
1451 2410
1457 504
1476 2410
1480 514
1496 2395
1500 529
1514 487
1519 512
1521 2395
1538 480
1546 2395
1558 495
1571 2395
1578 510
1594 2405
1603 514
1619 2410
1628 509
1633 2388
1652 499
1658 2390
1677 504
1678 2405
1702 509
1703 2410
1727 509
1728 2408
1747 524
1750 2395
1764 487
1775 2395
1789 484
1800 2395
1810 498
1825 2397
1830 513
1849 2405
1855 514
1874 2402
1878 504
1880 2375
1903 500
1903 2385
1923 2400
1927 509
1946 2410
1952 504
1971 2410
1975 514
1991 2395
1995 529
2009 487
2014 512
2016 2395
2033 480
2041 2395
2053 495
2066 2395
2073 510
2089 2405
2098 514
2114 2410
2123 509
2128 2388
2147 499
2153 2390
2172 504
2173 2405
2197 509
2198 2410
2222 509
2223 2408
2242 524
2245 2395
2259 487
2270 2395
2284 484
2295 2395
2305 498
2320 2397
2325 513
2344 2405
2350 514
2365 745
2365 990
2365 1240
2365 1485
2365 1735
2365 1980
2365 2230
2369 2402
2372 1014
2372 1509
2372 2004
2374 521
2375 550
2375 575
2375 615
2375 768
2375 795
2375 820
2375 860
2375 1045
2375 1070
2375 1110
2375 1263
2375 1290
2375 1315
2375 1355
2375 1540
2375 1565
2375 1605
2375 1758
2375 1785
2375 1810
2375 1850
2375 2035
2375 2060
2375 2100
2375 2253
2375 2280
2375 2305
2375 2345
2375 2375
2380 640
2380 725
2380 885
2380 1135
2380 1220
2380 1380
2380 1630
2380 1715
2380 1875
2380 2125
2380 2210
2384 972
2384 1467
2384 1962
2390 663
2390 908
2390 1158
2390 1403
2390 1653
2390 1898
2390 2148
2399 687
2399 932
2399 1182
2399 1427
2399 1677
2399 1922
2399 2172
