389 1212
407 1194
407 1230
425 1176
430 1240
444 1157
453 1250
462 1139
476 1260
482 1124
497 1274
500 1106
520 1091
522 1279
542 1079
547 1285
562 1064
571 1293
582 1049
596 1295
604 1037
620 1302
626 1025
645 1305
649 1014
670 1310
672 1004
695 994
695 1310
718 984
720 1315
729 1692
729 1717
729 1767
729 1792
734 1647
734 1742
734 1817
739 1612
739 1842
739 1867
742 974
744 1587
744 1892
745 1315
749 1917
754 1562
754 1942
759 1537
759 1967
767 969
769 1507
769 1990
770 1317
779 1482
789 1457
792 964
792 2000
795 1315
804 1437
812 1985
816 955
816 1415
820 1315
829 1392
834 1972
841 954
844 1372
845 1315
855 1955
859 1352
866 949
870 1310
874 482
874 507
874 532
875 1940
877 1334
879 557
879 587
884 612
891 949
894 635
895 1925
899 481
899 660
902 685
911 709
914 1907
916 944
920 733
923 489
932 755
934 1892
939 779
941 949
948 494
949 1872
953 800
964 823
966 949
967 1854
973 500
977 845
982 1834
989 867
991 954
997 509
997 1814
1001 889
1012 1794
1016 909
1016 959
1020 519
1025 933
1025 1770
1041 953
1043 529
1044 1752
1055 1725
1068 535
1070 1700
1085 1670
1090 547
1100 1645
1112 559
1113 1623
1125 1647
1134 571
1134 1671
1142 1695
1154 1717
1156 584
1164 1740
1175 1763
1176 599
1189 1784
1198 611
1206 1803
1218 626
1218 1825
1236 1843
1238 641
1254 1861
1258 656
1269 1881
1276 674
1287 1899
1294 692
1309 1911
1312 710
1327 730
1327 1929
1345 748
1347 1944
1357 770
1369 1956
1372 790
1384 812
1389 1971
1396 834
1405 858
1411 1983
1415 881
1425 904
1431 1998
1444 887
1453 2010
1456 865
1469 842
1477 2019
1481 820
1494 797
1495 1585
1501 2028
1509 772
1509 1606
1520 1629
1523 2040
1524 752
1532 1595
1535 1649
1539 732
1545 1675
1547 2049
1554 712
1557 1600
1559 1696
1569 692
1570 1719
1572 2055
1580 1742
1582 1605
1584 672
1595 1762
1597 2060
1600 1787
1602 654
1607 1605
1610 1815
1620 636
1620 1838
1620 2070
1630 1861
1632 1609
1637 1885
1639 617
1640 1910
1645 1935
1645 2075
1650 1960
1650 1995
1655 1230
1655 2020
1655 2045
1657 1605
1661 604
1674 1212
1680 586
1682 1605
1689 1192
1693 1229
1700 571
1704 1172
1707 1604
1718 1224
1720 556
1720 1150
1732 1600
1735 1130
1742 544
1743 1224
1745 1105
1757 1595
1760 1070
1765 534
1768 1224
1773 1048
1775 557
1780 582
1780 1020
1782 1590
1788 606
1790 980
1793 1224
1795 630
1800 655
1800 945
1805 680
1805 920
1805 1580
1810 705
1810 730
1810 755
1810 840
1810 865
1810 890
1815 780
1815 805
1818 1224
1830 1575
1843 1229
1853 1565
1868 1229
1876 1555
1893 1230
1900 1545
1918 1234
1923 1535
1941 1244
1945 1520
1966 1249
1968 1508
1990 1495
1991 1249
2013 1483
2015 1257
2031 1465
2037 1269
2051 1450
2062 1274
2071 1435
2085 1284
2091 1420
2108 1295
2109 1402
2127 1384
2130 1307
2145 1365
2150 1322
2164 1347
