314 552
314 577
319 602
319 627
324 652
329 677
339 549
339 700
344 725
354 748
360 773
364 549
372 795
379 819
389 554
393 840
404 863
414 559
414 886
426 908
438 930
439 564
449 953
462 975
463 571
474 997
484 1020
487 579
494 1043
504 1066
510 589
514 1089
524 1112
534 596
534 1135
539 1160
556 1179
558 605
580 617
581 1180
604 626
606 1185
626 639
631 1188
650 647
656 1190
672 659
681 1195
695 669
706 1195
718 680
731 1200
740 692
756 1200
762 704
781 1205
787 709
806 1208
809 721
831 1210
833 730
856 1210
857 739
880 749
881 1215
904 756
906 1215
928 765
931 1220
952 774
956 1220
975 784
981 1220
1000 789
1006 1223
1025 794
1031 1225
1050 799
1056 1225
1074 806
1081 1225
1099 811
1106 1230
1124 814
1131 1230
1149 819
1156 1230
1174 824
1181 1230
1189 2207
1189 2232
1194 2167
1199 826
1199 2127
1204 2082
1206 1230
1209 2032
1209 2057
1214 1982
1214 2007
1214 2235
1219 1922
1219 1947
1224 829
1224 1852
1224 1877
1229 1772
1229 1797
1229 1822
1231 1230
1234 1662
1234 1687
1234 1712
1234 1737
1239 1254
1239 1279
1239 1304
1239 1332
1239 1357
1239 1387
1239 1417
1239 1447
1239 1472
1239 1497
1239 1522
1239 1547
1239 1572
1239 1597
1239 1622
1239 2230
1249 834
1264 2225
1274 834
1289 2225
1299 836
1314 2220
1324 839
1339 2217
1349 839
1364 2217
1374 839
1389 2215
1399 839
1414 2215
1424 839
1439 2217
1449 839
1464 2220
1474 839
1489 2220
1499 836
1514 2225
1524 834
1539 2230
1549 832
1564 2235
1574 829
1589 2240
1595 1230
1595 1255
1595 1280
1595 1305
1595 1330
1595 1355
1595 1380
1595 1405
1595 1430
1595 1455
1595 1480
1595 1505
1595 1530
1595 1555
1595 1580
1599 826
1600 1605
1600 1630
1600 1655
1600 1680
1600 1705
1605 1730
1605 1755
1607 1780
1610 1805
1610 1830
1614 2245
1615 1855
1615 1880
1620 1230
1620 1905
1620 1930
1624 824
1625 1955
1625 1980
1630 2005
1630 2030
1635 2055
1639 2250
1640 2080
1642 2105
1645 1230
1645 2130
1649 819
1650 2155
1655 2180
1657 2205
1660 2230
1662 2260
1670 1230
1674 814
1695 1225
1699 809
1720 1225
1724 804
1745 1225
1749 799
1770 1225
1774 794
1795 1222
1797 784
1820 1220
1822 779
1845 1220
1847 774
1870 764
1870 1217
1893 754
1895 1215
1918 749
1920 1215
1940 736
1945 1210
1964 729
1970 1210
1987 719
1995 1205
2010 709
2020 1205
2034 697
2045 1200
2058 689
2070 1200
2080 676
2095 1195
2102 664
2120 1195
2126 655
2145 1190
2149 642
2170 1185
2173 634
2195 621
2195 1185
2219 612
2220 1180
2243 604
2245 1175
2266 594
2270 1170
2290 586
2295 1170
2312 574
2320 1165
2337 569
2345 1160
2362 564
2369 1152
2378 1128
2386 555
2387 1104
2399 1082
2408 1058
2411 554
2420 1030
2433 1008
2436 549
2442 984
2454 962
2461 545
2463 938
2475 910
2485 880
2486 544
2495 850
2505 820
2511 545
2515 785
2525 735
2525 760
2530 705
2535 660
2536 549
2540 574
2540 599
2540 624
