404 2252
424 2267
426 2240
444 2222
446 2280
459 2202
471 2280
477 2184
480 2240
484 2152
494 2127
503 2250
519 2131
523 2265
529 2072
534 2097
544 2120
548 2265
551 2060
573 2270
576 2064
584 2012
584 2037
598 2270
599 1992
617 1974
621 2260
629 1952
646 2255
647 1934
659 1902
669 2265
671 1880
689 1862
691 2278
704 1842
714 1817
716 2280
725 2240
726 1795
739 1772
748 2250
751 1750
768 2265
769 1727
784 1692
793 2268
796 1670
818 2265
819 1657
824 1587
834 1610
837 1639
839 1567
843 2270
864 1562
868 2263
888 1554
889 1502
892 2255
894 1527
904 1482
915 2265
924 1467
934 1432
936 2279
946 1410
961 1390
961 2280
969 1352
970 2245
987 1334
995 2247
1007 1319
1015 2262
1019 1267
1024 1292
1034 1247
1040 2265
1049 1227
1054 1167
1059 1192
1065 2265
1069 1147
1078 2243
1089 1132
1100 2230
1107 1114
1119 1087
1124 1007
1124 1032
1124 1057
1125 2230
1139 987
1150 2235
1159 972
1169 947
1173 2223
1174 892
1175 2195
1179 817
1179 917
1184 842
1184 867
1190 2175
1199 757
1204 782
1204 814
1214 732
1215 2180
1234 717
1239 2187
1254 692
1261 2175
1269 667
1279 642
1286 2170
1294 617
1304 587
1311 2170
1322 569
1329 2152
1340 551
1351 2140
1363 561
1376 2140
1378 581
1387 605
1395 629
1397 2154
1408 651
1422 2159
1423 671
1435 693
1435 2115
1449 714
1460 2117
1470 728
1480 751
1480 2132
1490 774
1504 2140
1505 794
1515 817
1529 2140
1530 837
1540 895
1542 859
1550 918
1554 2145
1565 938
1578 2138
1580 958
1585 983
1600 1003
1603 2135
1618 1021
1627 1045
1627 2144
1645 1063
1647 2160
1663 1081
1667 2175
1675 2150
1681 1099
1690 1135
1695 2135
1700 1158
1710 1181
1714 2152
1720 1204
1732 2170
1735 1224
1754 1241
1757 2175
1760 1280
1770 1303
1774 1256
1780 2185
1785 1279
1785 1323
1803 1341
1803 2195
1818 1361
1825 1385
1826 2185
1835 1408
1850 1428
1850 2192
1865 1448
1870 1473
1870 2207
1879 1497
1888 2225
1901 1509
1908 2240
1920 1555
1920 2200
1921 1524
1939 1572
1943 2210
1957 1590
1961 2228
1970 1640
1972 1610
1980 1663
1983 2240
1990 1686
1995 1711
2005 1734
2006 2250
2015 1757
2027 1779
2029 2260
2040 1801
2054 2265
2057 1820
2072 1840
2077 2255
2085 1862
2100 1882
2102 2259
2105 1910
2110 1935
2120 1958
2127 2254
2132 1980
2140 2004
2151 2263
2153 2026
2155 2075
2162 2099
2171 2044
2176 2265
2180 2075
2180 2117
2192 2285
2195 2137
2205 2160
2205 2245
2215 2183
2227 2205
2230 2235
2244 2256
