399 1387
404 1302
404 1327
404 1352
404 1412
404 1437
404 1462
404 1487
409 1262
409 1512
409 1537
414 1232
414 1562
419 1197
419 1587
424 1612
429 1157
429 1637
439 1117
439 1660
444 1685
449 1087
451 1709
459 1057
459 1733
469 1032
469 1756
477 1780
479 1007
489 837
489 1802
491 985
494 862
499 1825
500 961
509 822
509 1848
512 939
518 870
519 1871
524 912
531 1893
534 824
536 890
544 1915
557 834
559 1935
570 1958
579 822
585 1978
594 802
599 1999
609 777
613 2020
627 759
631 2038
642 739
646 2058
660 721
664 2076
679 697
682 2094
697 679
697 2114
699 592
704 617
709 642
709 2182
717 2129
721 579
721 2160
727 2200
743 591
752 2195
755 613
772 2180
780 606
790 2198
800 591
810 2213
820 576
832 2225
840 561
852 2240
862 549
872 2255
882 534
894 2267
894 2302
904 522
906 2324
926 509
931 2325
949 497
949 2307
954 442
959 467
974 2310
976 429
997 2320
998 441
1013 461
1020 2330
1038 459
1043 2340
1061 449
1067 2349
1084 439
1089 2377
1099 2400
1109 432
1124 2405
1133 424
1140 2385
1158 419
1163 2375
1183 414
1188 2380
1208 409
1213 2385
1233 404
1238 2390
1258 399
1263 2395
1283 399
1288 2400
1299 2423
1300 2448
1308 394
1324 2455
1333 394
1345 2425
1358 394
1360 2405
1383 389
1385 2405
1408 390
1410 2405
1414 357
1429 337
1435 2402
1454 336
1460 2400
1465 359
1465 384
1485 2400
1488 394
1510 2395
1513 399
1535 2390
1538 404
1560 2390
1563 404
1585 2385
1588 409
1610 2380
1613 415
1634 2372
1638 420
1649 2392
1662 429
1671 2405
1687 434
1690 2355
1690 2385
1710 444
1715 2350
1733 454
1738 2340
1758 460
1761 2330
1778 444
1784 2320
1793 424
1805 480
1807 2309
1818 425
1824 462
1826 494
1831 2300
1848 506
1851 2285
1870 518
1874 2275
1892 530
1895 2260
1913 544
1918 2248
1935 557
1942 2255
1955 572
1967 2249
1970 2210
1977 584
1990 2195
1997 599
2010 2180
2015 617
2030 2165
2035 632
2049 2147
2055 616
2067 594
2067 2129
2080 665
2085 2110
2090 688
2092 594
2095 640
2104 2092
2105 616
2108 706
2122 2074
2126 724
2140 2050
2141 744
2159 762
2159 2032
2174 782
2174 2012
2189 802
2189 1992
2204 822
2204 1972
2216 844
2216 1950
2230 865
2230 1925
2244 886
2245 1900
2255 909
2260 1875
2268 931
2273 1853
2280 953
2285 1825
2290 976
2295 1800
2305 1775
2312 989
2315 1035
2315 1750
2322 1059
2325 1720
2330 1083
2335 1690
2337 989
2339 1107
2340 1030
2345 1132
2345 1655
2350 1157
2355 1007
2355 1182
2355 1610
2363 1206
2365 1231
2365 1555
2365 1580
2370 1256
2370 1520
2373 1281
2375 1306
2375 1475
2380 1331
2380 1356
2380 1381
2380 1406
2380 1431
