389 1257
389 1282
394 1307
406 1329
413 1249
429 1340
438 1244
454 1340
456 1225
474 1355
480 1216
489 1182
494 1370
514 1179
517 1380
539 1184
539 1392
554 1157
557 1410
572 1139
582 1415
597 1144
606 1423
622 1144
628 1435
637 1124
653 1440
662 1129
678 1445
684 1097
703 1448
708 1089
726 1458
731 1099
750 1467
755 1107
774 1460
780 1104
784 717
789 652
794 487
794 740
794 1952
797 1084
799 592
799 675
799 1465
799 1712
799 1977
804 617
804 1737
806 509
806 704
809 567
809 760
809 1847
814 822
814 1887
814 1997
819 531
819 847
819 1480
819 1812
819 1951
820 1074
822 1755
824 780
824 1709
824 1910
829 870
829 895
829 1787
832 2015
834 1657
839 918
839 1495
839 1930
839 2042
840 1089
844 526
846 1679
849 1707
852 1639
855 938
859 992
863 1079
863 1488
864 2045
867 960
868 534
870 1621
874 1582
877 1010
884 1557
885 1475
887 2035
888 1075
891 544
897 1025
902 1539
905 1056
910 1470
910 2025
912 1084
914 1502
916 544
924 1525
930 2010
932 1484
938 556
949 1465
950 578
950 1995
972 590
973 1985
993 604
996 1995
1005 1960
1016 614
1028 1950
1041 619
1052 1959
1060 1905
1065 1930
1066 619
1077 1959
1085 1905
1086 634
1101 654
1105 679
1110 1910
1120 699
1120 1850
1120 1875
1140 714
1145 1855
1155 734
1165 1805
1168 1865
1170 754
1175 1828
1185 774
1188 1795
1208 784
1213 1800
1215 1740
1220 1765
1228 800
1238 1730
1240 822
1240 847
1250 870
1260 1695
1260 1742
1269 852
1273 1673
1284 1707
1289 837
1294 1730
1309 822
1311 1749
1319 742
1324 797
1329 765
1329 1767
1343 734
1349 1782
1364 1802
1365 721
1379 1822
1389 712
1394 1842
1404 1865
1409 692
1419 657
1419 1885
1436 1904
1437 639
1455 621
1459 1915
1479 1930
1480 617
1499 1945
1505 611
1524 592
1524 1940
1534 567
1546 1953
1552 549
1561 1973
1577 549
1579 1991
1590 1075
1600 2005
1602 544
1610 1060
1620 1460
1625 534
1625 1040
1625 2005
1627 1484
1633 1070
1642 1504
1644 517
1644 1022
1645 1460
1650 945
1650 970
1650 995
1650 1545
1650 2007
1658 1069
1660 1568
1666 505
1668 1470
1670 2022
1675 940
1678 1586
1680 830
1683 1070
1690 910
1691 504
1693 1463
1694 851
1695 575
1695 2025
1696 1604
1700 885
1702 599
1703 820
1707 1079
1710 521
1710 1635
1710 1660
1712 1685
1715 710
1715 740
1715 765
1717 1710
1718 1460
1720 544
1720 570
1720 2000
1720 2025
1722 614
1725 788
1725 1735
1725 1760
1728 688
1730 638
1730 1089
1730 1830
1730 1950
1735 663
1735 1783
1735 1980
1737 1854
1740 1879
1743 1465
1744 1067
1749 1932
1750 1902
1756 1089
1766 1455
1775 1071
1791 1460
1797 1059
1812 1474
1819 1071
1837 1089
1837 1474
1840 1445
1860 1079
1865 1440
1884 1086
1890 1435
1908 1079
1913 1425
1931 1089
1938 1420
1953 1101
1960 1405
1973 1116
1983 1395
1988 1136
2003 1156
2008 1388
2025 1169
2032 1379
2048 1180
2049 1360
2072 1189
2073 1353
2088 1333
2095 1199
2108 1318
2115 1214
2128 1303
2135 1229
2146 1285
2154 1246
2166 1269
