244 767
244 792
244 817
249 842
261 864
262 749
264 889
269 914
271 939
279 963
287 744
289 986
294 522
294 547
294 572
294 597
294 622
294 647
294 672
294 697
299 722
304 487
304 1006
314 462
314 1029
324 427
331 1048
334 397
343 1070
349 372
361 1088
364 352
379 332
381 1103
384 1128
384 1153
394 312
394 1176
406 1198
412 294
419 1220
430 276
439 1235
449 257
454 1307
454 1332
454 1357
456 1254
459 1282
459 1382
464 237
469 1405
482 219
484 1425
497 199
501 1444
515 181
519 1462
534 162
537 1480
552 144
557 1495
575 1513
577 144
594 1530
597 129
616 1543
622 124
636 1558
645 114
656 1573
670 109
678 1585
695 109
698 1600
720 114
723 1600
745 119
746 1590
770 124
770 1580
793 135
794 1572
814 149
816 1560
833 166
836 1545
856 176
859 1535
875 1515
880 169
895 1500
905 169
914 1482
929 1462
930 174
944 1442
950 189
959 1422
971 1400
973 200
985 1375
993 215
995 1350
1005 1315
1010 1200
1010 1225
1010 1250
1010 1275
1013 230
1020 1175
1028 250
1035 1145
1040 272
1050 1115
1055 292
1055 1090
1060 317
1060 1065
1075 337
1084 1057
1085 360
1095 383
1099 1037
1100 408
1100 433
1100 458
1100 483
1100 508
1100 533
1100 558
1105 583
1105 608
1105 633
1105 658
1110 683
1114 1017
1124 704
1126 995
1135 960
1140 925
1149 709
1155 895
1168 873
1172 719
1180 743
1180 768
1180 793
1180 818
1180 843
