249 807
254 832
264 782
264 855
269 880
279 903
288 775
289 926
294 522
294 547
294 572
294 597
294 622
294 647
294 672
294 697
297 950
299 722
304 487
304 747
304 974
309 442
310 787
314 417
314 997
324 387
326 1019
334 362
341 1039
344 332
359 307
361 1055
374 282
382 1069
384 1094
384 1119
384 1144
389 257
389 1169
403 1190
407 239
415 1212
422 219
433 1230
440 201
448 1250
454 1307
454 1332
454 1357
459 182
459 1282
459 1382
469 1405
477 164
484 1425
497 149
501 1444
515 131
519 1462
535 116
537 1480
555 101
557 1495
575 1513
577 89
594 1530
597 74
616 1543
622 74
636 1558
647 74
656 1573
672 74
678 1585
697 79
698 1600
720 89
723 1600
745 94
746 1590
768 104
770 1580
791 114
794 1572
806 134
816 1560
824 152
836 174
836 1545
859 1535
861 174
875 1515
886 169
895 1500
911 169
914 1482
929 1462
935 177
944 1442
955 192
959 1422
971 1400
977 204
985 1375
995 1350
997 219
1005 1315
1010 1200
1010 1225
1010 1250
1010 1275
1017 234
1020 1175
1030 256
1035 1145
1044 277
1050 1115
1055 300
1055 1090
1060 1065
1065 323
1065 1010
1065 1035
1077 345
1085 369
1090 1010
1100 389
1100 414
1100 439
1100 464
1100 489
1100 514
1100 539
1100 564
1105 589
1105 614
1105 639
1105 664
1110 689
1110 990
1123 968
1130 704
1130 940
1135 905
1140 805
1140 830
1140 855
1140 880
1145 770
1150 719
1150 744
