4 117
9 142
9 232
14 167
14 192
27 250
29 114
52 250
54 119
77 129
77 245
100 235
102 134
124 227
127 139
148 220
152 139
171 210
177 144
196 210
199 112
202 144
221 99
221 210
229 242
239 265
244 87
244 220
246 289
259 311
268 79
283 303
291 69
298 283
315 260
316 64
339 54
340 255
364 47
365 260
389 44
390 260
414 46
415 265
436 59
440 265
454 77
465 265
478 84
490 265
494 62
504 39
515 265
519 12
540 265
544 7
563 24
565 260
579 297
579 322
583 40
584 347
590 260
595 62
606 335
610 82
618 313
630 280
635 84
640 250
660 89
665 245
685 89
690 240
710 94
713 230
735 99
738 225
760 104
761 215
785 109
785 205
808 119
810 200
831 129
833 188
840 153
855 175
