4 162
4 187
4 212
14 235
19 132
25 258
34 112
44 275
58 104
69 270
81 114
92 260
106 119
117 255
131 124
142 250
156 129
167 245
178 141
192 244
194 277
203 144
209 297
214 82
219 107
233 305
238 74
258 305
263 74
283 310
288 69
308 315
311 59
333 320
336 54
358 320
361 50
383 325
386 49
408 325
411 44
433 325
436 39
458 325
461 39
483 325
486 34
508 320
511 29
533 315
536 34
556 305
560 42
580 295
584 49
605 290
609 44
630 295
632 34
655 295
657 29
680 295
682 29
705 300
707 24
730 302
732 24
748 320
757 19
768 335
782 14
793 340
807 9
818 340
832 9
840 325
857 9
863 313
882 9
883 298
894 342
900 27
904 317
904 372
908 51
920 73
922 390
935 365
945 74
945 330
955 300
970 74
975 285
995 74
1000 280
1020 69
1025 275
1045 69
1050 270
1068 59
1074 262
1091 49
1098 253
1116 54
1122 245
1128 76
1143 96
1145 230
1155 118
1167 140
1168 218
1180 162
1186 200
