320 1616
328 1640
333 1594
335 1664
335 1689
336 1714
348 1574
351 1734
360 1536
364 1756
365 1781
380 1521
382 1800
405 1515
405 1810
422 1829
428 1505
440 1847
453 1504
464 1855
474 1490
489 1857
497 1480
514 1852
522 1475
536 1840
547 1470
560 1830
572 1465
583 1818
597 1470
607 1809
622 1470
628 1795
645 1460
650 1421
651 1785
663 1399
665 1346
665 1371
670 1296
670 1321
671 1770
680 1271
695 1251
695 1760
710 1231
714 1742
715 1196
730 1176
738 1733
749 1158
753 1713
769 1143
775 1700
780 1746
780 1771
787 1125
795 1101
805 1770
810 1081
830 1066
830 1775
849 1048
855 1780
864 1028
880 1780
882 1010
902 995
905 1785
920 976
924 1767
940 961
949 1770
963 949
969 1755
984 935
994 1755
1005 921
1019 1750
1028 909
1044 1745
1050 896
1069 1740
1075 890
1092 1729
1095 875
1117 1724
1120 870
1137 1709
1143 859
1162 1709
1167 850
1187 1709
1190 840
1211 1700
1213 850
1234 1690
1238 855
1257 1679
1263 860
1282 1679
1288 865
1302 1664
1313 864
1324 1652
1337 855
1346 1640
1350 831
1371 1640
1373 819
1386 1620
1393 804
1410 785
1411 1615
1434 1605
1435 786
1440 761
1459 1605
1464 753
1478 1588
1482 735
1494 713
1503 1583
1515 696
1527 1575
1530 676
1550 661
1550 1565
1573 649
1573 1553
1588 629
1588 1533
1603 1513
1609 615
1618 1493
1620 591
1630 1470
1640 1445
1645 590
1659 1427
1660 1360
1665 1385
1666 575
1673 1338
1681 555
1691 1320
1700 536
1710 511
1711 1305
1730 495
1736 1300
1753 484
1756 1285
1773 469
1778 1273
1791 450
1803 1270
1810 431
1825 1255
1830 406
1840 371
1845 1240
1865 375
1869 1232
1887 1214
1890 370
1911 355
1911 1205
1936 354
1936 1210
1954 372
1959 1200
1974 387
1984 1197
1990 407
2001 430
2006 1185
2010 454
2024 1167
2025 474
2038 496
2042 1149
2046 520
2064 1137
2066 505
2080 481
2080 1251
2080 1276
2080 1301
2082 1119
2095 1231
2099 463
2100 1100
2105 1295
2110 1270
2111 440
2114 1213
2115 1181
2116 1245
2120 1085
2131 425
2135 1166
2138 1220
2144 1077
2145 1141
2146 405
2150 1106
2155 381
2155 1200
2159 1057
2160 1025
2169 1088
2170 1180
2175 361
2175 1005
2183 1158
2195 346
2200 1181
2215 330
2222 1169
2240 330
2240 1145
2245 1090
2246 1115
2264 1072
2265 330
2265 915
2265 980
2265 1010
2266 940
2266 1035
2278 893
2288 320
2298 878
2310 835
2313 315
2330 820
2338 320
2349 802
2363 325
2364 782
2376 760
2388 330
2388 738
2400 710
2408 345
2423 698
2428 360
2435 675
2453 360
2455 655
2460 384
2465 630
2475 595
2485 390
2490 575
2500 550
2505 515
2506 404
2515 428
2518 493
2533 473
2535 443
