4 197
4 222
4 247
9 272
9 297
14 322
16 175
24 345
36 159
39 365
57 144
59 380
81 135
82 390
106 134
107 395
131 139
132 400
156 144
157 395
181 149
182 394
203 161
207 390
225 173
232 390
234 147
254 132
257 385
278 124
282 385
303 119
307 385
319 417
326 109
329 440
332 390
346 459
351 109
369 470
374 99
392 480
399 94
417 484
424 89
442 485
449 84
467 490
474 79
492 490
499 74
517 490
522 64
542 490
547 59
567 485
572 54
592 485
597 49
617 485
622 49
642 479
647 49
664 467
672 49
682 449
695 59
697 429
714 410
718 69
739 415
741 79
762 425
763 91
781 109
782 74
787 430
794 47
812 434
814 32
834 17
837 435
858 9
862 434
883 4
887 430
908 4
912 425
919 449
933 9
937 425
942 460
958 15
967 459
978 30
992 455
995 49
1015 64
1017 455
1030 84
1042 450
1045 104
1067 450
1070 104
1092 454
1095 104
1112 439
1120 109
1127 419
1145 109
1147 404
1169 392
1170 109
1194 390
1195 114
1219 387
1220 119
1244 385
1245 122
1269 380
1270 127
1294 134
1294 380
1319 139
1319 375
1342 149
1344 372
1367 149
1369 370
1390 159
1394 367
1410 174
1418 360
1430 189
1438 345
1449 206
1452 324
1460 229
1467 304
1470 252
1475 277
