4 552
4 577
16 530
24 592
31 510
48 600
49 492
67 474
73 605
87 459
98 605
107 444
109 628
121 650
123 605
127 429
131 673
135 629
148 600
149 417
154 662
165 619
169 737
169 762
173 409
173 593
178 655
184 702
184 782
189 807
190 614
196 399
196 680
198 588
203 650
211 820
221 394
222 580
224 277
236 299
236 820
246 389
249 276
249 321
259 830
261 343
271 264
271 384
275 289
283 823
285 312
295 377
300 332
301 805
314 827
319 349
325 795
332 845
344 354
345 780
352 860
364 837
369 349
369 879
369 904
370 760
376 928
384 952
394 349
394 975
419 349
419 980
442 970
443 356
461 374
464 957
469 332
483 940
484 307
497 919
502 289
510 895
514 177
523 873
524 200
524 225
524 277
529 250
532 849
539 179
544 827
553 803
560 193
560 218
560 285
560 770
565 243
570 720
570 745
575 650
575 675
580 590
580 615
585 279
585 560
590 495
599 632
604 516
609 286
611 654
614 57
614 82
614 107
614 132
614 157
614 182
614 207
619 22
619 232
619 257
624 531
627 504
630 556
630 630
631 669
635 581
637 4
640 80
640 105
645 28
645 53
645 130
645 155
645 180
645 440
650 205
650 230
650 255
650 405
651 495
651 644
654 680
655 305
657 279
671 480
675 405
676 649
679 685
680 304
680 340
687 364
689 462
700 404
700 657
702 695
704 442
705 307
705 340
722 710
725 399
725 659
725 685
728 435
730 309
730 345
750 394
753 430
755 314
755 350
775 399
778 435
780 319
780 350
800 404
800 447
805 319
805 355
830 324
830 355
855 324
855 355
880 324
880 355
905 324
905 355
930 324
930 350
