355 1251
355 1276
355 1301
355 1386
355 1411
355 1436
360 951
360 976
360 1116
360 1141
370 999
370 1164
380 1250
380 1304
380 1385
380 1439
385 950
385 1115
395 999
395 1164
405 1250
405 1304
405 1385
405 1439
410 950
410 1115
420 999
420 1164
430 1250
430 1304
430 1385
430 1439
435 950
435 1115
445 999
445 1164
455 1250
455 1304
455 1385
455 1439
460 950
460 1115
470 999
470 1164
480 1250
480 1304
480 1385
480 1439
485 950
485 1115
495 999
495 1164
505 1250
505 1304
505 1385
505 1439
510 950
510 1115
520 999
520 1164
530 1250
530 1304
530 1385
530 1439
535 950
535 1115
545 999
545 1164
555 1250
555 1304
555 1385
555 1439
560 950
560 1115
570 999
570 1164
580 1250
580 1304
580 1385
580 1439
585 950
585 1115
595 999
595 1164
605 1250
605 1304
605 1385
605 1439
610 950
610 1115
620 999
620 1164
630 1250
630 1304
630 1385
630 1439
635 950
635 1115
645 999
645 1164
655 1250
655 1304
655 1385
655 1439
660 950
660 1115
670 999
670 1164
680 1250
680 1304
680 1385
680 1439
685 950
685 1115
695 999
695 1164
705 1250
705 1304
705 1385
705 1439
710 950
710 1115
720 999
720 1164
730 1250
730 1304
730 1385
730 1439
735 950
735 1115
745 999
745 1164
755 1250
755 1304
755 1385
755 1439
760 950
760 1115
770 999
770 1164
780 1250
780 1304
780 1385
780 1439
785 950
785 1115
795 999
795 1164
805 1250
805 1304
805 1385
805 1439
810 950
810 1115
820 999
820 1164
830 1250
830 1304
830 1385
830 1439
835 950
835 1115
845 999
845 1164
855 1250
855 1304
855 1385
855 1439
860 950
860 1115
870 999
870 1164
880 1250
880 1304
880 1385
880 1439
885 950
885 1115
895 999
895 1164
905 1250
905 1304
905 1385
905 1439
910 950
910 1115
920 999
920 1164
930 1250
930 1304
930 1385
930 1439
935 950
935 1115
945 999
945 1164
955 1250
955 1304
955 1385
955 1439
960 950
960 1115
970 999
970 1164
980 1250
980 1304
980 1385
980 1439
985 950
985 1115
995 999
995 1164
1005 1250
1005 1304
1005 1385
1005 1439
1010 950
1010 1115
1020 999
1020 1164
1030 1022
1030 1047
1030 1072
1030 1097
1030 1187
1030 1212
1030 1237
1030 1306
1030 1331
1030 1356
1030 1381
1030 1439
1035 950
1055 1439
1060 950
1080 1439
1085 950
1105 1439
1110 950
1130 1439
1135 950
1155 1439
1160 955
1180 1439
1185 955
1205 1439
1210 955
1230 1439
1235 955
1255 1439
1260 955
1274 976
1274 1001
1274 1026
1274 1051
1274 1076
1274 1101
1274 1126
1274 1276
1274 1301
1274 1326
1274 1351
1274 1376
1274 1401
1299 1130
1299 1274
1324 1130
1324 1274
1349 1130
1349 1274
1374 1130
1374 1274
1399 1130
1399 1274
1424 1130
1424 1274
1449 1130
1449 1274
1474 1130
1474 1274
1499 1130
1499 1274
1524 1130
1524 1274
1549 1130
1549 1274
1574 1130
1574 1274
1599 1130
1599 1274
1624 1130
1624 1274
1649 1130
1649 1274
1674 1130
1674 1274
1699 1130
1699 1274
1724 1130
1724 1274
1749 1130
1749 1274
1774 1130
1774 1274
1799 1130
1799 1274
1824 1130
1824 1274
1849 1130
1849 1274
1874 1130
1874 1274
1899 1130
1899 1274
1924 1130
1924 1274
1949 1130
1949 1274
1974 1130
1974 1274
1999 1130
1999 1274
2024 1130
2024 1274
2049 1130
2049 1274
2074 1130
2074 1274
2099 1130
2099 1274
2124 1130
2124 1274
2149 1130
2149 1274
2174 1130
2174 1274
2199 1130
2199 1274
2224 1130
2224 1274
2249 1130
2249 1274
2274 1130
2274 1274
2299 1130
2299 1274
2324 1130
2324 1274
2349 1130
2349 1274
2374 1130
2374 1274
2399 1130
2399 1274
2424 1130
2424 1274
2449 1130
2449 1274
2474 1130
2474 1274
2499 1130
2499 1274
2524 1130
2524 1274
2549 1130
2549 1274
2574 1130
2574 1274
2599 1130
2599 1274
2624 1130
2624 1274
2649 1130
2649 1274
2674 1130
2674 1274
2699 1130
2699 1274
2724 1130
2724 1274
2749 1130
2749 1274
2774 1130
2774 1274
2799 1130
2799 1274
2824 1130
2824 1274
2849 1130
2849 1274
2874 1130
2874 1274
2899 1130
2899 1274
2924 1130
2924 1274
2949 1130
2949 1274
2974 1130
2974 1274
2999 1130
2999 1274
3019 1145
3019 1170
3019 1195
3019 1220
3019 1245
