984 707
989 732
999 687
999 757
999 782
999 807
999 832
1009 855
1011 665
1014 607
1014 632
1019 557
1019 582
1024 492
1024 517
1024 875
1024 1872
1029 317
1029 342
1029 467
1029 1897
1039 437
1039 1852
1044 297
1044 362
1044 1932
1044 1957
1044 1982
1049 387
1049 412
1049 880
1054 1787
1054 1812
1054 2005
1059 267
1059 1752
1061 2029
1069 1717
1072 890
1074 247
1076 2049
1079 1677
1089 1652
1097 890
1098 239
1099 1497
1099 1522
1099 1547
1099 1572
1099 1597
1099 1622
1100 2057
1104 1457
1114 1417
1118 2075
1119 1387
1120 252
1121 898
1124 1357
1134 1322
1138 270
1143 2080
1144 1282
1146 895
1149 1237
1153 290
1154 1022
1154 1047
1154 1072
1154 1097
1154 1122
1154 1182
1154 1207
1155 315
1155 340
1155 365
1155 390
1155 415
1155 440
1155 465
1155 490
1155 515
1155 540
1155 565
1155 590
1159 1147
1164 977
1168 2073
1171 900
1174 932
1178 600
1192 2065
1203 604
1215 2055
1227 594
1234 567
1235 2040
1244 532
1254 492
1255 2025
1259 467
1264 427
1269 307
1269 332
1269 357
1269 382
1270 2005
1274 272
1285 1985
1289 252
1290 1370
1298 1963
1305 1550
1305 1575
1305 1600
1305 1625
1305 1650
1305 1675
1305 1920
1310 1700
1310 1895
1313 244
1315 1520
1315 1725
1315 1865
1320 1485
1320 1750
1320 1775
1320 1800
1320 1825
1325 610
1325 635
1330 570
1330 1455
1338 249
1340 540
1340 1425
1345 515
1346 649
1350 470
1353 1403
1355 425
1359 627
1360 380
1360 1375
1361 259
1364 597
1365 350
1370 315
1370 1335
1375 280
1376 575
1383 1313
1384 537
1390 1285
1394 497
1400 1255
1404 462
1410 1220
1414 422
1420 1195
1424 387
1425 1165
1429 362
1434 332
1438 1143
1439 307
1445 1090
1445 1115
1449 277
1455 1050
1460 1015
1464 257
1465 970
1488 249
1488 980
1495 675
1508 653
1510 262
1513 985
1515 620
1516 689
1520 285
1520 580
1525 310
1525 530
1525 555
1530 335
1530 360
1530 385
1530 410
1535 435
1535 485
1538 990
1540 460
1541 689
1554 502
1554 532
1554 572
1554 622
1557 669
1559 477
1559 597
1562 999
1564 452
1574 417
1584 387
1587 1004
1599 367
1612 1005
1614 342
1632 324
1637 1000
1641 300
1655 980
1656 280
1665 925
1665 950
1675 895
1680 860
1681 274
1690 790
1695 815
1695 840
1700 660
1700 695
1700 735
1704 284
1705 760
1710 605
1715 570
1715 630
1723 301
1725 525
1735 340
1735 495
1740 445
1740 470
1750 415
1756 354
1765 395
