865 321
865 346
865 371
865 396
865 421
865 446
870 291
870 471
870 496
875 261
875 521
880 546
885 571
890 241
893 595
900 619
905 644
913 230
919 665
930 688
938 225
943 710
958 730
961 235
975 256
975 749
978 281
983 306
990 330
991 355
994 766
995 380
1000 405
1005 430
1006 788
1010 455
1020 478
1021 808
1029 502
1038 526
1040 825
1045 550
1051 575
1060 599
1061 839
1070 622
1078 646
1080 856
1085 306
1085 331
1085 356
1085 381
1085 406
1085 431
1085 456
1085 481
1090 506
1090 668
1094 531
1095 556
1099 692
1100 286
1100 581
1100 871
1104 606
1110 631
1110 1511
1110 1536
1110 1561
1110 1586
1110 1611
1110 1686
1110 1711
1110 1736
1110 1761
1110 1786
1110 1811
1110 1836
1110 1861
1110 1886
1110 1911
1110 1936
1110 1961
1110 1986
1110 2011
1110 2081
1111 714
1114 2106
1115 656
1115 1636
1115 1661
1115 2036
1120 271
1120 1466
1122 884
1123 736
1125 2061
1130 1386
1130 1411
1130 1436
1131 2125
1135 1341
1140 1271
1140 1296
1145 270
1145 895
1150 1196
1150 1221
1150 1246
1155 1156
1156 2130
1165 1121
1166 284
1170 901
1170 1096
1175 1071
1180 924
1181 2130
1184 302
1185 949
1185 1031
1186 974
1190 999
1193 326
1200 350
1205 375
1206 2125
1210 400
1210 425
1215 450
1220 475
1221 500
1225 525
1225 550
1230 575
1231 2125
1235 600
1236 625
1249 647
1255 672
1256 2120
1265 695
1271 720
1275 745
1279 2110
1295 727
1300 2095
1305 696
1315 671
1319 2077
1320 646
1325 621
1330 591
1334 2057
1335 466
1335 491
1335 516
1335 541
1335 566
1340 431
1345 2025
1350 401
1355 930
1355 1950
1355 1975
1355 2000
1360 371
1360 955
1360 980
1360 1315
1360 1370
1360 1900
1360 1925
1365 306
1365 331
1365 905
1365 1005
1365 1030
1365 1055
1365 1080
1365 1105
1365 1130
1365 1155
1365 1180
1365 1205
1365 1230
1365 1255
1365 1280
1365 1340
1365 1395
1365 1420
1365 1445
1365 1470
1365 1870
1370 1685
1370 1710
1370 1820
1370 1845
1371 1495
1375 1520
1375 1545
1375 1570
1375 1595
1375 1620
1375 1645
1375 1735
1375 1760
1375 1785
1380 286
1385 261
1385 795
1390 900
1400 241
1400 775
1413 753
1415 900
1420 790
1422 729
1425 235
1430 700
1440 675
1440 900
1443 779
1446 249
1450 650
1460 625
1461 269
1465 766
1465 895
1470 600
1473 291
1475 575
1478 316
1480 550
1485 340
1485 365
1485 390
1485 415
1485 440
1485 465
1485 490
1485 515
1488 754
1490 890
1503 734
1513 878
1523 719
1535 696
1535 865
1555 676
1555 850
1570 656
1575 835
1585 636
1590 815
1598 614
1600 256
1600 281
1600 306
1605 331
1609 797
1610 576
1615 236
1616 354
1620 521
1620 546
1621 775
1625 378
1625 446
1625 471
1625 496
1630 403
1635 750
1640 230
1648 728
1660 700
1665 235
1670 665
1680 635
1690 240
1690 595
1695 565
1705 520
1706 260
1710 285
1710 310
1710 335
1710 360
1710 385
1710 485
1715 410
1715 435
1715 460
