424 972
424 997
424 1022
424 1047
439 947
439 1067
457 929
459 1082
475 911
481 1094
494 892
504 1105
514 877
529 1110
536 865
552 1120
559 854
577 1125
584 847
601 1133
604 827
619 802
625 1142
634 782
649 1150
656 769
672 1160
679 759
697 1165
704 754
720 1175
729 754
745 1175
754 754
764 557
770 1175
776 535
779 754
782 575
795 1175
799 522
804 754
805 585
820 1175
824 519
829 754
830 590
845 1180
849 519
854 754
855 595
869 727
870 1185
874 519
879 692
880 600
884 625
884 650
895 1190
899 512
904 417
904 442
904 467
920 1190
926 404
945 421
945 446
945 471
945 1190
950 496
957 520
965 615
965 640
965 665
965 690
965 715
965 740
970 1190
981 529
985 600
989 749
995 1190
1006 524
1010 595
1014 749
1020 1190
1031 524
1034 587
1039 749
1045 1190
1056 519
1056 575
1064 749
1070 1190
1075 555
1080 527
1089 749
1095 1190
1114 749
1120 1185
1139 749
1145 1180
1164 749
1170 1175
1189 749
1193 1165
1210 763
1210 788
1210 813
1210 838
1216 1155
1224 859
1241 1150
1247 869
1266 1145
1270 879
1291 1140
1294 886
1315 1130
1318 895
1338 1120
1342 904
1360 1105
1367 909
1380 1085
1390 919
1399 1067
1411 1045
1413 929
1423 1023
1432 999
1438 935
1440 965
