424 982
429 1007
439 962
439 1030
456 1049
457 944
469 1071
475 926
489 1086
497 914
513 1095
515 896
536 1105
537 884
557 869
561 1108
579 857
586 1113
601 844
610 1120
614 822
626 800
635 1120
649 787
660 1125
673 779
685 1130
698 774
710 1135
722 764
735 1137
747 759
760 1140
772 754
779 552
784 577
785 1145
796 745
797 534
808 585
810 1145
821 525
821 744
833 585
835 1150
846 519
846 739
858 585
859 717
860 1150
864 610
864 635
864 660
864 685
871 515
885 1155
896 509
899 427
899 452
899 477
910 1155
917 409
935 1155
942 409
950 433
950 458
955 483
960 1155
964 507
965 585
965 610
965 635
965 660
965 685
965 710
970 735
983 524
985 1155
987 754
990 580
1008 519
1010 1155
1012 754
1015 575
1033 524
1035 1160
1037 759
1040 575
1058 530
1060 560
1060 1160
1062 764
1085 1160
1087 769
1110 1160
1112 774
1135 1160
1137 774
1160 1160
1162 774
1185 1155
1187 774
1208 1145
1212 779
1230 797
1230 822
1230 847
1231 1135
1238 871
1253 1123
1262 879
1277 1114
1284 891
1299 1102
1308 899
1323 1093
1333 899
1345 1080
1358 904
1365 1065
1381 914
1385 1050
1398 1028
1399 932
1410 1005
1414 952
1420 977
