434 987
434 1012
439 1037
446 965
451 1059
464 947
474 1070
484 932
497 1080
504 917
520 1090
522 899
540 881
543 1100
560 866
566 1110
584 857
586 1125
599 832
609 1135
611 810
629 792
632 1145
651 779
657 1150
672 764
682 1150
696 755
707 1155
721 749
732 1160
746 744
757 1165
771 744
774 562
782 1170
786 540
786 584
796 744
807 1175
809 529
811 585
821 744
832 519
832 1175
836 585
846 744
857 519
857 1175
861 585
865 726
869 452
874 477
877 704
879 422
879 502
879 603
882 1180
884 628
884 653
884 678
897 404
907 1180
920 394
932 1180
940 409
950 432
955 457
955 605
955 630
955 655
955 680
957 1180
960 482
960 507
960 705
965 730
972 529
978 595
982 749
982 1180
997 529
1003 588
1007 754
1007 1180
1022 529
1027 580
1032 754
1032 1180
1047 529
1052 574
1057 754
1057 1180
1072 534
1074 562
1082 759
1082 1180
1107 764
1107 1180
1132 769
1132 1179
1156 1170
1157 774
1179 1160
1182 779
1202 1150
1207 784
1225 1140
1229 796
1244 816
1245 841
1248 1130
1259 862
1271 1120
1283 869
1294 1110
1308 875
1315 1095
1332 884
1335 1080
1355 894
1355 1065
1378 904
1379 1057
1399 1042
1401 914
1419 932
1419 1027
1430 1000
1434 952
