424 1002
424 1027
429 1052
434 977
444 1072
449 957
462 1090
467 939
485 1100
487 924
506 1114
507 909
525 891
529 1125
547 879
552 1135
569 867
572 1150
593 859
596 1158
618 854
618 1170
622 829
634 807
642 1179
656 794
666 1188
680 786
690 1195
704 779
715 1200
729 774
740 1200
754 767
765 1205
778 759
784 557
790 1210
802 575
803 759
804 542
815 1210
827 575
828 534
828 754
840 1210
849 732
852 575
853 529
864 707
865 1210
876 685
877 575
878 524
884 599
884 624
884 649
890 1210
894 407
894 432
894 457
894 482
915 1210
918 400
925 424
938 446
940 1210
947 470
955 494
965 517
965 600
965 625
965 650
965 1210
967 675
972 700
980 724
987 529
990 595
990 1210
1005 729
1012 534
1015 590
1015 1210
1030 734
1037 534
1039 582
1040 1210
1053 744
1059 567
1062 534
1065 1210
1078 749
1080 552
1090 1210
1103 754
1115 1210
1128 760
1140 1210
1152 769
1164 1202
1177 774
1189 1200
1202 779
1213 1193
1227 784
1235 1180
1249 796
1250 821
1259 1172
1268 839
1279 1157
1291 849
1301 1145
1313 861
1323 1133
1331 879
1345 1120
1349 897
1365 1105
1367 915
1387 930
1388 1095
1407 945
1408 1080
1425 1060
1431 954
1435 1035
1440 978
1440 1003
