119 1007
119 1032
119 1057
119 1082
119 1107
119 1132
139 867
139 892
139 917
139 942
139 967
139 992
144 842
144 1135
156 820
165 796
169 1135
179 772
194 752
194 1135
206 730
219 1135
221 710
239 692
244 1135
259 677
269 1135
283 669
294 1135
303 654
319 1135
326 644
335 810
335 835
340 770
340 980
342 859
344 1135
345 740
347 1004
349 634
355 690
355 715
360 1026
360 1051
360 1076
360 1101
365 655
365 980
367 859
374 629
390 980
392 859
415 980
417 859
440 980
442 859
465 980
467 859
490 980
492 859
515 980
517 859
540 980
542 859
565 980
567 859
590 980
592 859
615 980
617 859
640 980
642 859
665 980
667 859
690 980
692 859
715 980
717 859
740 980
742 859
765 980
767 859
790 980
792 859
815 980
817 859
840 980
842 859
865 980
867 859
890 980
892 859
915 980
917 859
940 980
942 859
965 980
967 859
980 881
980 906
980 931
980 956
