154 977
154 1002
154 1027
154 1052
154 1077
154 1102
159 832
159 857
159 882
159 907
164 797
164 932
164 1125
174 767
174 955
184 737
189 1125
194 702
206 680
214 1125
219 657
237 639
239 1125
255 621
264 1125
275 606
289 1125
297 594
305 670
305 695
305 720
310 745
314 1125
315 640
317 769
319 582
325 610
332 789
339 1125
340 970
341 570
345 811
353 948
355 834
364 1125
365 974
370 999
370 1024
370 1049
370 1074
370 1099
377 940
380 834
402 940
405 834
427 940
430 834
452 940
455 834
477 940
480 834
502 940
505 834
527 940
530 834
552 940
555 834
577 940
580 834
602 940
605 834
627 940
630 834
652 940
655 834
677 940
680 834
702 940
705 834
727 940
730 834
752 940
755 834
777 940
780 834
802 940
805 834
827 940
830 834
852 940
855 834
877 940
880 834
902 940
905 834
927 940
930 834
952 940
955 834
977 940
980 834
1002 940
1005 834
1027 940
1030 834
1052 940
1055 834
1077 940
1080 834
1102 940
1105 834
1127 940
1130 834
1145 854
1145 879
1145 904
