329 1212
329 1237
329 1262
329 1287
329 1312
334 1177
334 1337
339 1152
344 1360
349 1117
354 1092
355 1383
359 1067
369 1037
370 1403
381 1015
384 1424
394 992
394 1447
406 1469
412 974
424 1487
427 954
444 1502
445 936
466 1514
469 929
491 1520
494 929
516 1520
519 931
541 944
541 1515
559 962
565 1505
579 977
580 1485
599 962
601 1499
616 1519
617 944
634 1537
637 929
649 1557
657 914
669 1572
677 899
684 1592
699 887
702 1610
719 872
722 1625
740 1643
743 864
759 1660
765 851
782 1670
787 839
800 1688
809 827
820 1703
829 812
839 1720
851 800
859 1735
874 787
879 1750
896 775
899 1765
919 762
922 1775
941 750
945 1785
965 741
968 1795
987 729
988 1810
1011 720
1011 1820
1035 1827
1036 714
1055 1842
1061 709
1077 1854
1084 697
1102 1860
1106 685
1122 1875
1129 674
1147 1880
1152 664
1172 1880
1177 659
1197 1885
1202 654
1221 1893
1227 649
1246 1895
1250 639
1271 1895
1275 639
1296 1895
1300 639
1321 1895
1325 639
1346 1895
1350 639
1371 1895
1375 639
1396 1895
1400 639
1421 1895
1425 639
1446 1890
1450 642
1471 1885
1475 644
1496 1880
1500 649
1521 1875
1525 654
1546 1870
1548 664
1569 1860
1571 674
1593 686
1594 1855
1615 698
1617 1845
1638 709
1640 1835
1660 1820
1661 719
1683 1808
1684 729
1703 1793
1705 743
1723 761
1725 1780
1743 776
1748 1770
1765 788
1770 1755
1783 806
1785 1735
1801 824
1804 1717
1816 844
1822 1699
1831 864
1834 1677
1845 885
1845 1650
1855 908
1860 1630
1870 928
1870 1600
1880 951
1885 1575
1887 975
1895 999
1900 1555
1910 1019
1925 1560
1935 1021
1950 1565
1959 1014
1975 1567
1984 1009
1997 1579
2009 1004
2012 1599
2026 985
2030 1617
2046 970
2050 1632
2069 957
2075 1635
2093 949
2100 1640
2118 944
2125 1635
2143 944
2150 1630
2168 945
2173 1618
2192 954
2195 1605
2215 964
2215 1590
2235 979
2235 1575
2248 1553
2250 999
2263 1533
2265 1019
2280 1039
2281 1515
2293 1493
2295 1059
2300 1084
2305 1460
2310 1107
2310 1132
2310 1435
2315 1390
2322 1154
2325 1179
2325 1204
2325 1229
2325 1254
2328 1368
2330 1279
2330 1304
2330 1329
