539 1207
539 1232
539 1257
539 1282
539 1307
539 1332
544 1157
544 1182
544 1357
544 1382
549 1127
549 1407
554 1102
554 1432
559 1457
564 1067
569 1480
574 1042
576 1504
586 1020
589 1526
604 1002
607 1544
628 994
632 1549
648 1010
650 1530
663 1030
665 1510
684 1527
688 1024
704 1542
708 1009
724 1557
728 994
744 1572
748 979
766 1585
770 966
787 1599
792 954
809 1611
812 939
833 1620
836 930
855 1632
859 919
879 1640
882 909
902 1650
906 900
925 1660
930 891
948 1670
954 884
973 1675
979 877
998 1680
1003 869
1022 1689
1028 864
1047 1695
1053 859
1072 1700
1078 854
1097 1705
1103 849
1122 1709
1128 844
1147 1710
1153 844
1172 1715
1178 839
1197 1715
1203 839
1222 1719
1228 834
1247 1720
1253 834
1272 1720
1278 834
1295 1730
1300 821
1318 1740
1324 812
1342 1749
1348 804
1367 1755
1373 799
1392 1760
1398 794
1417 1765
1423 789
1442 1770
1448 784
1467 1770
1473 784
1492 1770
1498 784
1517 1770
1523 785
1542 1765
1548 789
1567 1760
1573 794
1592 1755
1598 800
1615 1745
1622 809
1639 1737
1645 819
1663 1728
1668 829
1685 1715
1690 842
1708 1703
1712 854
1728 1688
1732 869
1748 1673
1752 884
1768 1658
1772 899
1786 1640
1790 917
1804 1622
1808 935
1819 1602
1823 955
1838 1585
1844 937
1846 1609
1856 915
1859 1631
1869 892
1871 1653
1887 874
1889 1671
1909 862
1911 1683
1934 859
1936 1685
1957 869
1958 1673
1975 887
1976 1655
1990 907
1990 1630
2000 930
2003 1608
2010 953
2012 1584
2020 976
2020 1560
2025 1001
2030 1520
2032 1025
2040 1049
2040 1475
2045 1074
2045 1099
2045 1445
2050 1124
2050 1410
2055 1149
2055 1174
2055 1350
2055 1375
2060 1199
2060 1224
2060 1249
2060 1274
2060 1299
2060 1324
