189 587
189 612
194 547
194 637
199 662
204 487
204 512
209 685
214 457
216 709
224 432
229 731
236 410
244 751
249 387
259 771
264 367
271 793
282 349
293 805
300 331
311 823
319 314
329 841
341 300
350 855
361 285
373 865
384 274
397 874
407 264
420 885
432 259
444 892
456 250
468 900
481 249
493 900
506 244
518 905
531 244
543 905
556 244
568 900
581 249
593 898
606 254
617 890
630 262
640 880
654 271
660 865
676 284
683 853
698 296
705 840
718 311
725 825
738 326
748 813
756 344
768 798
771 364
786 384
790 785
795 408
807 430
815 785
822 450
840 785
842 465
865 785
867 469
890 785
892 469
915 785
917 469
940 785
942 464
965 785
967 464
988 773
992 464
1006 755
1017 464
1021 735
1042 464
1044 725
1067 464
1069 725
1092 464
1092 715
1115 705
1117 464
1140 700
1142 464
1165 695
1167 464
1190 690
1192 464
1215 685
1217 469
1238 675
1242 469
1261 665
1267 469
1286 665
1292 469
1309 675
1317 469
1334 670
1342 469
1359 670
1367 469
1384 675
1392 469
1409 675
1417 469
1434 680
1442 469
1459 685
1467 469
1483 678
1492 469
1508 675
1517 469
1532 684
1542 469
1554 696
1567 469
1575 710
1592 469
1600 715
1617 469
1625 715
1642 469
1650 715
1667 469
1675 715
1692 474
1700 715
1717 474
1725 715
1742 474
1750 710
1767 474
1774 702
1792 474
1793 685
1815 670
1817 479
1837 494
1838 658
1850 516
1862 649
1864 537
1879 557
1884 637
1890 580
1897 604
