344 682
349 707
354 647
354 732
364 617
364 755
376 595
379 775
394 795
396 579
405 818
416 564
424 835
436 549
446 848
457 534
459 927
459 952
461 868
464 893
469 492
471 974
474 462
484 422
486 994
494 387
509 367
509 1005
529 352
532 1015
553 344
557 1020
578 339
582 1025
603 334
607 1025
628 334
632 1030
653 329
657 1030
678 334
682 1030
703 334
707 1030
728 335
732 1030
753 339
757 1035
778 339
782 1035
803 344
807 1030
828 344
832 1030
853 349
857 1029
878 349
882 1025
903 354
907 1025
928 354
932 1020
953 359
957 1015
976 369
979 1002
990 970
996 384
1000 945
1011 404
1015 925
1026 424
1034 907
1038 446
1040 471
1043 496
1056 895
1065 508
1080 885
1090 514
1105 880
1115 519
1115 830
1117 855
1140 524
1140 825
1165 527
1165 825
1189 534
1190 825
1200 557
1210 580
1215 605
1215 830
1239 612
1240 830
1263 604
1265 830
1285 617
1290 830
1307 629
1315 835
1332 629
1340 835
1354 617
1365 835
1379 614
1390 837
1404 616
1415 840
1429 621
1440 840
1454 624
1465 840
1477 634
1490 840
1499 646
1515 840
1517 664
1540 840
1542 664
1564 652
1565 840
1586 640
1590 840
1611 634
1615 840
1636 634
1640 840
1661 639
1665 840
1686 644
1690 845
1711 644
1715 845
1733 656
1740 845
1751 674
1765 845
1776 679
1790 845
1799 669
1815 845
1824 664
1840 845
1849 659
1865 845
1874 659
1890 845
1899 659
1915 845
1924 656
1940 845
1944 671
1955 694
1965 840
1968 716
1983 736
1984 822
1998 756
2004 807
2013 776
