124 577
129 547
129 602
129 627
129 652
134 677
141 525
146 699
161 509
164 717
182 494
186 730
204 482
209 740
224 467
232 750
246 454
254 762
267 439
278 770
289 427
301 780
304 377
304 402
319 357
322 794
329 818
335 843
339 342
349 302
354 860
367 284
374 875
384 898
387 269
394 921
409 257
416 933
429 242
431 953
449 227
451 968
473 219
476 970
498 224
501 975
515 243
526 975
530 263
551 975
552 275
560 299
570 322
576 970
590 337
594 952
612 349
614 937
629 917
632 364
647 899
657 369
665 880
682 369
685 865
705 850
707 369
725 387
729 842
744 404
754 840
769 409
778 833
794 414
798 818
818 421
820 805
838 436
843 793
856 454
867 785
879 464
892 780
904 464
917 775
929 464
939 762
954 459
954 742
969 722
979 454
989 707
1004 449
1011 695
1029 449
1036 695
1054 449
1061 695
1079 449
1084 685
1104 449
1109 690
1129 444
1134 690
1154 444
1159 690
1179 444
1184 690
1204 444
1209 687
1229 444
1234 685
1254 439
1259 690
1279 439
1283 683
1304 439
1307 675
1329 439
1332 670
1354 439
1355 660
1378 650
1379 434
1398 635
1404 434
1423 630
1429 434
1448 625
1454 434
1473 630
1479 434
1498 635
1504 429
1523 630
1529 429
1548 635
1554 429
1573 640
1579 429
1597 649
1604 429
1622 650
1629 429
1647 649
1654 429
1671 640
1679 431
1691 625
1703 439
1711 610
1723 455
1729 592
1740 474
1740 499
1740 524
1740 549
