214 427
214 452
224 387
224 475
229 302
229 327
229 352
229 500
229 525
229 550
229 575
229 600
229 625
229 652
229 677
229 702
229 727
229 752
229 777
229 802
229 827
229 872
229 897
229 922
229 947
234 972
241 280
252 990
259 262
275 1000
283 254
300 1005
308 249
325 1005
333 249
350 1010
358 249
375 1010
383 244
400 1015
408 244
425 1015
433 239
450 1015
458 239
475 1015
483 239
500 1015
508 239
525 1015
533 239
550 1015
558 239
575 1015
583 234
600 1015
608 234
625 1015
633 234
650 1015
658 234
675 1015
683 229
700 1015
708 229
725 1015
733 230
748 1003
755 242
757 979
760 945
765 910
770 262
770 880
775 287
775 312
780 337
780 362
780 387
780 412
780 840
785 437
799 822
804 454
823 815
829 459
848 810
854 459
873 808
879 464
898 803
904 464
923 798
929 459
948 793
950 473
950 498
964 519
965 765
980 745
989 524
1005 745
1014 524
1030 745
1039 524
1055 745
1064 524
1080 745
1089 524
1105 745
1114 524
1130 745
1139 519
1155 745
1164 519
1180 745
1189 519
1205 745
1214 519
1230 745
1239 519
1255 745
1264 519
1280 745
1289 519
1305 745
1314 519
1330 745
1339 519
1355 745
1364 519
1380 740
1389 519
1405 740
1414 519
1430 740
1439 519
1455 740
1464 519
1480 740
1489 519
1505 740
1514 519
1530 740
1539 519
1555 740
1564 519
1580 740
1589 519
1605 740
1614 519
1630 740
1639 519
1655 740
1664 519
1680 740
1689 524
1705 740
1714 524
1730 740
1739 524
1755 740
1764 524
1780 740
1789 519
1805 740
1812 529
1829 732
1835 539
1849 717
1854 556
1860 690
1865 579
1865 655
1870 604
1870 629
