139 1417
139 2062
139 2107
144 1382
144 1442
144 1467
144 2022
144 2132
144 2157
149 1347
149 1492
149 1982
159 1952
161 1514
164 1327
166 2170
174 1907
174 1932
179 1532
179 1862
184 1092
184 1137
189 982
189 1022
189 1062
189 1162
189 1322
189 1555
189 1827
191 2168
194 1187
199 932
199 957
199 1782
204 892
204 1742
207 1304
209 867
209 1207
209 1570
209 1707
214 1677
216 2165
219 1230
220 1593
221 845
224 1652
229 812
229 1622
229 2207
231 1295
234 777
236 1249
239 2175
244 732
245 1274
249 697
253 2215
259 652
264 612
265 1289
269 582
270 2195
284 557
289 2177
294 527
305 2150
314 542
320 2125
330 2100
334 557
340 2070
350 577
363 2058
365 597
365 622
370 655
370 2025
385 1995
389 612
389 637
395 1970
399 577
405 1855
405 1940
409 527
409 552
410 1745
410 1770
410 1795
410 1820
410 1880
410 1905
414 462
414 487
424 412
424 437
429 377
433 1735
444 332
444 357
454 287
455 1455
455 1480
458 1728
460 1420
465 1375
469 257
470 1295
470 1340
480 1255
480 1476
481 235
483 1725
490 211
499 1459
500 1240
505 191
506 1715
514 162
523 1228
524 1461
526 1700
529 132
530 1625
530 1655
535 650
535 675
535 1484
535 1580
540 1509
540 1534
543 1213
544 97
545 610
559 631
560 580
561 1195
564 77
570 545
573 1173
580 1140
582 59
583 523
584 572
595 485
595 1090
595 1115
604 587
605 455
605 612
605 1015
605 1055
607 64
610 637
610 662
610 687
610 735
610 780
610 815
610 840
610 865
610 890
610 915
610 940
610 980
620 410
620 435
625 82
625 375
633 106
635 131
640 165
640 290
640 330
640 355
650 188
650 213
650 245
