104 1507
104 1532
122 1489
126 1545
134 1432
136 1568
146 1480
149 1402
154 1586
158 1440
167 1384
172 1604
191 1375
196 1613
209 1327
209 1352
214 1631
233 1319
239 1635
258 1319
261 1648
283 1319
285 1657
299 1297
309 1665
323 1289
334 1665
348 1285
354 1680
373 1284
377 1690
389 1252
402 1695
413 1244
427 1695
431 1225
447 1710
449 1207
467 1189
472 1710
492 1184
492 1725
517 1184
517 1725
541 1175
542 1725
566 1174
567 1725
589 1184
589 1737
611 1725
614 1184
636 1170
636 1725
656 1740
661 1169
681 1740
686 1169
701 1725
711 1169
726 1725
731 1154
746 1740
754 1142
771 1740
779 1139
791 1725
804 1137
816 1725
826 1124
836 1740
851 1124
861 1740
876 1124
881 1725
900 1116
906 1725
924 1109
931 1725
949 1109
951 1710
974 1087
976 1710
998 1079
1001 1710
1023 1079
1023 1698
1048 1079
1048 1695
1070 1066
1073 1695
1095 1064
1098 1695
1118 1680
1120 1064
1143 1680
1145 1064
1155 1041
1168 1680
1179 1034
1193 1678
1204 1034
1211 1660
1229 1027
1234 1650
1253 1019
1259 1650
1276 1029
1284 1647
1299 1017
1306 1635
1321 1004
1331 1635
1346 1004
1354 1645
1371 1004
1377 1655
1395 996
1395 1673
1414 1690
1419 989
1431 1709
1444 989
1449 1727
1469 989
1474 1727
1491 975
1496 1740
1516 974
1519 1750
1536 1769
1541 974
1561 1770
1566 974
1586 959
1586 1770
1611 959
1611 1770
1630 941
1636 1770
1649 907
1656 1755
1664 862
1664 887
1679 817
1679 842
1681 1755
1697 799
1706 1755
1715 781
1724 742
1728 1743
1742 724
1753 1740
1766 715
1775 1725
1784 682
1799 1717
1800 1550
1802 664
1823 1710
1824 1559
1826 655
1845 1545
1848 1710
1849 644
1859 1566
1870 1540
1873 1710
1874 637
1883 1574
1892 619
1893 1530
1895 1695
1908 1574
1917 614
1918 1530
1920 1695
1933 1580
1942 614
1943 1530
1945 1695
1957 1589
1966 605
1966 1520
1970 1695
1982 1589
1990 1680
1991 599
1991 1515
2007 1594
2013 611
2015 1680
2016 1515
2025 1612
2035 1665
2038 614
2040 1505
2043 1630
2060 601
2065 1500
2082 614
2090 1500
2100 632
2115 1500
2122 644
2135 1485
2142 659
2160 1485
2164 671
2182 689
2185 1485
2205 699
2210 1485
2224 716
2230 1470
2242 734
2255 1470
2265 744
2275 767
2280 792
2280 1470
2292 814
2295 839
2305 1465
2308 861
2328 1455
2332 854
2348 1440
2357 854
2373 1440
2377 839
2393 1425
2397 824
2414 787
2418 1425
2432 769
2443 1425
2444 742
2468 734
2468 1423
2474 682
2486 715
2489 652
2490 1410
2498 690
2507 634
2515 1410
2532 629
2540 1410
2554 617
2564 1417
2572 599
2576 1395
2581 575
2601 1395
2605 566
2626 1395
2627 554
2640 1370
2647 539
2663 1380
2665 521
2687 509
2688 1380
2708 1395
2712 509
2733 1398
2734 497
2758 1400
2759 494
2776 1418
2784 494
2800 1427
2809 494
2820 471
2825 1425
2844 464
2845 1440
2868 1450
2869 464
2892 1459
2894 464
2916 450
2917 1455
2937 1470
2941 449
2959 1482
2966 449
2984 1485
2989 437
3009 1485
3013 444
3032 1495
3038 449
3056 1503
3063 449
3081 1500
3083 434
3105 1507
3108 434
3129 1515
3133 434
3154 1515
3158 434
3174 1500
3183 430
3199 1500
3208 434
3224 1505
3233 434
3247 1515
3257 424
3267 1500
3282 419
3292 1499
3307 419
3313 1485
3332 419
3338 1483
3352 404
3360 1470
3377 404
3385 1470
3402 404
3408 1458
3424 392
3432 1449
3449 389
3456 1440
3474 389
3481 1440
3497 399
3506 1435
3520 389
3529 1425
3545 389
3553 1418
3570 389
3577 1410
3595 386
3600 1400
3617 374
3625 1395
3642 374
3650 1395
3660 650
3667 374
3675 1395
3679 632
3684 659
3691 381
3695 1380
3697 614
3705 590
3707 649
3715 374
3720 1380
3729 582
3732 644
3740 374
3745 1380
3751 570
3754 632
3764 367
3765 1355
3771 555
3779 629
3780 530
3780 1145
3788 359
3790 1350
3799 512
3804 629
3804 1154
3813 359
3815 1350
3821 1135
3824 510
3829 629
3833 374
3838 1154
3839 1342
3844 1125
3845 495
3854 629
3857 364
3863 1155
3863 1335
3865 480
3869 1125
3876 615
3882 359
3884 1169
3888 468
3888 1335
3894 1125
3901 614
3905 1183
3907 359
3912 459
3913 1335
3917 1114
3926 614
3926 1169
3927 374
3930 1310
3936 450
3942 1110
3948 1181
3951 614
3952 374
3954 432
3955 1305
3960 398
3967 1110
3971 599
3973 1184
3980 1305
3992 1110
3995 1197
3996 599
4000 1290
4012 1095
4020 1192
4021 599
4023 1278
4037 1095
4041 1260
4044 1201
4046 595
4055 571
4062 1095
4065 1235
4079 578
4084 1107
4096 1085
4103 569
4121 1080
4127 559
4146 1080
4152 554
4170 1070
4177 554
4195 1065
4202 554
4220 1065
4222 539
4245 1065
4247 539
4265 1050
4272 539
4289 517
4290 1050
4313 509
4315 1050
4338 509
4340 1050
4360 1035
4363 509
4385 496
4385 1035
4404 479
4410 1035
4429 479
4430 1020
4454 457
4455 1020
4478 449
4480 1020
4503 449
4503 1008
4523 434
4525 1020
4547 424
4550 1020
4571 415
4575 1020
4594 404
4595 1005
4619 397
4620 1005
4637 379
4641 1019
4662 374
4666 1020
4686 1005
4687 374
4707 359
4711 1005
4729 347
4736 1008
4754 344
4758 1020
4776 330
4778 1005
4796 314
4803 1005
4821 314
4828 1005
4846 314
4850 990
4870 1005
4871 310
4894 299
4895 1005
4919 299
4920 1005
4940 990
4944 299
4965 990
4967 289
4990 992
4992 284
5012 1005
5017 284
5032 990
5042 284
5057 990
5067 284
5082 990
5092 284
5107 989
5112 299
5128 975
5137 299
5150 960
5160 309
5174 952
5184 316
5192 934
5202 334
5210 915
5225 344
5234 907
5250 344
5258 898
5265 860
5270 359
5289 852
5294 366
5307 834
5312 384
5325 815
5335 394
5344 797
5354 411
5355 770
5370 431
5374 752
5380 454
5385 479
5385 504
5392 734
5400 524
5400 650
5400 675
5410 715
5415 544
5415 569
5415 594
5419 632
