134 127
134 152
134 177
139 202
149 225
152 109
156 249
164 273
177 109
179 293
194 313
202 109
207 335
219 357
227 114
234 377
249 397
250 124
267 415
274 131
285 433
296 144
299 454
309 477
311 164
319 500
326 524
331 179
344 542
351 194
356 564
371 209
376 580
389 227
389 602
407 245
407 620
425 263
425 595
425 638
439 616
443 281
458 301
461 628
473 650
475 320
488 670
494 337
503 690
518 344
525 702
534 726
541 354
544 749
558 770
566 354
570 792
579 816
590 362
594 836
612 374
612 854
632 870
634 386
650 505
652 885
654 401
665 424
671 519
676 893
678 446
680 495
690 468
695 910
696 524
714 927
719 534
736 940
742 544
757 954
765 554
779 966
785 569
800 980
805 584
820 604
823 990
835 624
845 1002
850 644
865 965
867 1014
869 661
875 988
880 684
895 704
900 992
910 724
918 1010
925 744
934 1030
940 764
951 1049
955 784
970 804
971 1064
985 824
989 1082
995 847
1000 885
1007 1100
1017 904
1025 1118
1039 916
1047 1130
1059 931
1067 1145
1081 944
1085 1163
1101 959
1107 1175
1121 974
1132 1170
1141 989
1155 1160
1161 1004
1175 1145
1181 1019
1194 1127
1199 1037
1206 1105
1217 1055
1218 1083
