274 172
274 197
279 222
279 247
289 332
294 357
298 164
303 238
306 379
307 314
321 154
321 399
325 296
327 230
345 281
345 385
346 154
352 230
360 365
367 269
371 154
374 447
377 230
379 347
389 427
392 264
394 462
396 154
399 402
402 230
403 338
414 252
414 382
414 477
421 154
428 335
432 364
432 495
446 159
447 474
460 450
462 139
473 428
482 124
489 527
491 410
494 492
502 109
504 452
507 545
514 420
524 97
532 550
548 89
557 550
569 527
570 495
573 84
580 460
598 79
605 457
620 477
623 79
629 501
634 526
642 550
648 84
667 550
673 89
680 420
687 444
692 550
695 468
696 99
703 410
704 492
710 517
718 111
725 422
738 126
744 439
756 144
758 460
765 355
770 482
771 164
779 506
782 374
788 345
796 164
800 245
800 392
802 270
802 494
808 360
815 412
815 470
821 169
824 385
825 250
825 435
826 279
839 405
845 177
846 294
848 260
853 383
862 359
864 312
869 186
870 272
891 199
894 280
905 240
913 211
