304 377
309 402
314 352
319 425
324 322
326 449
339 471
342 304
347 495
356 519
365 543
366 295
374 567
384 590
391 289
395 613
404 637
414 660
416 289
424 683
434 706
439 299
444 729
454 752
455 319
464 775
470 339
471 799
480 823
485 359
489 847
495 382
501 869
505 405
509 893
512 429
519 916
524 451
529 939
535 474
539 962
545 497
549 985
553 521
559 1008
565 543
569 1031
574 567
579 1054
585 590
589 1077
595 613
599 1100
604 637
606 1124
613 661
619 1146
622 685
629 1169
630 709
636 1193
643 731
648 1215
652 755
656 1239
660 779
664 1263
673 801
674 1286
682 825
686 1308
694 847
694 1332
703 871
704 1355
712 895
719 1375
724 917
733 941
736 1394
742 965
754 987
756 1409
763 1011
771 1429
772 1035
784 1057
791 1444
793 1081
805 1103
811 1460
814 1127
825 1150
830 1477
835 1173
844 1197
850 1492
853 1221
865 1243
868 1510
874 1267
883 1291
883 1530
892 1315
894 1553
895 1340
895 1365
895 1390
895 1415
895 1440
895 1465
895 1490
903 1515
