344 297
344 322
344 347
344 372
344 397
344 422
349 447
349 472
349 497
354 522
359 547
369 296
369 570
376 594
385 618
387 314
397 640
405 332
406 664
415 688
420 352
424 712
434 735
438 370
444 758
454 781
455 389
459 806
471 828
474 406
479 852
489 875
490 426
500 898
505 446
509 922
515 469
519 945
525 492
529 968
533 516
539 991
542 540
547 1015
554 562
556 1039
563 586
565 1063
572 610
574 1087
580 634
586 1109
593 656
599 1131
602 680
607 1155
610 704
614 1179
623 726
624 1202
632 750
634 1225
640 774
644 1248
650 797
654 1271
660 820
664 1294
670 843
674 1317
680 866
684 1340
690 889
691 1364
700 912
706 1384
710 935
720 958
726 1400
730 981
740 1004
749 1410
750 1027
760 1050
770 1073
774 1415
780 1096
790 1119
799 1415
800 1142
810 1165
820 1188
822 1404
830 1211
840 1234
842 1389
850 1257
857 1369
858 1281
865 1305
865 1330
