669 1142
674 1167
687 1124
698 1175
712 1124
723 1170
737 1124
744 812
748 1165
749 757
749 782
759 722
759 832
762 1129
769 317
769 342
769 367
769 392
769 417
769 682
773 1165
774 657
779 287
779 440
779 632
784 592
784 835
787 1129
789 257
789 557
798 1165
799 455
799 532
804 237
808 828
809 497
812 1129
814 972
814 997
819 470
819 932
819 1022
822 219
823 1165
824 907
824 1047
828 813
834 877
836 1069
837 1129
845 209
848 1165
849 827
849 852
851 1089
859 1113
870 209
873 1165
895 209
896 1155
900 1055
900 1080
900 1105
908 1133
920 214
923 1045
944 221
948 1045
966 234
973 1050
984 1073
984 1098
984 1123
985 251
990 1148
995 274
1000 670
1008 296
1012 1160
1015 320
1015 345
1023 660
1030 750
1030 775
1030 1105
1032 364
1035 800
1037 1160
1038 680
1040 825
1043 643
1045 850
1047 1124
1049 337
1050 875
1050 1090
1055 745
1060 898
1060 1060
1061 315
1062 1160
1063 628
1063 684
1065 923
1070 1005
1070 1030
1072 1124
1075 946
1078 608
1079 297
1079 752
1087 1160
1088 689
1090 585
1091 774
1093 964
1095 1005
1097 279
1097 1119
1100 560
1105 535
1108 705
1109 792
1112 1160
1118 964
1119 815
1120 269
1120 1005
1122 1119
1123 725
1130 535
1134 835
1135 747
1137 1165
1143 259
1143 959
1145 1005
1147 1119
1155 535
1156 848
1159 754
1162 1170
1168 259
1168 954
1170 1000
1172 1119
1175 820
1179 527
1184 754
1187 1175
1193 259
1193 949
1195 995
1197 1124
1200 815
1201 515
1209 756
1209 1162
1218 260
1218 944
1220 990
1224 807
1226 515
1231 769
1240 975
1241 934
1243 264
1249 505
1249 897
1259 862
1263 963
1264 837
1265 277
1269 812
1272 494
1279 787
1280 297
1280 470
1281 945
1289 757
1290 320
1290 345
1290 370
1290 395
1290 420
1290 445
1299 927
1301 735
1308 903
1310 810
1310 835
1310 860
1314 712
1320 785
1330 755
1332 694
1343 733
1355 684
1367 724
1380 684
1387 709
