669 1152
674 1177
684 1132
699 1177
704 1117
724 1175
728 1109
744 817
744 842
749 787
749 1175
753 1109
754 302
754 327
754 352
754 377
754 752
759 697
759 722
762 860
764 277
764 647
764 672
766 399
774 617
774 1175
778 1114
779 252
784 417
784 582
785 850
794 232
794 547
799 1175
801 1124
804 832
806 429
806 525
809 212
814 497
814 1007
814 1032
819 451
819 982
819 1057
824 817
824 1082
824 1175
826 1124
829 474
829 957
831 199
839 932
839 1102
848 810
849 902
849 1175
854 835
854 860
856 199
874 1175
880 1040
880 1065
880 1090
881 199
885 1115
895 1138
905 1040
906 204
930 212
930 1040
950 227
955 1040
964 1152
968 245
976 1130
980 267
980 1040
982 1170
984 1097
990 290
992 315
994 1061
995 340
1005 363
1007 1170
1020 665
1030 364
1030 1100
1032 1170
1035 645
1035 725
1035 750
1037 1124
1042 774
1043 675
1045 799
1047 344
1049 1082
1050 824
1054 317
1054 627
1055 849
1057 1170
1060 725
1060 874
1062 1124
1065 899
1067 684
1069 297
1069 1067
1072 609
1078 921
1079 742
1082 1170
1084 1047
1087 1124
1089 282
1090 585
1090 694
1093 941
1096 1025
1097 760
1105 535
1105 560
1107 1175
1108 961
1109 711
1111 269
1112 780
1112 1119
1121 1025
1125 731
1129 799
1130 535
1132 969
1132 1180
1135 754
1135 1109
1136 264
1144 819
1146 1025
1150 774
1155 530
1157 974
1157 1180
1160 1109
1161 264
1161 838
1171 1020
1175 774
1180 525
1180 805
1180 855
1182 974
1182 1180
1185 830
1185 1109
1186 264
1196 1015
1200 774
1203 515
1205 807
1207 974
1207 1174
1208 1120
1211 269
1219 1005
1220 1142
1225 774
1228 510
1229 815
1229 962
1236 269
1240 990
1245 789
1247 944
1250 495
1258 281
1263 978
1264 917
1270 303
1274 862
1274 887
1275 490
1279 832
1280 326
1283 351
1285 965
1289 767
1289 792
1290 470
1292 375
1294 742
1295 400
1295 425
1300 945
1306 720
1315 915
1325 880
1326 705
1330 770
1330 795
1330 820
1330 845
1340 740
1351 699
1360 725
