664 1152
682 1134
686 1165
705 1124
711 1165
726 1110
736 1165
744 842
749 717
749 742
749 767
749 792
749 817
751 1104
754 692
761 1165
766 670
768 850
769 307
769 332
769 357
769 382
774 407
775 646
775 1112
781 285
784 622
786 1165
791 840
792 425
794 257
794 597
799 1119
804 572
809 232
809 547
809 992
809 1017
809 1042
811 1165
813 828
814 942
814 967
814 1067
815 435
819 917
821 525
824 1090
824 1119
829 217
829 497
829 882
836 1165
837 819
838 445
839 470
841 860
851 204
861 1165
876 204
886 1165
901 209
908 1153
910 1055
910 1080
910 1105
924 219
935 1050
944 234
960 1050
964 249
979 1132
984 1157
985 1050
987 259
989 1097
999 1071
1000 281
1005 306
1005 331
1005 356
1009 1160
1027 369
1030 720
1030 745
1030 770
1034 1160
1035 660
1035 795
1040 820
1042 349
1045 1085
1045 1110
1047 324
1050 843
1054 677
1055 645
1055 720
1056 300
1059 867
1059 1160
1062 1129
1068 891
1068 1073
1074 282
1074 627
1074 692
1074 737
1075 915
1080 600
1080 940
1080 965
1084 1160
1087 1124
1090 550
1090 575
1090 1055
1094 267
1094 752
1096 704
1100 1020
1104 974
1109 772
1109 1160
1112 1119
1114 722
1115 545
1118 259
1121 794
1125 745
1125 1020
1129 974
1134 1160
1137 1114
1140 550
1141 809
1142 764
1143 259
1150 1020
1154 831
1154 974
1159 1160
1160 1104
1165 545
1167 759
1168 259
1174 846
1175 1020
1179 969
1184 1160
1185 1099
1189 537
1190 810
1192 759
1193 259
1199 1012
1204 964
1209 1155
1210 1102
1213 528
1215 810
1217 764
1218 264
1219 997
1224 949
1230 1117
1231 510
1238 820
1239 982
1241 274
1242 769
1246 935
1251 495
1256 294
1260 805
1261 915
1261 970
1264 887
1265 779
1271 480
1274 312
1274 847
1283 958
1284 812
1286 334
1289 462
1289 787
1298 438
1299 757
1301 940
1303 413
1304 352
1310 377
1311 735
1316 920
1325 815
1325 840
1325 865
1325 890
1329 717
1335 780
1348 758
1349 702
1360 735
1371 690
1379 717
1396 694
