94 617
94 642
99 587
109 557
116 655
121 535
136 515
138 643
154 492
158 628
169 472
176 610
191 460
191 590
211 445
213 578
233 563
234 432
248 543
252 414
255 515
272 399
274 497
290 381
294 482
309 364
312 464
314 647
324 670
329 342
330 445
336 635
347 324
349 675
350 430
359 624
365 306
365 410
372 665
380 286
382 614
385 390
395 655
399 269
404 372
404 602
416 250
420 650
424 357
426 590
434 232
439 337
440 635
449 577
454 217
457 319
464 627
471 565
474 202
475 300
488 618
494 187
494 282
494 554
512 609
514 267
516 175
517 544
536 255
536 600
539 162
541 535
556 240
559 590
563 154
565 526
579 230
582 580
586 144
589 517
602 219
607 574
609 132
613 509
627 214
632 569
634 127
637 499
651 205
657 564
659 124
662 494
676 200
681 555
684 119
685 484
701 195
704 545
708 474
709 119
726 200
727 534
731 464
734 116
751 200
751 525
754 452
759 119
774 437
775 207
775 515
782 129
794 422
795 500
797 219
805 139
806 400
818 488
819 231
824 382
828 150
834 251
836 360
838 473
842 275
844 327
849 299
850 162
856 455
868 180
871 435
883 200
886 415
895 222
900 390
907 244
910 365
915 268
915 340
920 293
