89 367
94 307
94 332
99 390
104 262
104 415
114 232
114 438
124 461
129 207
136 483
147 189
149 505
159 528
165 171
174 548
184 152
184 571
199 591
200 325
200 350
202 375
205 300
206 139
207 400
209 614
218 278
219 422
223 635
225 447
227 124
230 255
240 467
241 653
245 235
245 492
250 114
256 673
260 512
268 223
269 695
272 534
275 114
280 718
284 556
293 218
294 739
295 579
300 109
304 762
310 599
318 215
320 622
322 780
325 104
334 802
335 642
339 667
343 215
346 824
350 109
350 690
359 846
360 713
365 738
366 225
375 114
380 758
383 853
385 242
392 780
400 119
403 260
405 840
407 800
414 283
423 130
427 305
442 325
444 144
457 345
465 158
469 367
481 389
485 174
494 411
504 191
504 434
514 457
524 206
529 477
539 226
541 499
554 246
556 519
569 541
570 266
580 289
581 563
593 585
595 309
608 605
610 329
620 627
623 351
632 649
635 373
640 673
653 391
654 694
660 415
664 717
674 436
682 735
689 456
697 755
700 479
709 777
719 496
719 800
722 825
724 850
725 521
734 873
739 542
744 896
750 565
759 916
760 588
772 610
774 936
784 632
786 958
796 654
798 980
810 675
810 1002
820 698
822 1024
832 720
837 1044
844 742
845 995
850 1020
856 764
868 786
871 1034
875 810
885 833
890 858
895 883
895 990
896 1030
900 908
900 935
900 960
