184 467
184 492
189 517
189 542
194 422
194 567
199 392
204 590
211 370
214 613
219 337
224 312
224 636
239 656
242 294
251 678
257 274
266 698
275 256
281 718
290 236
299 736
310 221
314 756
329 202
329 776
344 796
349 187
359 816
371 175
374 836
380 480
380 505
390 528
391 855
394 164
395 460
399 552
408 576
410 440
412 869
417 154
423 596
425 415
430 887
438 616
440 144
440 395
450 902
453 636
455 375
465 139
468 920
470 350
471 654
485 330
486 674
486 938
490 134
500 305
501 694
506 953
515 132
519 287
520 711
528 965
540 134
540 727
544 285
546 983
560 742
565 137
566 998
569 285
578 760
588 1010
589 300
590 142
595 779
606 1028
611 313
615 144
615 794
625 1045
631 328
635 809
639 151
646 1059
651 343
655 824
663 160
669 1070
673 355
678 835
684 174
691 1083
693 370
700 847
707 184
709 1101
713 385
722 859
727 199
729 1116
733 400
744 871
747 214
747 1134
753 415
766 884
767 1149
769 226
775 427
787 1164
788 896
789 241
795 442
805 1182
807 259
812 904
815 457
822 279
825 1197
832 919
835 472
837 299
845 1212
852 319
854 931
857 485
867 1225
870 337
876 944
877 500
887 1240
890 352
894 519
896 959
905 372
910 1250
914 535
919 969
920 392
932 414
933 1260
939 537
940 983
945 436
950 461
950 486
950 511
958 1265
960 998
983 1009
983 1270
1005 1022
1006 1280
1027 1034
1029 1290
1049 1046
1052 1300
1069 1061
1072 1315
1091 1074
1095 1325
1111 1089
1116 1339
1133 1101
1139 1350
1153 1116
1161 1363
1177 1124
1186 1365
1197 1139
1210 1372
1220 1149
1235 1375
1239 1166
1254 1186
1260 1370
1272 1204
1284 1226
1285 1372
1295 1249
1310 1269
1310 1375
1325 1289
1335 1375
1340 1309
1348 1353
