184 147
189 112
196 169
204 132
211 99
219 180
223 149
236 99
241 193
261 104
263 205
279 552
283 220
286 99
294 572
297 534
305 232
311 94
314 587
322 539
325 247
334 602
336 99
345 549
349 255
356 614
361 104
368 560
369 270
376 629
384 114
392 569
394 275
396 644
409 119
412 584
416 659
419 280
433 126
435 594
440 667
444 280
455 609
457 134
460 682
466 293
477 149
478 620
480 697
486 308
499 161
500 632
502 709
506 323
523 170
524 639
524 721
526 338
545 182
545 735
547 649
548 350
567 194
568 745
569 661
571 360
586 763
589 206
593 669
594 370
604 781
611 219
614 385
616 679
626 793
633 231
636 398
638 691
648 805
655 244
656 413
660 704
670 817
678 254
680 422
680 719
692 829
701 264
702 435
703 730
712 845
721 279
724 447
725 742
735 855
742 465
745 287
747 754
758 865
764 477
765 302
770 764
781 875
786 489
787 314
793 774
802 889
805 332
810 497
816 784
825 900
827 344
832 510
840 792
850 354
850 902
854 522
864 799
870 369
875 905
876 535
889 799
890 384
897 549
900 905
913 394
914 794
917 564
925 905
933 410
939 576
939 789
948 895
955 422
960 590
962 779
973 893
975 437
981 604
982 764
995 452
997 885
999 622
1000 746
1011 644
1014 707
1015 467
1019 668
1020 875
1033 485
1039 857
1050 504
1057 839
1065 524
1075 820
1084 541
1090 800
1095 564
1105 775
1108 586
1117 610
1120 725
1120 750
1125 634
1125 665
1125 690
