69 622
69 647
69 672
69 697
74 722
79 587
79 747
89 770
91 565
104 537
104 790
119 810
122 519
134 830
137 499
151 849
152 479
167 459
171 864
187 444
191 879
207 429
211 894
230 419
234 905
253 409
254 920
276 399
277 930
300 940
301 394
323 950
324 384
346 960
349 379
370 967
374 374
394 975
399 369
417 985
424 364
442 990
449 359
465 1000
474 354
489 1007
499 349
514 1010
524 344
537 1020
549 344
562 1020
574 339
585 1030
599 339
610 1035
624 339
635 1037
649 334
660 1040
674 329
685 1045
699 324
710 1050
724 319
735 1050
749 314
760 1050
774 309
785 1055
799 304
810 1050
824 304
835 1050
849 299
860 1050
874 299
885 1045
899 299
910 1045
924 297
933 1035
949 294
958 1035
974 294
981 1025
999 292
1004 1015
1024 289
1029 1010
1049 287
1053 1003
1071 275
1077 995
1094 262
1100 985
1114 247
1125 980
1136 235
1148 970
1159 224
1173 965
1182 214
1198 960
1205 204
1223 955
1228 194
1248 950
1252 184
1265 220
1273 945
1275 243
1277 179
1298 945
1300 244
1323 945
1324 237
1348 940
1349 234
1373 940
1374 232
1398 940
1399 229
1423 945
1424 224
1448 945
1449 219
1473 950
1474 214
1498 950
1499 209
1522 199
1523 955
1547 199
1548 960
1572 194
1572 969
1587 989
1597 189
1605 1007
1620 179
1627 1019
1645 179
1652 1025
1670 179
1677 1030
1695 179
1702 1035
1720 179
1727 1040
1745 179
1752 1045
1770 179
1777 1050
1795 179
1802 1055
1820 179
1827 1055
1845 179
1852 1060
1870 179
1877 1065
1895 179
1902 1070
1920 179
1927 1070
1945 179
1952 1075
1970 179
1977 1075
1995 179
2002 1080
2020 184
2027 1084
2045 189
2052 1080
2065 204
2077 1080
2090 204
2102 1075
2110 219
2127 1075
2135 224
2152 1070
2160 229
2177 1064
2185 234
2201 1055
2209 241
2223 1043
2233 249
2245 1030
2256 259
2264 1012
2279 269
2282 994
2297 974
2302 279
2312 954
2322 294
2324 932
2333 908
2340 880
2342 309
2350 850
2357 329
2360 810
2365 785
2370 351
2370 730
2370 755
2380 374
2380 705
2390 397
2390 670
2395 422
2400 447
2400 640
2405 472
2405 497
2405 610
2410 522
2410 555
2410 580
