69 842
69 867
69 892
69 917
74 942
79 802
79 967
89 777
91 989
101 755
104 1011
114 732
122 1029
134 717
142 1045
152 699
160 1063
172 684
182 1075
192 669
205 1085
212 654
225 1100
235 644
249 1107
258 634
273 1115
281 624
296 1125
305 616
320 1132
329 609
344 1140
354 604
369 1145
377 594
394 1150
402 589
417 1160
427 584
442 1164
451 575
465 1175
476 570
490 1180
501 565
515 1185
526 564
540 1180
549 554
565 1185
572 544
590 1190
596 535
615 1192
620 526
640 1195
644 517
665 1195
668 509
690 1200
691 499
715 1200
716 494
740 1200
741 489
765 1200
766 484
790 1195
791 479
815 1195
816 479
840 1190
841 475
864 1182
866 474
888 1175
891 474
913 1168
916 470
937 1159
941 469
959 1147
966 469
983 1138
991 464
1007 1129
1016 464
1031 1120
1040 456
1053 1108
1059 437
1077 1100
1079 422
1089 397
1100 1090
1101 375
1121 359
1125 1085
1137 339
1149 317
1150 1080
1173 309
1174 1072
1193 294
1199 1070
1208 274
1224 1065
1228 259
1248 244
1249 1060
1268 229
1274 1060
1290 216
1299 1055
1309 197
1324 1055
1329 182
1349 167
1349 1055
1371 155
1374 1055
1394 144
1399 1055
1419 137
1424 1055
1443 129
1449 1055
1468 124
1474 1055
1493 119
1496 1068
1500 1093
1518 114
1520 1108
1543 109
1544 1115
1568 109
1569 1120
1593 109
1594 1125
1618 109
1619 1130
1643 109
1644 1135
1668 109
1669 1140
1693 114
1694 1140
1718 119
1719 1145
1743 120
1744 1150
1767 129
1769 1150
1792 134
1794 1150
1817 139
1819 1150
1840 149
1844 1150
1865 154
1869 1150
1884 1392
1889 161
1894 1150
1913 170
1919 1145
1937 179
1944 1142
1960 189
1968 1135
1983 199
1993 1128
2006 209
2015 1115
2028 221
2035 1100
2050 233
2054 1082
2069 1062
2070 248
2081 1040
2090 263
2093 1018
2100 990
2105 283
2110 965
2120 303
2120 935
2130 900
2135 870
2138 321
2145 835
2155 795
2163 324
2165 760
2175 710
2175 735
2180 560
2180 635
2180 660
2180 685
2182 585
2185 610
2186 334
2204 552
2205 351
2215 374
2215 495
2215 520
2225 397
2230 422
2235 480
2240 445
