104 827
104 852
104 877
104 902
114 792
116 924
126 770
129 946
139 742
144 966
151 720
159 986
166 700
177 1004
181 680
197 1019
201 665
217 1035
221 649
237 1050
242 634
257 1065
265 624
279 1077
289 617
301 1089
313 609
324 1100
336 599
347 1110
361 594
370 1120
386 589
393 1130
411 584
416 1140
435 576
440 1147
460 571
464 1155
484 564
487 1165
509 559
512 1170
534 554
535 1180
559 549
560 1185
584 544
585 1190
609 539
610 1195
634 532
635 1200
659 527
660 1205
684 524
685 1210
709 519
710 1210
734 517
735 1212
759 514
760 1215
784 514
785 1210
809 514
810 1210
834 514
835 1210
859 514
860 1205
884 509
885 1200
908 1190
909 511
933 1185
934 514
958 1178
959 514
982 1169
984 509
1006 1160
1009 509
1031 1155
1034 509
1054 1145
1059 509
1077 1135
1084 509
1102 1130
1109 504
1127 1125
1131 490
1151 474
1152 1120
1170 456
1177 1120
1190 441
1202 1115
1209 424
1227 1115
1229 402
1244 382
1251 1123
1255 1148
1262 364
1264 1172
1279 342
1288 1180
1294 322
1300 1155
1305 1130
1309 302
1325 1115
1327 284
1345 266
1350 1115
1364 247
1375 1115
1384 232
1400 1120
1404 217
1425 1122
1426 204
1449 194
1450 1127
1474 189
1474 1135
1479 1160
1496 1179
1499 184
1521 1185
1524 186
1545 1192
1549 189
1570 1195
1574 184
1595 1200
1599 177
1620 1205
1623 169
1645 1210
1648 164
1670 1215
1673 164
1695 1220
1698 159
1720 1222
1723 154
1745 1225
1748 154
1770 1230
1773 154
1795 1235
1798 154
1820 1235
1823 159
1845 1235
1848 159
1870 1240
1873 164
1895 1240
1898 169
1920 1240
1921 179
1945 1235
1946 184
1969 194
1970 1235
1992 204
1994 1227
2015 214
2018 1220
2038 225
2043 1213
2060 237
2063 1198
2082 249
2083 1183
2101 1165
2104 261
2116 1145
2124 276
2130 1120
2143 1098
2144 291
2152 1074
2160 1040
2164 306
2170 1015
2182 324
2189 997
2200 342
2204 977
2213 953
2215 362
2220 920
2225 825
2225 890
2230 382
2230 655
2230 680
2230 705
2230 730
2230 755
2230 780
2230 850
2235 407
2243 431
2243 633
2245 456
2255 605
2260 580
2262 475
2270 555
2280 493
2280 530
