599 1187
599 1212
604 1162
609 467
609 492
609 517
609 542
609 567
609 592
609 617
609 642
611 1234
614 422
614 667
614 692
614 1122
619 377
619 717
619 742
619 1097
624 327
624 352
624 767
624 792
629 282
629 817
629 842
629 1032
629 1057
631 1249
634 867
634 892
634 917
634 942
634 967
634 992
639 237
644 212
654 167
656 1250
664 122
674 82
680 1240
689 62
703 1230
705 480
705 505
705 530
705 555
705 580
705 605
705 630
707 44
707 655
710 435
710 680
715 385
715 410
715 705
715 730
720 340
725 295
726 1220
729 751
730 34
730 270
735 245
745 200
746 1205
747 769
755 37
755 155
762 789
764 1187
765 120
775 52
780 100
780 807
780 1165
785 75
792 829
795 1145
800 853
810 876
810 1125
815 901
820 926
820 1080
825 951
830 976
830 1001
830 1026
830 1051
