64 612
64 637
69 587
69 662
81 684
84 562
96 540
96 704
114 522
116 720
132 504
136 735
152 489
155 752
174 477
175 767
194 462
197 779
216 450
220 790
241 444
245 795
266 439
270 800
291 434
293 810
316 434
318 810
341 429
343 810
366 429
368 810
391 429
393 810
416 429
418 810
441 434
443 805
466 434
468 805
488 446
493 800
512 454
516 790
534 466
541 785
556 479
564 775
576 494
587 764
596 509
607 749
616 524
627 734
630 545
640 710
655 549
655 690
680 549
680 690
705 549
705 685
730 544
730 685
755 544
755 685
780 539
780 685
805 539
805 685
830 539
830 685
853 695
855 539
878 700
880 539
898 715
904 532
920 727
926 520
944 735
951 515
969 735
976 509
994 740
1001 509
1019 740
1026 504
1044 740
1051 504
1069 740
1076 509
1094 735
1101 514
1117 725
1124 524
1140 715
1147 534
1163 703
1167 549
1183 688
1185 567
1198 668
1200 587
1205 612
1210 637
