30 501
30 526
34 551
35 576
40 466
43 600
50 624
55 446
56 649
65 510
65 535
65 673
70 485
70 560
74 428
75 585
75 696
83 463
85 608
86 719
90 633
94 413
95 658
101 445
101 739
105 681
114 398
115 704
120 636
120 661
120 756
121 430
130 611
130 684
130 724
138 774
139 393
140 586
146 425
146 704
150 739
155 635
155 660
158 789
159 568
163 385
165 610
165 683
170 754
171 420
173 729
177 550
181 799
183 701
184 592
188 380
193 765
196 415
197 535
202 574
206 805
207 710
208 745
213 380
216 775
217 520
221 415
222 559
230 641
231 810
232 710
233 750
238 380
241 775
242 515
246 415
246 550
247 660
250 625
256 700
256 740
256 815
263 380
266 775
267 520
270 671
271 418
271 555
274 632
278 728
281 810
288 385
291 770
292 525
294 647
295 425
295 562
296 710
304 800
305 670
313 390
314 760
315 535
317 574
320 425
328 793
335 592
337 750
338 395
338 545
343 435
350 612
350 780
355 564
357 735
362 634
363 400
368 435
370 584
370 658
370 765
375 683
375 708
383 606
388 405
389 747
392 444
395 628
405 651
405 725
410 676
413 410
417 445
438 415
442 450
463 420
467 454
488 420
492 455
513 425
517 459
538 425
542 459
563 430
567 465
588 430
592 465
613 430
617 465
638 430
642 465
663 425
667 465
688 419
692 464
708 404
717 469
726 385
742 475
746 370
767 480
770 361
792 479
795 356
817 480
818 345
842 480
843 340
867 485
868 335
892 480
893 340
915 470
918 340
934 452
943 340
952 434
968 345
973 420
993 350
998 415
1015 196
1015 221
1018 355
1020 246
1023 414
1025 161
1035 136
1035 266
1040 367
1045 111
1047 405
1050 195
1050 220
1050 286
1056 245
1060 91
1060 160
1064 374
1068 304
1070 135
1072 405
1074 263
1075 71
1080 175
1085 115
1088 365
1090 198
1091 315
1093 280
1094 53
1095 138
1097 399
1100 95
1110 213
1113 119
1113 360
1115 165
1116 40
1116 315
1118 280
1119 77
1121 390
1129 186
1130 145
1132 225
1137 110
1138 355
1141 35
1141 315
1143 70
1143 275
1146 385
1153 195
1155 140
1157 230
1162 105
1163 349
1166 35
1166 310
1168 70
1168 274
1171 380
1175 207
1180 141
1187 110
1187 340
1191 40
1191 305
1192 265
1193 75
1196 375
1200 156
1209 122
1210 246
1211 290
1212 335
1214 50
1215 87
1215 176
1220 221
1221 370
1229 137
1231 275
1235 102
1235 321
1237 60
1244 157
1244 360
1245 245
1253 120
1255 78
1256 179
1258 223
1259 313
1264 345
1271 138
1275 93
1277 295
1287 334
1289 156
1293 111
1295 266
1298 180
1300 205
1300 230
1305 315
1308 131
1320 295
1323 151
1331 175
1333 273
1335 200
1335 225
