20 1021
20 1046
20 1071
25 1096
25 1121
25 1146
25 1171
29 1196
30 966
30 991
35 941
35 1221
40 1246
48 919
50 1269
60 896
64 1290
75 1313
79 878
94 1330
99 863
111 1349
117 845
130 1366
137 830
150 1381
157 815
165 1085
165 1110
170 1060
170 1135
171 1395
176 1160
179 803
180 1035
185 1184
191 1410
195 1015
200 1204
203 794
210 995
214 1420
215 1051
215 1076
215 1101
219 1126
219 1221
224 1151
225 975
225 1176
228 789
230 1026
235 1199
237 1430
239 1236
240 955
249 1008
252 780
259 937
259 1251
261 1438
267 990
274 1271
277 780
283 929
285 1445
289 978
291 1290
302 785
306 919
310 1446
311 965
311 1274
311 1305
327 785
331 919
335 1281
335 1313
335 1450
336 960
352 785
356 919
357 1325
360 1284
360 1450
361 955
377 785
380 1095
380 1120
381 919
381 1145
382 1325
385 1065
385 1284
385 1450
386 950
402 785
404 1155
406 919
406 1315
409 1276
410 1064
410 1445
420 940
427 785
429 1161
429 1261
429 1305
434 919
435 1064
435 1440
444 1181
444 1241
448 940
449 1206
450 1291
452 785
459 916
459 1071
460 1435
470 1276
473 940
477 785
479 1086
483 1425
484 914
485 1256
494 1106
495 1231
498 945
502 785
505 1129
505 1206
506 1415
509 914
510 1154
510 1179
521 955
526 1400
527 785
534 914
544 966
546 1385
552 785
559 914
564 1367
566 979
577 785
579 1347
584 914
588 991
591 1325
602 785
605 1300
606 1009
609 914
615 1275
621 1029
625 1250
627 785
634 914
635 1050
638 1228
649 1071
650 1190
652 785
655 1096
655 1121
655 1146
659 914
677 785
684 909
702 790
709 909
727 790
734 910
752 795
759 910
777 795
784 915
802 795
809 920
827 800
834 925
852 800
859 930
877 805
884 930
902 805
909 935
927 805
934 940
952 810
958 949
977 810
983 955
1002 815
1008 959
1027 820
1033 965
1050 830
1056 975
1075 835
1079 985
1100 840
1104 987
1125 840
1129 989
1140 326
1140 351
1140 376
1140 401
1140 426
1140 451
1140 476
1145 281
1150 499
1150 845
1152 999
1155 256
1160 226
1160 522
1172 544
1173 204
1175 845
1177 1004
1190 562
1193 189
1200 850
1202 1004
1208 580
1211 170
1225 850
1226 598
1227 1009
1234 158
1246 613
1250 850
1252 1009
1256 145
1259 321
1259 346
1264 371
1265 630
1269 291
1271 395
1275 850
1277 1009
1279 135
1284 271
1284 417
1288 640
1295 366
1299 437
1300 845
1302 1009
1304 130
1304 256
1305 336
1310 652
1314 457
1320 311
1325 840
1326 244
1327 1009
1329 123
1332 475
1334 660
1336 445
1340 296
1347 495
1349 234
1350 840
1351 110
1352 1004
1359 455
1359 660
1363 284
1367 510
1374 229
1375 835
1376 105
1376 994
1384 460
1384 660
1387 275
1390 520
1399 229
1400 830
1401 105
1401 989
1409 465
1409 660
1412 275
1415 515
1424 229
1424 823
1426 105
1426 984
1433 458
1434 657
1437 275
1438 505
1446 810
1449 229
1450 481
1451 105
1451 979
1458 648
1462 280
1469 800
1474 235
1474 969
1476 105
1480 635
1487 285
1492 790
1497 245
1499 961
1500 620
1501 110
1507 300
1514 778
1518 259
1519 602
1521 949
1525 118
1527 315
1534 582
1534 763
1540 271
1545 333
1546 560
1546 944
1547 130
1549 743
1558 289
1558 538
1560 353
1564 723
1565 510
1569 931
1570 140
1570 311
1570 376
1575 465
1576 700
1577 400
1580 334
1580 425
1585 676
1588 914
1589 157
1590 357
1595 636
1600 380
1605 405
1605 591
1610 430
1610 455
1610 480
1610 505
1610 530
1610 555
1610 900
1611 169
1626 189
1630 885
1644 207
1650 870
1659 227
1669 846
1677 245
1689 267
1689 831
1701 809
1704 287
1719 307
1721 794
1729 330
1734 771
1736 354
1746 749
1748 376
1749 401
1755 725
1760 424
1764 449
1764 696
1769 474
1774 499
1774 671
1784 522
1784 547
1784 572
1784 597
1784 622
1784 647
