50 356
50 381
50 406
61 429
63 334
75 450
78 314
85 365
85 390
89 471
95 413
98 299
98 343
107 435
107 489
115 371
115 396
120 330
122 290
122 455
127 419
127 504
140 345
142 470
147 290
149 431
150 380
150 515
155 325
164 482
165 348
165 400
172 290
174 435
175 521
180 325
188 490
190 395
197 295
199 430
200 341
200 525
205 366
213 490
217 310
220 415
225 525
232 330
235 395
238 484
240 354
250 520
258 469
270 505
279 455
290 490
299 438
310 475
314 418
329 457
332 400
344 437
347 380
359 417
362 360
374 338
375 395
386 315
390 375
400 291
403 353
413 269
418 333
425 241
430 305
443 283
444 223
455 255
456 200
471 180
474 237
486 160
489 217
504 197
505 141
519 177
528 129
538 160
548 114
560 145
569 100
583 133
592 90
607 125
617 85
632 120
642 80
650 201
650 226
650 251
657 114
661 274
665 181
667 75
676 294
682 109
684 163
685 210
685 235
692 70
695 258
696 310
704 192
706 150
707 105
710 278
715 216
715 241
717 70
719 320
726 180
731 145
732 105
733 259
734 285
740 210
742 70
744 325
751 185
755 230
756 149
757 110
758 265
759 290
766 79
769 322
774 195
778 124
780 225
781 155
783 263
788 91
794 320
795 285
800 136
801 170
805 250
810 103
818 274
819 188
819 317
820 151
820 225
830 118
833 254
838 169
839 302
845 193
845 231
850 133
857 284
865 153
870 260
880 173
883 238
885 198
