1164 487
1176 509
1179 467
1196 524
1201 454
1219 535
1219 560
1226 454
1239 575
1248 466
1260 488
1261 588
1264 937
1274 509
1279 747
1279 772
1282 919
1283 600
1288 945
1289 795
1294 727
1299 514
1300 818
1305 612
1305 909
1306 705
1312 840
1313 950
1315 745
1319 864
1320 770
1321 685
1324 519
1325 795
1327 624
1335 818
1338 733
1338 950
1340 843
1344 674
1345 868
1348 526
1350 635
1350 893
1355 710
1355 918
1368 541
1376 724
1385 748
1386 559
1394 772
1404 577
1404 795
1414 818
1424 592
1433 835
1442 610
1450 634
1455 659
1455 684
1455 709
1455 734
1455 759
1458 828
1460 784
1478 813
1485 779
1500 800
1510 776
1531 790
1536 765
1556 785
1559 752
1579 737
1581 785
1597 719
1606 785
1619 707
1631 785
1643 715
1656 785
1658 735
1665 759
