464 842
464 867
464 892
474 915
479 822
481 939
484 572
484 597
484 622
490 963
494 522
494 547
494 645
501 669
501 810
502 985
504 492
511 1009
514 691
519 1033
522 474
524 1058
526 804
532 709
534 1081
546 465
549 1101
551 799
555 720
564 1121
570 456
574 809
576 1143
580 725
595 452
595 823
598 1155
604 732
610 843
615 467
623 1155
628 740
628 861
629 287
629 312
629 337
630 487
634 362
642 509
644 262
644 385
646 879
648 1155
650 533
653 745
655 408
659 770
660 900
664 247
664 795
664 820
664 845
672 545
673 1150
677 420
688 239
695 534
698 1150
702 425
713 239
718 524
721 1140
727 430
738 239
739 452
743 519
743 1128
751 474
758 224
759 142
763 504
764 167
764 192
765 1115
777 124
788 1105
799 112
811 1095
821 100
836 1095
846 104
859 1105
869 114
884 1105
894 114
909 1105
919 119
934 1105
944 119
959 1105
969 124
984 1105
994 124
1009 1105
1019 124
1034 1105
1044 124
1054 1090
1067 114
1076 1103
1087 99
1094 1121
1109 1141
1112 104
1120 465
1125 126
1127 489
1131 1153
1139 147
1139 447
1145 507
1153 1165
1157 165
1157 529
1161 435
1177 180
1178 1170
1182 534
1184 425
1198 194
1201 1180
1207 414
1207 534
1220 207
1225 395
1226 1180
1230 265
1230 290
1232 229
1232 534
1237 314
1244 377
1250 336
1250 552
1251 1180
1262 574
1276 1175
1282 589
1296 1160
1302 604
1310 1135
1320 622
1323 1113
1335 1080
1338 640
1348 1058
1353 660
1360 1035
1370 679
1375 840
1375 1005
1385 699
1389 861
1390 820
1390 975
1395 886
1402 910
1403 953
1404 716
1409 802
1410 741
1410 766
