484 847
484 872
489 897
489 922
489 947
494 972
494 997
499 542
499 567
499 592
499 1022
506 834
509 615
512 640
514 517
514 1042
524 662
529 497
529 1062
531 829
544 477
544 1082
546 675
555 821
559 1102
566 465
567 689
577 1120
580 827
587 705
590 456
592 849
597 1135
604 871
605 723
612 444
615 894
620 1145
627 464
627 735
630 914
639 302
639 327
639 352
639 377
645 1145
649 272
650 474
650 745
653 924
654 397
665 494
669 417
669 762
670 1145
671 259
674 787
674 812
675 517
678 929
679 837
679 862
679 887
691 429
694 247
695 1145
697 529
716 430
718 239
718 1135
722 529
740 437
741 1125
743 234
747 524
749 461
749 486
761 215
763 1113
767 504
769 122
769 147
769 172
783 1098
787 104
800 1075
811 95
823 1065
836 99
838 1085
854 117
862 1094
873 134
885 1105
898 135
910 1105
923 139
935 1105
948 139
960 1100
973 144
985 1100
998 145
1010 1095
1023 149
1033 1085
1048 149
1058 1085
1073 144
1080 1097
1091 125
1102 1109
1116 124
1120 475
1122 1124
1125 445
1130 145
1137 494
1138 423
1140 1142
1144 166
1152 514
1155 1162
1159 186
1162 415
1172 529
1177 1174
1181 199
1185 405
1197 529
1202 1180
1203 211
1208 393
1222 529
1223 226
1225 260
1225 285
1226 375
1227 1175
1239 306
1244 357
1247 534
1250 329
1252 1170
1260 556
1274 577
1277 1164
1294 592
1297 1149
1312 1129
1313 609
1330 1105
1335 622
1343 1083
1353 640
1358 1063
1370 659
1370 1040
1380 1015
1385 679
1385 825
1390 850
1393 993
1398 701
1400 805
1400 873
1402 969
1405 898
1410 723
1410 923
1420 746
1420 790
