469 877
474 902
479 927
481 855
489 950
499 973
501 839
504 527
504 552
504 577
504 602
509 996
514 502
514 625
519 1019
521 649
524 829
529 477
529 1042
534 671
539 1065
547 819
549 462
549 691
550 1088
562 1110
564 711
572 814
573 454
577 1130
585 725
597 814
597 1145
598 449
608 735
619 826
622 1150
623 455
632 744
638 475
641 839
644 282
644 307
644 332
647 1150
649 357
650 497
656 753
659 380
661 854
662 519
666 269
670 403
672 1150
679 872
681 755
685 529
689 259
689 420
689 779
689 804
689 829
697 1145
710 529
714 259
714 420
722 1139
735 529
739 259
739 425
744 450
746 1130
760 526
761 469
764 259
769 127
769 493
769 1120
774 152
779 177
779 202
779 227
787 109
788 1103
808 1088
810 99
826 1070
835 99
851 1073
860 104
866 1093
883 114
888 1105
908 119
913 1105
933 119
938 1105
958 119
963 1105
983 119
988 1105
1008 119
1013 1105
1033 114
1033 1088
1055 1075
1057 104
1072 1094
1080 94
1094 1106
1105 89
1116 1118
1125 104
1135 460
1135 485
1136 1133
1144 121
1145 508
1150 440
1154 1151
1159 141
1165 524
1170 164
1173 430
1174 1166
1185 184
1190 529
1196 420
1198 1175
1205 199
1215 529
1220 219
1220 410
1223 1175
1230 242
1235 390
1239 536
1242 264
1245 289
1245 314
1248 1173
1250 370
1250 559
1255 337
1265 579
1273 1168
1284 596
1295 1155
1302 614
1315 1140
1320 632
1330 1120
1338 650
1345 1100
1353 670
1360 1080
1373 685
1375 1060
1388 705
1390 1035
1400 830
1400 855
1405 724
1405 1010
1407 879
1415 903
1415 985
1419 812
1420 744
1420 928
1420 953
1430 767
