444 872
444 897
449 922
454 547
454 572
454 847
459 597
459 945
464 517
464 622
466 969
469 827
474 492
474 993
476 644
479 1018
484 1043
486 470
489 812
490 1068
491 664
502 1090
506 454
506 684
513 804
520 1108
529 695
531 449
538 804
540 1123
552 705
556 449
561 814
564 1130
576 713
576 834
581 449
584 1145
591 854
600 720
603 461
606 874
607 1155
621 479
621 894
625 725
630 1165
636 499
639 292
639 317
639 342
639 367
641 909
644 742
645 523
651 389
655 1165
656 929
659 277
662 760
666 409
668 534
674 782
676 944
680 1165
684 272
684 805
686 425
689 830
689 855
689 880
689 905
693 529
705 1160
708 264
711 420
718 529
729 1152
733 259
734 430
743 524
744 453
744 478
745 1120
756 249
757 500
759 137
759 162
764 187
769 227
770 1120
771 115
794 104
794 1112
810 1085
819 104
835 1090
839 119
858 1100
864 124
881 1110
888 131
906 1110
913 134
931 1110
938 140
956 1110
963 144
981 1110
988 144
1006 1105
1013 144
1031 1100
1038 144
1053 1088
1060 131
1078 1090
1082 119
1102 1099
1106 110
1110 445
1110 470
1114 1121
1127 489
1129 99
1129 1141
1135 440
1143 120
1147 504
1147 1159
1150 144
1158 430
1160 167
1167 519
1170 1170
1172 189
1183 423
1192 519
1195 199
1195 1170
1205 410
1214 216
1217 524
1220 265
1220 1165
1225 290
1228 398
1229 236
1230 315
1230 340
1230 365
1242 529
1244 1157
1250 553
1259 577
1266 1145
1274 597
1288 1133
1292 615
1300 1110
1307 635
1315 1080
1325 653
1325 1050
1335 1025
1337 675
1350 830
1350 1000
1352 695
1352 855
1363 978
1365 877
1367 715
1373 818
1375 950
1380 897
1385 733
1385 795
1385 922
1390 758
