459 902
459 927
459 952
464 977
469 867
476 999
479 842
484 637
489 587
489 612
489 1021
494 562
494 660
494 817
504 532
504 1041
514 507
516 673
516 805
519 1061
526 485
536 1080
538 685
541 809
544 467
555 1097
558 700
563 821
568 459
575 1112
581 710
583 836
593 459
597 1125
604 720
605 848
613 475
620 1135
625 497
627 860
629 725
633 521
634 337
634 362
639 387
644 307
645 1140
647 875
648 541
649 410
652 735
659 282
662 895
670 1140
671 423
673 539
674 747
674 822
674 847
674 872
677 264
679 772
679 797
695 1135
696 425
698 534
699 252
720 1130
721 420
723 529
724 249
739 438
745 1125
748 529
749 244
752 460
764 482
768 1113
769 217
772 519
774 127
774 152
774 177
784 97
790 1100
806 84
810 1085
830 92
835 1080
852 104
860 1080
875 114
881 1094
900 119
901 1109
923 129
926 1115
948 129
951 1115
973 129
976 1115
998 129
1001 1110
1023 129
1025 1100
1045 1085
1047 119
1069 107
1070 1085
1093 1095
1094 106
1111 1113
1116 119
1125 450
1125 475
1125 500
1126 1133
1128 141
1130 525
1140 163
1144 1151
1148 440
1152 185
1155 529
1166 1163
1169 204
1171 430
1180 529
1185 224
1191 1168
1194 420
1200 244
1205 275
1205 529
1213 403
1215 298
1216 1170
1218 378
1220 323
1220 348
1220 549
1239 566
1241 1170
1257 584
1266 1165
1272 604
1286 1150
1290 622
1301 1130
1302 644
1315 1105
1317 664
1328 1083
1335 682
1337 1059
1345 1025
1355 697
1355 845
1355 1000
1365 965
1373 715
1374 862
1375 935
1378 833
1380 887
1388 735
1398 818
1400 757
1405 782
