244 937
254 960
259 907
274 887
279 965
289 862
304 842
304 965
309 712
309 737
322 824
324 692
329 965
331 750
339 672
340 806
354 647
354 960
355 786
356 745
369 627
370 766
379 960
381 740
384 607
389 437
394 582
401 459
402 970
409 417
409 562
419 537
422 985
426 465
427 399
434 507
444 377
444 483
447 990
459 357
471 335
472 995
479 197
484 312
489 220
494 177
497 995
499 292
509 267
512 159
514 225
522 1000
527 139
534 1027
534 1052
534 1077
534 1102
534 1127
534 1152
544 1175
545 121
565 106
567 1185
580 86
592 64
592 1189
607 44
617 1190
625 26
642 1190
644 9
667 1190
668 16
686 34
690 1180
700 55
700 1020
705 1045
705 1070
705 1095
705 1120
705 1150
717 74
725 1015
735 92
750 1010
755 107
770 995
773 125
793 140
795 990
800 225
810 159
814 246
820 990
825 179
825 269
828 225
835 292
844 196
845 995
850 312
858 336
860 465
865 490
867 360
869 1002
870 515
875 384
875 540
880 565
885 460
890 404
890 588
894 1005
899 612
909 421
909 452
910 635
915 780
917 1015
920 658
922 804
929 682
930 828
938 706
939 852
940 780
942 1015
950 875
956 724
960 898
965 785
967 1015
970 921
974 742
984 767
987 940
990 1005
1004 959
1014 997
