374 687
384 710
396 675
409 710
414 342
414 997
416 660
424 365
432 1015
434 327
434 642
434 710
434 957
434 982
444 617
444 922
449 365
452 309
454 882
457 1010
459 582
459 710
464 852
467 289
469 557
474 365
474 822
479 527
482 1009
484 502
484 705
484 782
485 271
494 467
494 732
494 757
499 360
499 385
499 410
499 435
504 247
507 1005
519 227
532 1005
534 202
544 177
557 1005
559 147
569 112
579 82
582 1004
591 60
594 32
604 1016
609 1041
614 1066
619 31
619 1091
624 1116
624 1141
624 1166
630 54
632 1190
645 74
657 1190
660 94
673 116
682 140
682 1185
695 162
705 185
707 1185
712 209
724 231
732 1180
735 254
740 365
745 390
748 276
752 414
757 1180
760 298
760 438
765 370
769 462
775 487
780 313
780 345
782 1180
785 510
790 375
790 980
792 534
795 1005
802 325
805 556
805 1028
807 1175
815 375
815 579
815 715
815 980
815 1051
820 1076
824 337
825 738
829 1162
830 763
830 1099
834 596
835 360
835 1124
840 710
840 786
840 980
845 619
850 809
860 639
865 710
865 829
865 980
880 654
880 849
890 705
890 980
895 674
895 869
905 892
915 980
917 914
925 938
