1044 852
1044 877
1054 900
1056 830
1064 952
1064 977
1064 1002
1076 1024
1079 905
1081 824
1082 934
1101 1025
1104 905
1106 824
1126 1030
1131 824
1151 1035
1156 819
1173 1023
1181 815
1195 1010
1206 809
1220 1010
1231 810
1245 1010
1251 794
1270 776
1270 1010
1279 752
1295 1010
1303 744
1318 1020
1328 744
1333 1040
1353 744
1355 1025
1370 1005
1378 744
1395 1005
1403 750
1420 1000
1427 759
1440 781
1440 806
1445 1000
1450 829
1455 1023
1473 840
1475 1038
1485 862
1497 884
1500 1035
1519 896
1523 1023
1530 960
1530 985
1543 904
1555 955
1565 916
