144 427
159 447
166 415
174 467
184 532
189 487
190 422
194 562
194 697
194 722
204 745
208 504
209 677
212 580
214 429
219 402
219 765
224 602
224 657
231 380
234 785
242 620
254 800
255 372
259 639
277 810
280 369
292 830
304 852
305 364
324 347
324 837
344 327
344 852
350 740
355 765
362 309
368 859
370 785
375 742
375 835
377 809
385 299
397 754
406 285
417 769
431 279
437 785
454 269
459 797
477 815
479 262
497 830
504 257
512 850
529 252
532 865
550 883
553 245
570 898
578 244
582 920
600 938
601 234
615 958
626 239
635 973
650 247
657 985
675 249
677 1000
694 1127
694 1152
700 254
700 1010
704 1175
712 1109
719 1195
723 1020
725 257
729 1087
736 1214
747 1029
749 264
751 1075
754 1232
765 530
769 1057
774 269
774 1247
790 555
799 274
799 1245
819 1260
822 284
835 1175
839 1245
840 1220
845 294
854 1157
865 309
869 1137
888 320
888 1120
905 1100
908 335
918 1078
925 354
943 1078
944 371
962 389
966 1088
982 404
991 1093
997 424
1015 442
1016 1088
1031 1108
1035 457
1044 1130
1047 479
1059 1150
1065 497
1076 1169
1085 512
1093 536
1099 1180
1108 556
1115 585
1119 1195
1125 608
1130 633
1135 658
1139 1210
1140 685
1140 710
1145 740
1150 765
1159 1225
1160 788
1165 813
1170 838
1175 910
1176 1244
1180 861
1187 885
1196 924
1196 1259
1216 939
1216 1274
1236 954
1240 1282
1255 971
1265 1280
1272 990
1290 1010
1290 1280
1305 1030
1305 1260
1310 1055
1324 1076
1325 1245
1335 1099
1344 1227
1348 1121
1355 1175
1356 1205
1360 1143
