89 382
89 407
94 327
94 352
101 429
116 315
124 440
139 304
149 445
164 304
164 465
187 475
189 304
205 493
214 309
227 505
239 309
242 525
264 309
264 537
286 550
288 316
306 334
307 564
327 580
328 346
329 917
334 887
334 942
346 364
349 592
349 862
354 957
367 610
367 844
368 376
378 965
379 632
383 396
384 657
389 682
392 839
401 955
407 389
407 700
407 819
414 777
419 722
422 369
426 950
429 747
445 359
449 960
470 359
472 950
495 362
495 940
510 910
520 367
520 885
545 366
545 882
567 895
569 357
591 345
591 903
611 918
616 340
630 935
641 334
655 935
664 322
676 949
688 315
701 955
713 320
724 965
737 329
749 970
762 334
772 980
787 334
797 985
812 334
822 990
837 339
847 990
862 344
872 995
887 349
897 995
912 354
920 1005
934 366
945 1005
956 379
970 1007
976 394
995 1012
1001 399
1020 1010
1025 406
1043 1020
1050 412
1054 1147
1064 1117
1066 1169
1067 1029
1072 424
1080 1190
1082 1099
1087 1044
1092 439
1099 1066
1105 1195
1110 457
1125 477
1128 1185
1140 497
1148 1200
1158 515
1168 1185
1175 534
1193 1183
1194 551
1214 566
1215 1170
1220 1025
1232 584
1235 1155
1239 1042
1248 1018
1250 1135
1252 599
1255 1085
1257 1110
1259 1057
1270 617
1270 1005
1285 637
1293 995
1300 657
1315 677
1318 1000
1327 699
1339 721
1342 1009
1345 746
1355 769
1360 794
1360 819
1365 844
1365 1020
1370 869
1370 925
1375 894
1375 950
1389 971
1390 1025
1400 994
