329 492
334 517
334 542
334 567
334 602
334 627
334 662
334 687
339 462
339 712
354 732
363 454
379 735
388 454
404 735
413 454
429 735
438 454
454 735
463 454
479 730
488 454
504 730
513 455
529 730
538 454
554 730
563 454
579 725
588 459
604 725
613 464
629 725
638 459
654 725
663 459
679 720
688 454
704 720
713 459
729 720
738 454
754 720
763 455
779 720
788 459
804 720
813 454
829 725
838 454
854 730
863 454
879 730
888 454
904 730
913 454
929 730
938 449
954 735
963 449
979 735
988 454
1004 735
1013 454
1027 745
1037 444
1052 745
1062 444
1077 745
1087 444
1102 745
1112 444
1122 760
1132 429
1142 775
1150 411
1162 790
1170 396
1184 802
1192 384
1206 815
1215 374
1231 820
1238 364
1254 830
1263 359
1277 840
1288 354
1301 848
1313 354
1326 850
1338 354
1349 840
1363 349
1374 835
1386 359
1397 825
1411 364
1420 815
1431 379
1443 805
1455 387
1465 790
1475 402
1488 778
1495 417
1506 760
1513 435
1526 745
1537 444
1549 735
1562 449
1574 740
1587 444
1599 735
1612 444
1622 725
1637 449
1647 725
1662 454
1672 725
1687 454
1697 725
1712 449
1722 725
1737 454
1747 720
1762 454
1772 725
1787 454
1797 725
1812 459
1822 725
1837 454
1847 720
1862 454
1872 720
1887 459
1897 720
1912 464
1922 720
1936 455
1947 720
1961 459
1972 720
1986 454
1997 720
2011 459
2022 720
2036 455
2047 720
2061 454
2072 720
2086 454
2097 725
2111 459
2122 725
2134 469
2147 725
2157 459
2172 720
2182 454
2197 725
2207 454
2222 719
2230 464
2240 505
2240 530
2240 565
2240 590
2240 620
2240 645
2240 670
2240 695
