434 392
444 415
444 497
449 440
449 465
454 377
454 520
454 545
454 572
454 597
472 615
479 379
497 610
504 377
522 605
528 369
547 610
553 369
572 605
578 369
597 605
603 364
622 600
628 369
647 599
653 364
672 599
678 359
697 600
703 359
722 595
728 359
747 595
753 354
772 595
778 349
797 600
802 339
820 321
822 604
842 309
844 616
862 294
865 630
884 282
888 640
906 269
911 650
929 259
935 657
954 254
959 665
979 249
984 670
1004 249
1009 670
1029 244
1034 675
1054 246
1059 680
1079 249
1083 673
1104 254
1107 665
1129 259
1130 655
1154 264
1155 650
1177 274
1179 642
1199 286
1201 630
1221 299
1221 615
1241 314
1241 600
1261 585
1266 319
1281 570
1291 324
1306 565
1316 319
1331 560
1341 319
1356 560
1366 319
1381 555
1391 319
1406 555
1416 319
1431 550
1441 314
1456 550
1466 314
1481 550
1491 314
1506 550
1516 314
1531 545
1541 309
1556 540
1566 309
1581 543
1591 309
1606 545
1616 309
1631 540
1641 304
1656 540
1666 304
1681 540
1691 304
1706 538
1716 304
1731 540
1741 299
1756 540
1766 299
1781 540
1791 299
1806 540
1816 294
1831 540
1841 290
1856 540
1866 289
1881 540
1891 289
1906 540
1916 294
1929 530
1941 294
1954 535
1966 294
1970 330
1975 355
1975 380
1975 415
1977 525
1982 439
1985 464
1985 489
