119 342
119 367
119 517
119 542
124 392
124 417
124 442
124 467
124 492
134 322
134 562
156 575
159 319
181 575
184 314
206 575
209 319
231 575
234 319
256 575
259 322
281 575
284 324
306 578
309 329
331 583
334 324
355 590
359 324
380 590
384 329
405 595
409 334
430 595
434 334
455 595
459 334
480 600
484 334
505 600
509 334
530 597
534 334
554 605
559 334
579 605
584 334
604 605
609 334
629 610
634 332
654 610
659 329
679 610
684 329
704 610
709 324
729 610
734 329
754 610
759 324
779 610
784 329
802 620
809 324
827 620
834 324
852 620
859 324
875 610
884 319
900 605
909 319
925 605
934 319
950 600
959 314
975 595
984 314
1000 595
1009 309
1025 595
1034 309
1050 590
1059 304
1075 590
1084 299
1100 590
1109 294
1125 590
1134 289
1150 590
1159 284
1175 592
1184 279
1193 610
1209 272
1213 625
1231 259
1231 643
1250 660
1254 249
1271 674
1277 239
1294 685
1297 224
1317 209
1317 695
1340 199
1340 705
1364 712
1365 194
1386 724
1390 189
1409 735
1415 189
1434 735
1440 189
1455 715
1465 194
1478 703
1490 199
1502 694
1513 209
1526 685
1536 219
1548 673
1559 229
1570 660
1580 243
1590 645
1600 259
1609 627
1623 269
1629 612
1641 590
1648 274
1663 578
1673 274
1688 573
1698 279
1713 570
1723 279
1738 575
1748 284
1763 570
1773 280
1788 565
1798 284
1813 565
1823 284
1838 565
1848 284
1863 560
1873 284
1888 560
1898 284
1913 555
1923 289
1938 555
1948 284
1963 550
1973 284
1988 550
1998 284
2013 548
2023 284
2038 545
2048 284
2063 545
2073 279
2088 545
2098 279
2113 545
2123 279
2138 540
2148 279
2163 535
2173 274
2188 540
2198 279
2213 535
2221 289
2225 314
2225 339
2225 364
2225 389
2225 414
2230 439
2235 464
2235 520
2240 489
