219 397
224 357
224 422
229 447
229 472
234 327
239 287
241 494
261 274
266 500
286 274
291 500
310 266
316 500
335 261
341 505
360 264
366 500
385 264
391 500
410 269
416 500
435 269
441 500
460 274
466 500
485 269
491 503
510 264
516 505
535 264
541 500
560 269
566 500
585 269
591 505
610 269
616 505
635 264
641 500
660 269
666 503
685 266
691 505
710 264
716 505
735 264
741 505
760 259
766 505
785 259
791 505
810 262
816 503
835 264
841 500
860 264
866 500
885 264
887 514
904 533
909 271
917 555
934 274
934 574
951 593
954 257
971 608
976 244
990 625
992 224
1014 212
1015 630
1036 199
1040 632
1061 194
1064 640
1084 184
1089 640
1107 174
1114 640
1132 174
1139 640
1154 162
1164 640
1172 144
1189 640
1197 144
1214 645
1215 162
1237 174
1238 638
1262 179
1262 630
1282 194
1285 620
1307 194
1308 610
1330 204
1331 600
1350 219
1351 585
1373 230
1373 573
1391 555
1393 245
1408 265
1414 545
1428 280
1439 545
1452 289
1464 545
1477 289
1489 542
1502 294
1514 540
1527 294
1539 545
1552 289
1564 545
1577 289
1589 540
1602 294
1614 540
1627 294
1639 540
1652 289
1664 545
1677 289
1689 545
1702 289
1714 540
1727 289
1739 545
1752 289
1764 545
1777 294
1789 540
1802 294
1814 540
1827 294
1839 545
1852 294
1864 545
1877 294
1889 545
1902 294
1914 545
1927 294
1939 545
1952 289
1964 545
1977 294
1989 545
2002 294
2014 550
2027 289
2039 550
2052 294
2064 545
2077 294
2089 545
2102 299
2114 550
2127 294
2139 545
2152 289
2164 545
2177 294
2189 550
2202 289
2214 555
2227 289
2239 552
2252 294
2264 550
2277 294
2289 550
2302 299
2310 335
2310 360
2310 470
2310 495
2310 530
2315 385
2315 410
2315 435
