214 1031
219 1056
225 1081
227 1008
244 988
244 1098
263 971
268 1105
287 962
293 1110
303 1072
310 952
319 1052
333 941
342 1040
357 932
365 1030
380 922
390 1034
403 912
412 1017
427 903
437 1014
452 899
462 1010
475 888
486 1003
497 876
501 983
522 871
525 975
543 855
547 963
567 848
567 948
589 934
591 840
613 828
613 925
631 907
638 822
653 893
662 813
672 876
686 805
696 869
708 792
715 852
732 785
740 852
756 775
764 860
780 768
787 870
799 750
799 787
805 888
810 810
821 833
822 739
827 858
830 893
846 730
854 883
870 721
874 868
893 711
897 857
917 702
921 850
941 693
944 839
964 683
968 832
988 674
991 821
1012 665
1015 814
1036 655
1037 802
1059 645
1061 795
1083 635
1083 782
1107 626
1108 775
1130 616
1130 763
1154 608
1154 754
1177 597
1177 742
1200 587
1201 732
1223 576
1224 722
1247 567
1247 711
1270 556
1271 702
1293 545
1293 688
1317 535
1317 679
1339 666
1340 525
1363 514
1363 656
1385 644
1386 503
1409 493
1409 636
1431 623
1432 482
1455 471
1455 614
1477 601
1478 461
1501 450
1501 591
1523 579
1524 439
1546 567
1547 428
1570 418
1570 559
1591 543
1593 406
1614 533
1616 395
1636 519
1639 384
1660 509
1662 374
1681 495
1686 364
1704 485
1711 362
1725 471
1736 364
1746 457
1761 370
1769 446
1784 380
1790 432
1805 394
1812 418
