259 1337
263 1310
266 1361
271 1286
272 1386
283 1409
285 1264
298 1429
303 1246
318 1444
325 1233
342 1452
350 1227
367 1454
375 1223
390 1443
400 1221
415 1445
425 1219
440 1442
450 1218
465 1444
475 1215
490 1443
500 1215
515 1445
525 1213
540 1442
550 1214
565 1444
575 1212
590 1443
600 1210
615 1442
625 1210
640 1443
650 1209
665 1438
675 1209
690 1443
700 1207
715 1441
725 1206
740 1444
750 1205
765 1439
775 1205
790 1444
800 1203
815 1439
825 1202
840 1443
850 1202
865 1438
875 1200
890 1441
900 1199
915 1438
925 1199
940 1440
950 1198
965 1439
975 1197
990 1440
1000 1196
1015 1436
1025 1196
1040 1439
1050 1195
1065 1435
1075 1194
1090 1439
1100 1192
1115 1435
1125 1192
1140 1438
1150 1192
1165 1435
1175 1191
1190 1437
1200 1190
1215 1433
1225 1188
1240 1437
1250 1188
1265 1433
1275 1187
1290 1437
1300 1187
1315 1432
1325 1185
1340 1437
1350 1185
1364 1430
1375 1183
1388 1437
1400 1182
1412 1430
1425 1181
1437 1434
1450 1180
1462 1432
1475 1180
1487 1434
1500 1179
1512 1433
1525 1177
1537 1433
1550 1178
1562 1433
1575 1176
1587 1430
1600 1176
1612 1433
1625 1174
1637 1428
1650 1174
1662 1433
1675 1173
1687 1427
1700 1172
1712 1432
1725 1171
1737 1426
1750 1170
1762 1430
1775 1169
1787 1426
1800 1168
1812 1428
1825 1167
1837 1426
1850 1166
1862 1425
1875 1166
1887 1429
1900 1164
1912 1424
1925 1164
1937 1430
1950 1162
1961 1423
1975 1162
1986 1427
2000 1161
2011 1423
2025 1160
2036 1422
2050 1158
2061 1425
2075 1158
2086 1421
2100 1157
2110 1428
2125 1156
2134 1421
2150 1155
2159 1424
2175 1154
2184 1421
2200 1153
2209 1422
2225 1152
2234 1424
2250 1151
2259 1419
2275 1150
2283 1426
2300 1149
2307 1418
2325 1147
2332 1420
2350 1146
2357 1420
2375 1146
2382 1417
2400 1148
2405 1427
2415 1168
2427 1146
2429 1434
2442 1166
2454 1434
2457 1146
2467 1169
2467 1375
2470 1400
2492 1169
2493 1411
2504 1434
2517 1166
2525 1448
2542 1165
2550 1442
2567 1167
2574 1434
2586 1412
2592 1167
2599 1390
2616 1159
2616 1370
2634 1351
2641 1160
2657 1341
2666 1157
2679 1329
2691 1159
2704 1327
2716 1159
2729 1324
2741 1159
2754 1328
2766 1155
2779 1334
2791 1156
2803 1343
2816 1158
2828 1344
2841 1154
2853 1348
2866 1153
2878 1352
2891 1152
2901 1362
2916 1151
2926 1366
2941 1149
2951 1370
2966 1149
2976 1370
2991 1147
3001 1372
3016 1145
3026 1372
3041 1145
3051 1373
3066 1143
3076 1374
3091 1142
3100 1381
3116 1145
3125 1384
3141 1139
3148 1374
3166 1138
3173 1377
3191 1141
3198 1375
3216 1138
3223 1374
3241 1139
3248 1373
3266 1136
3273 1370
3291 1139
3298 1365
3316 1136
3323 1360
3341 1131
3348 1357
3366 1132
3373 1355
3391 1133
3398 1349
3416 1132
3423 1350
3441 1129
3448 1346
3466 1128
3473 1340
3491 1128
3498 1338
3516 1128
3522 1330
3541 1124
3547 1325
3566 1125
3572 1324
3591 1124
3597 1321
3616 1121
3617 1336
3641 1121
3641 1328
3664 1339
3666 1122
3689 1339
3691 1122
3710 1353
3716 1119
3722 1375
3741 1120
3747 1380
3765 1398
3766 1118
3775 1421
3791 1116
3797 1433
3816 1116
3821 1425
3841 1117
3846 1423
3866 1112
3869 1412
3891 1114
3894 1406
3916 1113
3918 1399
3941 1115
3941 1388
3961 1371
3965 1123
3982 1357
3986 1137
4007 1356
4009 1148
4020 1264
4023 1336
4026 1297
4029 1163
4039 1186
4042 1250
4044 1211
