388 739
392 714
399 762
400 689
415 667
418 779
437 655
438 794
458 641
458 809
480 629
483 809
495 787
503 825
505 620
527 832
528 610
549 844
552 602
571 856
572 799
577 599
577 881
597 865
601 591
616 882
625 583
641 879
650 583
666 874
673 573
691 874
695 585
713 862
718 575
738 855
740 587
758 839
763 597
781 827
787 605
801 810
808 619
822 796
828 634
842 781
848 650
867 775
868 666
888 681
889 763
912 690
914 757
937 693
939 751
962 695
964 746
987 696
989 744
1009 708
1014 747
1032 697
1039 743
1057 698
1064 749
1082 699
1089 746
1107 698
1114 744
1132 700
1139 747
1157 699
1164 750
1182 701
1189 752
1207 700
1214 749
1232 701
1239 747
1257 700
1264 747
1282 698
1289 752
1307 698
1313 761
1332 695
1338 760
1357 695
1363 759
1382 695
1387 766
1407 694
1412 768
1432 691
1437 763
1457 691
1461 772
1482 687
1486 774
1507 686
1511 773
1532 684
1536 778
1557 683
1561 775
1582 683
1586 780
1607 680
1611 781
1632 678
1636 782
1657 676
1661 785
1682 674
1686 786
1707 674
1711 781
1727 689
1731 765
1741 710
1742 736
