93 697
95 647
97 594
103 538
114 711
117 659
118 608
127 547
138 702
139 594
139 647
150 537
151 616
153 668
153 722
167 556
168 597
172 651
175 709
176 622
182 674
187 541
187 731
193 600
197 654
199 563
201 627
206 714
207 679
213 738
216 544
218 604
222 658
224 568
226 631
231 717
232 684
238 744
241 545
243 607
247 661
249 573
251 636
256 721
257 689
263 750
266 548
268 610
272 664
274 577
276 639
281 724
282 693
288 756
291 550
293 613
297 666
299 582
306 727
307 698
309 644
313 761
316 552
318 616
322 667
324 585
331 731
332 702
337 647
338 766
341 553
343 619
346 674
349 589
356 735
357 706
362 651
363 771
366 556
368 622
371 678
374 593
381 738
382 710
387 654
388 776
391 558
393 623
396 680
399 597
406 741
407 713
412 657
413 780
416 560
418 625
421 683
424 600
431 743
432 717
437 660
438 784
441 561
443 626
447 683
455 604
456 745
457 720
462 663
463 788
466 562
468 627
476 684
481 746
483 607
488 791
491 564
494 666
495 725
497 628
506 749
507 688
513 794
514 609
516 566
523 730
526 671
538 796
541 564
563 797
566 560
588 796
591 557
613 793
616 563
637 786
641 566
660 775
664 576
682 761
684 591
702 744
704 606
722 728
724 622
745 716
746 634
769 709
771 639
794 704
796 641
819 701
821 642
844 700
846 636
869 700
871 632
894 700
896 636
919 702
921 638
944 702
946 638
969 703
971 641
994 705
996 641
1019 706
1021 642
1044 707
1046 641
1069 709
1071 638
1094 710
1096 642
1119 712
1121 641
1144 714
1146 641
1169 716
1171 640
1194 718
1196 641
1219 720
1221 641
1244 722
1246 639
1269 724
1271 640
1294 727
1296 639
1319 729
1321 637
1344 732
1346 634
1369 735
1371 634
1394 737
1396 633
1419 740
1421 631
1444 743
1446 629
1469 746
1471 629
1494 750
1496 627
1519 753
1521 626
1544 756
1546 624
1569 760
1571 623
1594 764
1596 620
1619 767
1621 617
1644 770
1646 615
1669 773
1671 613
1694 774
1696 612
1719 775
1721 609
1744 774
1746 609
1769 619
1769 769
1789 634
1789 754
1802 656
1803 733
1809 680
1809 705
