658 647
673 618
680 558
681 658
689 591
696 629
704 566
705 665
712 602
720 636
729 562
729 672
736 595
745 630
753 665
754 564
761 599
768 685
770 635
779 568
786 604
788 653
793 691
804 571
804 622
813 659
818 697
820 591
829 627
838 664
842 578
843 703
851 614
858 648
867 582
868 707
891 590
893 710
915 598
918 705
935 613
940 692
951 633
965 687
966 653
988 665
999 688
1020 674
1034 695
1056 682
1066 705
1083 686
1090 712
1108 691
1115 718
1133 696
1140 724
1158 700
1164 731
1183 704
1189 737
1208 709
1213 745
1233 713
1237 752
1258 717
1261 760
1283 721
1285 767
1308 724
1309 776
1333 728
1333 784
1356 794
1358 730
1380 801
1383 732
1403 811
1408 734
1426 800
1432 741
1435 771
