248 279
251 238
251 319
255 344
256 204
262 171
264 368
265 140
269 114
275 86
278 236
279 261
279 388
280 60
281 201
284 157
286 285
287 1104
287 1129
287 1154
288 1179
289 1026
289 1051
289 1076
291 978
292 929
294 408
294 812
294 837
294 862
294 887
297 1203
298 755
298 780
299 724
301 216
301 694
302 657
304 181
308 142
310 428
314 117
318 1217
319 84
321 639
322 231
322 256
323 281
324 206
324 449
326 168
326 587
326 612
327 556
332 528
334 472
337 497
343 188
343 1217
347 150
351 122
355 93
361 214
361 239
361 264
363 440
363 465
364 169
367 490
368 1210
370 414
373 286
373 515
379 540
381 199
382 390
382 609
382 634
382 1189
383 565
385 144
387 1163
389 1084
390 102
390 1054
390 1134
391 1011
391 1109
392 364
392 961
393 986
394 74
394 929
395 875
395 900
396 655
396 834
398 764
398 789
399 336
399 728
400 697
402 217
403 170
403 242
403 267
403 292
404 123
