436 724
437 688
446 814
450 769
460 733
461 697
470 823
473 779
485 689
485 728
494 816
497 772
507 702
507 741
516 829
518 786
530 692
531 732
539 818
541 775
550 707
551 748
559 834
560 792
572 694
573 735
581 778
581 821
591 711
591 753
599 796
600 838
611 696
612 739
620 782
621 824
630 713
631 756
640 798
640 841
650 698
652 742
661 827
662 785
669 715
671 759
680 844
681 802
689 700
692 745
700 829
702 788
706 719
710 763
719 846
720 806
725 702
729 746
738 788
738 829
740 722
753 809
754 746
756 847
757 703
757 771
781 847
782 705
806 850
807 707
831 846
832 709
855 838
857 714
877 825
881 722
898 811
904 732
920 797
927 742
944 788
952 745
969 785
977 749
993 777
1002 749
1017 784
1027 747
1042 785
1052 750
1065 775
1077 753
1090 775
1102 753
1115 776
1127 753
1140 777
1152 752
1165 779
1177 752
1190 780
1202 752
1215 781
1227 750
1240 783
1252 750
1265 786
1277 749
1290 789
1302 748
1315 792
1327 744
1340 795
1352 741
1365 799
1377 738
1390 804
1402 736
1415 808
1427 732
1440 812
1452 728
1465 816
1477 726
1490 819
1502 722
1515 821
1527 720
1539 828
1552 715
1563 836
1577 716
1588 832
1601 723
1609 818
1619 741
1624 798
1628 765
