643 236
651 260
663 282
675 304
685 327
697 349
699 259
700 307
708 207
708 372
712 281
714 328
721 394
722 228
725 305
725 351
729 174
732 251
732 417
739 372
743 195
744 273
746 438
748 316
756 217
758 460
760 386
762 337
765 411
767 240
767 283
776 358
776 478
782 260
784 306
790 379
794 282
795 495
800 326
808 261
815 346
819 502
823 281
833 364
835 303
841 515
855 318
865 522
870 338
885 358
885 537
899 379
900 557
906 403
910 428
910 456
910 481
910 506
915 577
924 527
931 597
938 548
943 619
953 568
958 639
967 589
972 660
982 609
987 680
994 631
1000 702
1009 651
1013 724
1024 671
1027 745
1038 692
1040 767
1052 713
1054 788
1066 810
1069 732
1078 832
1084 752
1091 854
1098 773
1103 876
1113 793
1113 899
1126 921
1130 812
1137 944
1146 832
1152 964
1160 853
1166 985
1177 872
1178 1007
1192 1028
1193 892
1206 1049
1209 912
1220 1070
1223 933
1235 1090
1238 953
1252 1109
1254 973
1268 994
1269 1128
1282 1015
1289 1144
1296 1036
1309 1058
1311 1156
1319 1081
1329 1104
1333 1129
