152 677
159 701
162 654
176 720
187 652
198 732
212 651
220 744
237 653
242 756
262 653
266 763
287 654
290 772
312 654
315 776
337 653
340 781
362 655
365 787
387 656
390 788
412 655
415 792
437 655
440 793
462 654
465 799
487 652
490 798
512 653
515 801
537 651
540 798
562 651
565 797
587 651
590 799
612 651
615 798
637 653
640 798
662 654
665 798
687 657
690 795
712 660
715 790
737 662
740 786
762 666
765 782
787 670
790 778
812 671
815 780
837 674
839 771
862 678
864 769
887 680
889 767
912 681
914 766
937 683
939 764
959 780
962 684
980 766
987 683
1005 765
1012 684
1030 766
1037 687
1055 767
1062 687
1080 769
1087 689
1105 768
1112 688
1130 771
1137 690
1155 770
1162 691
1180 765
1187 691
1205 770
1212 692
1230 771
1237 692
1255 773
1262 693
1280 774
1287 697
1305 777
1312 691
1330 778
1337 694
1350 793
1362 695
1375 791
1387 695
1400 788
1412 693
1424 781
1437 693
1449 785
1462 693
1474 785
1487 693
1498 792
1512 696
1523 791
1537 694
1548 792
1562 694
1573 792
1587 694
1598 794
1612 693
1623 793
1637 694
1648 798
1662 693
1673 800
1687 693
1698 800
1712 691
1723 803
1737 691
1748 807
1762 689
1773 803
1787 690
1798 805
1812 694
1820 792
1824 725
1824 767
