675 410
681 435
693 457
700 404
705 479
717 423
717 501
730 523
735 441
745 543
752 460
760 563
769 479
777 582
787 497
792 602
804 516
809 621
822 534
826 640
840 552
841 660
856 680
858 570
874 698
876 588
891 717
894 606
907 737
912 624
925 755
931 641
942 774
949 659
960 792
966 678
978 810
983 697
1000 716
1000 822
1017 735
1023 832
1032 755
1043 847
1047 775
1061 865
1062 795
1077 815
1078 884
1092 905
1095 833
1110 923
1113 851
1127 942
1131 869
1144 961
1150 886
1161 980
1169 903
1176 1000
1188 920
1194 1018
1207 937
1212 1036
1225 955
1227 1056
1244 972
1244 1075
1262 990
1262 1093
1279 1112
1280 1008
1295 1132
1300 1023
1313 1150
1319 1040
1330 1169
1337 1058
1350 1184
1354 1077
1373 1094
1375 1185
1391 1112
1395 1167
1402 1142
