623 245
634 268
646 290
657 313
662 228
670 335
674 250
682 357
686 272
695 332
695 379
697 295
699 216
709 353
709 400
710 239
715 172
722 299
722 422
723 261
724 373
729 193
736 443
738 319
740 393
742 215
747 268
751 463
753 339
754 414
756 236
764 287
766 483
768 359
770 258
779 307
784 379
785 500
794 251
797 325
797 401
805 515
809 271
812 345
815 419
825 291
827 365
829 522
842 310
854 526
857 330
872 350
879 532
887 370
899 547
900 392
912 414
914 567
915 480
916 505
918 439
928 527
931 586
943 547
945 607
958 567
960 627
974 587
974 648
990 607
990 668
1004 628
1005 688
1019 709
1020 648
1033 730
1036 668
1047 751
1051 688
1061 772
1066 708
1074 794
1085 725
1087 816
1100 745
1100 838
1117 857
1118 763
1133 783
1133 877
1147 898
1151 801
1158 921
1166 821
1168 944
1179 843
1179 967
1194 987
1197 861
1214 1002
1215 879
1235 895
1236 1014
1253 913
1260 1021
1268 933
1277 957
1282 982
1282 1008
