172 734
181 758
191 717
199 776
216 715
221 788
241 716
241 803
265 812
266 717
289 820
291 719
314 825
316 720
339 831
341 721
364 835
366 722
389 836
391 723
414 839
416 724
439 840
441 726
464 840
466 727
489 839
491 728
514 840
516 731
539 838
541 736
564 836
566 741
589 835
591 746
614 834
616 749
639 833
641 753
664 833
666 756
689 833
691 760
714 833
716 763
739 833
741 766
764 832
766 767
789 835
791 769
814 836
816 770
839 837
841 770
864 839
866 771
889 841
891 771
914 843
916 772
939 845
941 772
964 847
966 774
989 849
991 774
1014 851
1016 776
1039 852
1041 777
1064 854
1066 778
1089 855
1091 779
1114 857
1116 780
1139 858
1141 781
1164 861
1166 779
1189 863
1191 780
1214 865
1216 782
1239 867
1241 780
1264 869
1266 782
1289 872
1291 783
1314 874
1316 785
1339 877
1341 784
1364 878
1366 787
1389 875
1391 789
1407 856
1408 808
