728 286
731 311
737 261
737 336
747 359
758 382
760 251
771 404
782 264
783 426
798 446
799 283
814 466
818 300
831 485
833 320
846 505
851 338
863 524
867 358
880 543
882 378
898 398
898 561
913 418
915 580
929 438
933 598
947 456
952 615
961 477
970 633
976 497
989 650
993 516
1006 538
1008 667
1022 558
1026 685
1035 580
1045 702
1050 600
1060 722
1064 621
1078 642
1080 738
1092 663
1096 758
1109 682
1115 775
1123 703
1131 795
1139 723
1145 816
1156 742
1159 837
1170 763
1177 855
1188 781
1194 874
1205 800
1209 894
1223 818
1224 914
1239 934
1241 836
1255 954
1258 855
1271 974
1275 874
1286 994
1293 892
1304 1012
1310 911
1321 1031
1328 929
1336 1051
1344 949
1352 1071
1361 968
1371 1088
1375 989
1388 1107
1394 1006
1405 1126
1409 1026
1423 1144
1427 1044
1441 1065
1441 1162
1458 1181
1459 1083
1470 1203
1476 1102
1488 1124
1490 1218
1505 1143
1505 1238
1518 1165
1527 1251
1535 1184
1551 1242
1552 1203
