478 758
480 719
481 803
483 849
501 705
503 753
504 790
506 859
519 723
519 810
525 766
526 843
529 700
529 870
539 795
544 723
547 753
551 839
554 694
554 871
559 810
569 723
569 765
576 840
579 688
579 795
579 874
589 750
599 727
600 809
601 835
603 881
604 685
609 766
619 791
624 727
626 835
628 885
629 682
634 769
634 811
648 748
649 789
651 833
653 887
654 677
665 729
665 812
667 771
678 887
679 676
680 832
683 747
686 788
700 817
703 889
704 677
705 731
709 775
723 827
727 743
728 888
729 674
732 785
753 884
754 675
778 885
779 678
802 878
804 678
826 871
828 685
834 750
850 863
852 693
874 854
876 702
879 757
899 840
900 711
921 725
922 829
945 733
947 823
970 738
970 812
994 745
994 805
1019 747
1019 798
1044 748
1044 800
1069 749
1069 799
1094 746
1094 796
1119 744
1119 795
1144 743
1144 795
1169 743
1169 797
1194 743
1194 796
1219 741
1219 795
1244 741
1244 797
1269 740
1269 797
1294 737
1294 797
1319 738
1319 799
1344 736
1344 797
1369 736
1369 797
1394 735
1394 796
1419 733
1419 797
1444 733
1444 796
1469 731
1469 797
1494 729
1494 796
1519 730
1519 798
1544 728
1544 795
1569 726
1569 798
1594 727
1594 800
1619 724
1619 798
1644 724
1644 801
1669 721
1669 801
1694 720
1694 803
1719 719
1719 800
1744 718
1744 801
1769 717
1769 799
1794 715
1794 803
1819 714
1819 804
1844 713
1844 805
1869 714
1869 806
1894 715
1894 803
1918 723
1918 795
1937 740
1940 782
