67 832
88 846
95 822
111 856
120 817
135 864
145 812
160 869
170 809
185 874
195 805
210 879
220 802
235 883
245 800
260 888
270 797
285 890
295 794
310 893
320 794
335 896
345 791
360 899
370 790
385 901
395 789
410 903
420 787
435 904
445 785
460 905
470 785
485 907
495 782
510 908
520 782
535 908
545 780
560 908
570 778
585 908
595 777
610 909
620 776
635 909
645 774
660 908
670 774
685 907
695 773
710 908
720 770
735 908
745 770
760 907
770 768
785 906
795 767
810 906
820 765
835 905
845 765
860 904
870 762
885 903
895 761
910 902
920 761
934 895
945 759
958 885
965 861
970 758
987 848
995 758
1012 848
1020 755
1037 852
1045 754
1062 848
1070 752
1087 852
1095 749
1109 840
1120 746
1130 854
1145 743
1154 861
1170 740
1179 859
1195 739
1204 856
1220 737
1227 866
1245 736
1251 856
1270 735
1276 860
1295 734
1300 867
1320 734
1325 869
1345 733
1350 865
1370 733
1374 857
1395 733
1398 864
1420 733
1421 849
1445 734
1445 856
1469 848
1470 736
1492 859
1495 738
1517 862
1520 740
1533 840
1542 864
1545 743
1565 874
1570 746
1590 879
1595 752
1612 867
1620 756
1634 882
1645 761
1657 892
1669 768
1682 893
1693 777
1696 871
1706 847
1712 821
1715 789
