28 217
47 200
47 234
69 186
71 242
93 177
95 249
118 170
120 255
143 166
145 261
168 162
170 265
193 158
195 269
218 155
220 273
243 152
245 277
268 150
270 281
293 147
295 284
318 145
320 287
343 143
345 290
368 141
370 292
393 139
395 295
418 137
420 297
443 135
445 299
468 134
470 301
493 132
495 302
518 130
520 302
543 129
545 302
563 281
568 123
572 256
585 233
593 120
606 219
618 120
628 205
643 120
650 192
668 119
674 185
693 117
699 182
718 116
724 183
743 114
749 187
768 114
774 191
793 113
799 193
818 115
824 193
843 116
849 194
868 118
874 194
893 121
899 194
918 124
924 191
943 129
949 185
967 136
973 178
991 145
