619 336
622 361
629 385
638 409
643 343
648 432
660 454
662 360
674 475
679 379
689 495
698 396
704 515
716 414
721 534
735 431
740 551
752 450
756 571
771 467
776 587
788 486
793 606
808 502
813 622
827 519
832 639
847 535
850 657
866 552
869 674
883 571
887 692
904 585
906 709
923 602
925 726
943 618
943 744
960 763
963 633
980 778
983 649
999 795
1002 666
1019 811
1020 684
1037 829
1038 702
1054 848
1056 720
1072 866
1075 737
1093 755
1095 876
1110 896
1114 769
1130 789
1132 909
1148 807
1152 924
1168 822
1170 942
1187 961
1190 835
1206 978
1209 852
1226 871
1226 994
1243 1013
1246 887
1259 1033
1264 905
1274 1053
1283 922
1291 1072
1302 939
1307 1092
1321 956
1322 1115
1337 976
1341 1132
1357 992
1358 1151
1374 1011
1376 1169
1388 1032
1395 1186
1404 1052
1416 1200
1421 1071
1436 1215
1440 1088
1457 1107
1459 1225
1471 1128
1484 1228
1488 1147
1507 1164
1509 1227
1523 1184
1530 1212
