182 573
191 597
204 619
206 565
216 641
231 571
231 661
243 683
255 579
258 703
273 723
279 588
289 743
303 596
306 762
324 780
328 602
342 798
352 611
361 815
376 618
380 832
400 627
400 848
420 863
424 634
440 879
448 641
461 893
472 650
482 907
496 658
503 921
520 665
526 932
544 673
547 946
568 681
569 958
592 689
592 969
615 979
616 696
638 990
640 704
662 999
664 711
686 1008
688 718
709 1018
712 727
733 1026
736 735
757 1034
760 743
781 1042
784 751
805 1051
808 759
829 1059
832 766
853 1067
856 774
877 1074
880 781
901 1082
904 790
925 1090
928 797
949 1097
952 804
973 1104
976 811
997 1112
1000 819
1021 1119
1024 826
1046 1125
1048 833
1070 1132
1073 839
1094 1139
1097 847
1118 1146
1121 854
1143 1152
1145 861
1168 1158
1169 868
1192 1167
1194 874
1217 1170
1218 881
1241 1178
1243 887
1265 1185
1267 894
1290 1191
1292 900
1314 1198
1317 906
1338 1205
1341 913
1362 1212
1366 919
1387 1217
1390 926
1411 1225
1415 931
1435 1232
1439 938
1460 1238
1463 945
1484 1245
1488 951
1508 1252
1513 957
1533 1258
1538 963
1557 1265
1562 970
1582 1271
1587 976
1606 1279
1611 983
1631 1285
1636 989
1655 1292
1660 996
1680 1298
1685 1002
1704 1305
1709 1009
1728 1312
1733 1016
1753 1317
1758 1022
1777 1325
1782 1030
1802 1331
1806 1037
1826 1338
1831 1042
1850 1345
1856 1048
1874 1352
1880 1055
1897 1362
1904 1064
1920 1372
1928 1071
1944 1380
1952 1078
1968 1389
1976 1085
1991 1399
2000 1092
2014 1410
2025 1098
2036 1423
2049 1105
2058 1436
2073 1114
2081 1446
2097 1122
2104 1456
2122 1128
2128 1464
2146 1137
2152 1471
2170 1144
2176 1479
2194 1152
2201 1485
2218 1159
2226 1483
2242 1167
2251 1482
2267 1173
2275 1491
2290 1183
2298 1501
2308 1201
2322 1508
2333 1206
2347 1504
2358 1210
2368 1489
2381 1221
2392 1480
2405 1229
2416 1472
2429 1236
2441 1469
2453 1244
2466 1466
2477 1251
2491 1466
2501 1258
2516 1471
2525 1266
2539 1481
2549 1275
2563 1489
2573 1282
2586 1500
2597 1290
2609 1511
2621 1297
2632 1522
2645 1305
2654 1535
2669 1312
2678 1544
2693 1319
2700 1556
2717 1327
2722 1568
2741 1334
2744 1580
2765 1341
2767 1590
2789 1349
2790 1600
2812 1613
2813 1356
2835 1623
2837 1364
2859 1632
2861 1371
2882 1643
2885 1380
2906 1651
2909 1387
2929 1661
2933 1394
2953 1668
2958 1400
2976 1678
2982 1407
2999 1688
3007 1413
3024 1694
3031 1420
3049 1700
3054 1430
3072 1710
3078 1437
3096 1717
3102 1444
3121 1721
3127 1450
3146 1723
3151 1458
3169 1733
3175 1466
3193 1741
3200 1472
3218 1745
3224 1479
3242 1752
3248 1488
3267 1758
3273 1493
3292 1763
3297 1502
3317 1769
3322 1507
3342 1769
3346 1516
3365 1780
3370 1524
3390 1785
3394 1531
3415 1787
3418 1539
3440 1792
3442 1546
3464 1799
3466 1553
3489 1803
3490 1561
3513 1811
3515 1566
3535 1823
3539 1573
3557 1836
3562 1583
3580 1846
3586 1590
3599 1863
3609 1601
3616 1882
3630 1903
3634 1607
3644 1924
3655 1947
3658 1615
3679 1955
3682 1623
3704 1952
3706 1632
3726 1647
3729 1947
3751 1650
3754 1941
3773 1663
3777 1930
3796 1673
3802 1923
3817 1687
3824 1911
3835 1705
3845 1866
3845 1896
3852 1724
3857 1755
3861 1846
3868 1804
3869 1777
3880 1828
