644 375
654 319
654 350
657 436
662 461
663 392
669 296
673 415
679 480
690 281
701 493
704 260
714 515
724 244
732 533
746 231
757 535
767 217
782 530
791 207
806 523
815 200
830 515
840 198
854 505
865 198
874 489
890 204
898 482
913 502
914 212
928 522
935 226
946 540
955 241
957 420
962 560
965 444
972 260
972 400
979 579
981 464
987 376
988 280
993 600
997 304
997 484
1000 346
1010 619
1011 505
1027 638
1030 525
1043 658
1044 546
1060 677
1061 565
1076 585
1076 697
1091 717
1094 603
1109 623
1109 735
1126 754
1128 642
1142 774
1143 662
1158 682
1159 793
1175 813
1176 700
1190 721
1192 832
1206 741
1208 852
1224 759
1226 870
1241 778
1241 890
1256 798
1257 910
1271 818
1274 929
1288 837
1290 949
1305 856
1308 967
1322 875
1325 986
1337 895
1340 1006
1352 915
1357 1025
1370 933
1372 1045
1387 952
1389 1064
1402 972
1406 1083
1419 991
1422 1103
1436 1010
1439 1122
1451 1030
1456 1141
1466 1050
1471 1161
1482 1070
1488 1180
1499 1089
1503 1200
1515 1109
1520 1219
1532 1128
1535 1239
1549 1147
1553 1257
1563 1168
1568 1277
1579 1188
1583 1297
1598 1205
1598 1317
1612 1226
1617 1334
1630 1244
1634 1353
1645 1264
1648 1374
1662 1283
1665 1393
1678 1303
1680 1413
1696 1321
1696 1433
1710 1342
1715 1450
1725 1362
1740 1454
1744 1379
1759 1399
1761 1439
1778 1416
