180 221
181 246
183 271
184 196
187 296
189 169
193 321
196 144
197 1121
198 1086
198 1146
199 1171
201 345
201 1061
201 1196
201 1221
204 1030
206 120
207 1246
208 369
208 992
214 967
216 393
219 98
219 938
223 910
224 417
228 880
232 847
232 1250
234 77
236 439
237 820
243 790
246 462
248 761
251 96
252 733
253 60
257 485
257 699
257 1250
262 673
267 508
267 645
269 592
270 561
270 617
271 533
271 1228
273 44
273 82
276 1202
281 1174
284 1148
285 1109
288 1084
290 1042
293 1017
295 601
295 626
295 765
295 794
295 819
295 844
295 888
295 913
295 938
295 964
296 34
296 651
296 686
296 711
296 989
297 736
298 573
302 544
307 518
316 494
320 26
330 473
344 452
345 25
358 431
369 32
372 408
386 386
391 44
399 364
410 61
411 341
423 319
425 81
433 293
437 103
441 266
445 127
447 241
451 152
451 211
452 177
