189 772
190 797
196 748
197 821
206 725
208 844
221 705
225 863
239 687
244 880
260 672
266 893
282 659
288 905
304 647
312 914
328 639
336 921
352 632
361 927
377 626
386 931
402 622
411 932
427 620
436 932
452 619
461 932
477 619
486 929
502 621
511 925
527 624
536 920
552 630
560 911
577 636
584 904
601 645
606 892
624 656
628 879
647 667
650 866
669 679
672 854
693 688
694 842
717 697
718 834
742 703
742 826
767 708
767 820
792 711
792 816
817 711
817 814
842 711
842 812
867 711
867 810
892 711
892 809
917 709
917 808
942 708
942 806
967 708
967 806
979 678
982 826
1004 673
1004 839
1029 672
1029 839
1054 671
1054 837
1079 670
1079 836
1104 670
1104 836
1129 665
1129 835
1154 668
1154 834
1179 668
1179 833
1204 668
1204 832
1229 667
1229 831
1254 667
1254 830
1279 666
1279 830
1304 665
1304 829
1329 664
1329 828
1354 663
1354 827
1379 663
1379 827
1404 662
1404 826
1429 662
1429 825
1454 660
1454 823
1473 677
1478 811
1493 692
1493 790
1518 691
1518 785
1543 694
1543 781
1563 709
1563 766
1573 732
