472 482
475 507
477 452
485 530
486 425
493 399
500 550
505 376
512 572
517 353
531 330
533 586
545 308
548 606
563 289
566 624
582 271
584 642
601 661
602 254
618 680
621 237
635 699
643 225
652 718
668 226
670 736
683 246
687 761
698 266
707 777
715 285
724 796
732 304
742 814
749 323
759 833
767 341
779 848
785 359
802 378
803 855
821 395
828 854
839 413
843 833
859 429
862 816
874 449
887 810
891 468
909 486
909 822
928 503
929 837
946 521
947 855
963 540
965 873
976 707
981 558
981 738
983 891
994 688
995 759
1000 575
1002 908
1012 669
1012 778
1017 594
1021 925
1030 649
1031 795
1034 613
1038 944
1046 815
1056 962
1064 833
1071 982
1082 851
1091 997
1100 869
1109 1015
1117 888
1124 1035
1135 906
1143 1052
1153 924
1161 1070
1171 942
1178 1089
1190 959
1196 1107
1208 977
1213 1126
1229 991
1232 1143
1244 1011
1247 1163
1263 1028
1267 1179
1281 1046
1285 1197
1299 1064
1302 1216
1319 1080
1322 1232
1338 1097
1340 1250
1354 1117
1358 1268
1373 1134
1378 1283
1392 1151
1392 1304
1409 1170
1412 1320
1427 1188
1429 1339
1445 1206
1447 1357
1464 1223
1467 1372
1485 1237
1486 1389
1499 1258
1503 1408
1517 1276
1524 1422
1535 1294
1542 1440
1553 1312
1560 1458
1571 1330
1579 1475
1589 1348
1592 1436
1599 1490
1606 1367
1612 1452
1619 1505
1623 1386
1640 1405
1641 1517
1657 1424
1666 1511
1674 1443
1685 1493
1686 1465
