1133 1999
1134 2024
1136 1972
1137 2049
1141 1944
1143 2074
1150 1920
1152 2098
1161 1897
1165 2120
1176 1876
1180 2140
1194 1857
1199 2157
1213 1840
1218 2174
1232 1822
1240 2186
1252 1807
1263 2196
1273 1792
1288 2202
1295 1778
1313 2205
1317 1765
1338 2203
1339 1752
1361 1740
1363 2198
1384 1730
1387 2189
1408 1721
1410 2178
1432 1713
1432 2165
1454 2153
1457 1707
1475 2138
1482 1702
1496 2124
1507 1696
1516 2109
1532 1693
1536 2093
1556 2076
1557 1690
1575 2059
1582 1688
1593 2041
1607 1684
1609 2021
1625 2001
1632 1682
1639 1980
1653 1957
1657 1678
1665 1933
1676 1909
1682 1673
1688 1885
1698 1860
1706 1663
1708 1837
1719 1813
1728 1650
1731 1789
1745 1767
1749 1636
1759 1746
1770 1621
1775 1726
1790 1606
1794 1709
1810 1590
1813 1692
1830 1575
1833 1676
1850 1558
1854 1662
1870 1543
1874 1645
1890 1527
1894 1629
1910 1512
1914 1613
1930 1497
1934 1597
1950 1482
1954 1582
1970 1466
1974 1566
1990 1450
1994 1549
2010 1435
2015 1535
2030 1420
2035 1520
2050 1404
2055 1504
2071 1389
2075 1489
2091 1373
2095 1472
2111 1358
2115 1457
2131 1343
2135 1442
2151 1328
2155 1427
2171 1312
2175 1411
2191 1297
2195 1395
2212 1282
2216 1380
2232 1267
2237 1365
2253 1252
2257 1349
2273 1236
2277 1334
2293 1221
2297 1319
2314 1206
2317 1304
2334 1190
2337 1289
2354 1175
2357 1274
2375 1160
2377 1259
2395 1144
2398 1244
2415 1129
2418 1229
2435 1114
2438 1214
2456 1099
2458 1199
2476 1084
2478 1184
2496 1068
2498 1169
2517 1053
2518 1154
2537 1038
2539 1140
2558 1023
2559 1125
2579 1008
2579 1110
2599 993
2600 1095
2619 978
2620 1080
2639 963
2641 1066
2659 948
2661 1051
2679 933
2681 1036
2700 918
2702 1021
2721 903
2722 1004
2741 888
2743 990
2761 873
2763 975
2782 859
2783 959
2803 844
2805 946
2823 829
2825 929
2844 814
2847 915
2864 799
2868 900
2884 784
2888 884
2904 769
2909 869
2925 754
2929 854
2945 739
2949 838
2965 724
2969 823
2985 709
2990 809
3006 694
3011 795
3026 679
3032 781
3046 664
3052 765
3066 649
3072 749
3086 634
3093 735
3106 619
3113 720
3127 605
3134 706
3147 590
3154 691
3167 575
3175 677
3187 559
3195 662
3208 544
3216 647
3228 529
3237 633
3248 514
3257 618
3269 499
3278 603
3290 484
3298 588
3310 469
3319 573
3330 454
3341 559
3351 439
3361 544
3372 424
3381 529
3393 410
3403 515
3413 394
3422 498
3433 379
3444 484
3454 364
3464 469
3475 349
3485 454
3495 334
3507 440
3516 319
3526 423
3537 304
3546 408
3557 289
3567 394
3582 283
3587 379
3605 293
3608 364
3625 308
3626 344
