193 1226
208 1205
210 1245
211 1270
228 1289
230 1192
248 1274
252 1178
271 1262
273 1164
293 1250
295 1150
314 1236
316 1136
335 1221
337 1121
356 1206
357 1106
378 1193
379 1093
398 1177
400 1079
420 1163
421 1064
441 1149
443 1052
463 1135
464 1038
484 1121
485 1022
504 1106
505 1006
525 1092
528 995
546 1078
548 979
567 1063
571 968
588 1049
594 958
609 1034
615 944
631 1020
637 932
652 1005
654 910
673 991
676 897
693 975
698 884
714 961
717 867
735 947
738 853
756 933
762 844
777 918
784 830
798 904
806 817
819 890
826 800
840 875
848 787
862 861
870 773
883 846
890 756
904 832
911 742
925 817
932 727
946 803
953 713
967 789
973 698
989 775
996 688
1010 761
1015 671
1031 747
1035 654
1054 737
1058 643
1075 721
1078 627
1097 610
1097 707
1107 585
1117 560
1121 700
1128 536
1141 514
1145 691
1151 491
1163 469
1170 691
1176 447
1191 425
1195 690
1208 404
1220 690
1226 386
1245 693
1246 369
1267 355
1270 687
1288 341
1295 686
1311 330
1320 680
1335 322
1345 674
1360 317
1369 667
1385 315
1392 656
1410 317
1413 642
1432 624
1434 324
1451 605
1456 336
1464 583
1473 558
1476 351
1480 533
1493 370
1493 511
1504 487
1507 391
1511 463
1514 415
