583 1410
583 1454
586 1479
587 1380
590 1504
592 1355
597 1528
600 1331
604 1552
609 1305
615 1575
621 1282
627 1597
634 1259
641 1618
648 1238
656 1638
664 1218
675 1655
682 1199
695 1671
700 1180
716 1685
720 1165
738 1697
740 1150
761 1707
762 1136
784 1123
785 1714
807 1112
810 1718
831 1105
835 1722
854 1095
860 1725
879 1089
885 1726
904 1083
910 1725
929 1078
935 1723
954 1075
960 1720
979 1072
985 1718
1004 1070
1010 1714
1029 1070
1035 1709
1054 1072
1060 1704
1079 1075
1085 1699
1104 1079
1109 1692
1129 1084
1133 1684
1154 1090
1157 1676
1178 1097
1179 1664
1202 1104
1203 1656
1226 1111
1226 1645
1249 1121
1249 1634
1270 1620
1273 1129
1293 1609
1296 1139
1315 1596
1319 1150
1337 1582
1341 1163
1358 1568
1365 1172
1375 1548
1385 1187
1397 1534
1408 1197
1417 1518
1431 1208
1434 1499
1453 1220
1457 1488
1477 1229
1477 1471
1498 1456
1501 1238
1521 1445
1525 1247
1543 1432
1550 1253
1565 1420
1575 1258
1589 1410
1600 1260
1613 1403
1625 1259
1638 1397
1650 1259
1663 1393
1675 1257
1688 1388
1700 1254
1713 1386
1725 1251
1738 1383
1750 1247
1763 1380
1775 1245
1788 1376
1800 1242
1813 1374
1825 1238
1838 1370
1850 1237
1863 1368
1875 1233
1888 1365
1900 1229
1913 1362
1925 1227
1938 1361
1950 1223
1963 1356
1975 1221
1988 1354
2000 1216
2013 1351
2025 1214
2038 1348
2050 1212
2063 1346
2075 1208
2088 1343
2100 1206
2113 1340
2125 1203
2138 1338
2150 1200
2163 1334
2175 1196
2188 1331
2200 1193
2213 1329
2225 1189
2238 1327
2250 1186
2263 1322
2275 1184
2288 1321
2300 1180
2313 1316
2325 1177
2338 1313
2350 1175
2363 1311
2375 1172
2388 1307
2400 1169
2413 1305
2425 1164
2438 1300
2450 1162
2463 1298
2475 1158
2488 1296
2500 1156
2513 1293
2525 1151
2538 1290
2550 1148
2563 1287
2575 1145
2588 1284
2600 1141
2613 1281
2625 1138
2638 1279
2650 1137
2663 1275
2675 1133
2688 1272
2700 1129
2713 1269
2725 1126
2738 1265
2750 1123
2763 1264
2775 1120
2788 1261
2800 1117
2813 1257
2825 1113
2838 1253
2850 1110
2863 1250
2875 1107
2888 1247
2900 1103
2913 1243
2925 1102
2938 1243
2950 1097
2963 1240
2975 1095
2988 1236
3000 1090
3013 1233
3025 1087
3038 1230
3050 1086
3063 1228
3075 1082
3088 1226
3100 1078
3113 1223
3125 1076
3138 1219
3150 1073
3163 1216
3175 1069
3188 1215
3200 1066
3213 1211
3225 1062
3238 1208
3250 1060
3263 1206
3275 1057
3288 1202
3300 1054
3313 1200
3325 1050
3338 1197
3350 1048
3363 1194
3375 1044
3388 1190
3400 1041
3413 1188
3425 1038
3438 1186
3450 1034
3463 1184
3475 1032
3488 1181
3500 1028
3513 1178
3525 1026
3538 1175
3550 1022
3563 1171
3575 1020
3588 1167
3600 1017
3613 1165
3625 1012
3638 1163
3650 1008
3663 1160
3675 1007
3688 1157
3700 1003
3713 1154
3725 1001
3738 1151
3750 996
3763 1149
3775 993
3788 1144
3800 992
3813 1143
3825 987
3838 1141
3850 984
3863 1137
3875 982
3888 1131
3900 979
3913 1130
3925 973
3938 1127
3950 970
3963 1124
3975 969
3988 1121
4000 964
4013 1118
4025 962
4038 1112
4050 957
4063 1109
4075 962
4088 1104
4093 980
4105 1084
4110 999
4116 1061
4126 1019
