270 254
270 279
274 304
277 229
280 329
287 353
290 207
297 376
309 189
309 398
322 420
332 178
337 440
354 459
357 173
370 479
382 172
387 498
406 515
407 175
424 533
431 182
443 550
455 189
465 563
478 200
485 578
501 210
505 593
523 223
526 607
545 236
549 618
566 250
571 631
586 265
595 639
606 280
618 650
625 297
642 658
645 313
663 331
666 667
680 350
689 677
698 368
713 684
714 388
729 408
736 694
745 428
759 449
760 703
773 470
783 713
786 492
799 514
806 724
811 536
823 558
829 735
836 580
849 602
851 748
864 622
872 762
879 642
894 775
895 662
912 793
913 680
930 811
931 698
950 715
950 827
969 732
970 842
989 748
990 858
1008 765
1009 875
1027 782
1029 891
1047 798
1048 908
1066 815
1068 923
1085 832
1087 940
1105 848
1106 957
1124 865
1126 972
1143 882
1146 988
1163 897
1166 1003
1182 914
1184 1021
1202 930
1204 1037
1221 947
1223 1054
1240 964
1243 1070
1260 980
1263 1085
1279 997
1282 1102
1299 1012
1302 1118
1318 1029
1321 1135
1337 1046
1341 1150
1357 1062
1361 1166
1376 1079
1381 1182
1395 1096
1405 1189
1415 1111
1429 1182
1434 1128
1445 1151
