718 606
719 574
721 631
726 547
726 656
738 678
740 525
748 701
758 507
761 723
778 742
780 493
793 762
804 485
811 780
829 479
832 794
852 809
854 477
873 823
879 476
895 835
904 480
917 847
929 485
939 860
953 492
962 871
977 501
985 881
1000 512
1009 889
1022 524
1033 897
1042 539
1058 903
1062 555
1081 572
1083 908
1098 591
1108 914
1116 609
1131 629
1133 920
1146 649
1158 925
1159 671
1172 693
1182 932
1184 715
1195 738
1206 761
1206 939
1217 784
1228 807
1229 950
1238 830
1249 965
1250 852
1264 873
1269 980
1279 893
1289 995
1299 909
1309 1010
1318 926
1329 1025
1338 941
1349 1040
1358 956
1368 1057
1377 973
1388 1072
1397 988
1408 1088
1417 1003
1428 1103
1437 1018
1447 1120
1457 1033
1467 1135
1476 1050
1487 1150
1496 1065
1507 1165
1516 1080
1527 1181
1536 1096
1547 1196
1556 1111
1566 1213
1576 1126
1587 1227
1595 1143
1606 1244
1615 1158
1626 1259
1635 1173
1646 1274
1655 1188
1666 1289
1675 1203
1686 1305
1694 1220
1706 1321
1715 1234
1725 1338
1734 1251
1745 1353
1754 1266
1765 1368
1774 1281
1785 1383
1794 1297
1804 1400
1808 1425
1814 1312
1833 1329
1833 1423
1852 1440
1853 1344
1873 1359
1873 1454
1893 1374
1893 1469
1912 1486
1913 1390
1932 1407
1936 1493
1953 1421
1961 1487
1969 1441
