503 324
503 349
506 374
507 295
512 399
514 270
519 423
523 246
531 445
536 223
545 466
552 203
563 484
570 185
583 500
590 170
603 516
611 156
625 528
634 146
648 538
658 136
672 545
683 131
697 551
708 128
722 556
733 129
747 562
758 132
772 566
782 139
797 571
806 148
822 575
828 161
847 580
848 176
867 193
872 585
883 213
896 593
897 234
908 257
920 279
920 601
930 302
939 326
944 608
948 350
958 373
966 397
966 620
975 421
985 444
989 631
995 467
1007 489
1011 644
1020 511
1033 657
1035 531
1050 551
1053 672
1067 570
1073 688
1084 589
1092 705
1102 607
1111 722
1121 624
1129 740
1140 641
1148 757
1160 657
1166 775
1180 672
1184 793
1199 689
1202 811
1219 704
1220 829
1239 846
1240 718
1256 865
1260 734
1276 881
1280 749
1293 900
1302 761
1311 918
1319 780
1329 936
1342 790
1348 953
1361 807
1367 970
1382 821
1385 988
1404 834
1404 1005
1423 1022
1424 850
1441 1040
1442 868
1460 1057
1464 880
1478 1075
1484 896
1496 1093
1504 912
1515 1110
1524 927
1533 1128
1545 941
1553 1144
1566 955
1570 1163
1586 970
1589 1180
1607 984
1608 1197
1628 998
1628 1213
1646 1231
1648 1013
1665 1248
1667 1030
1684 1265
1687 1045
1705 1279
1707 1060
1724 1296
1726 1077
1742 1314
1746 1092
1764 1110
1764 1326
1782 1128
1785 1340
1802 1144
1805 1355
1820 1162
1824 1286
1826 1369
1838 1180
1839 1266
1847 1383
1856 1198
1870 1394
1873 1217
1890 1236
1894 1403
1909 1253
1919 1409
1921 1275
1935 1296
1944 1404
1948 1318
1958 1341
1962 1372
