294 723
305 746
307 701
330 751
332 698
355 751
357 697
380 748
382 695
405 746
407 692
430 743
432 689
455 741
457 688
480 737
482 685
505 734
507 683
530 733
532 682
555 731
557 680
580 727
582 679
605 724
607 676
630 724
632 674
655 722
657 673
680 719
682 669
705 716
707 667
730 717
732 664
755 714
757 663
780 712
782 659
805 712
807 658
830 710
832 655
855 709
857 651
880 710
882 646
905 711
907 640
930 715
931 632
955 623
955 720
979 613
980 726
1003 603
1004 734
1027 594
1029 740
1051 585
1053 747
1075 576
1078 753
1099 568
1103 759
1123 560
1128 762
1148 555
1153 765
1173 551
1178 767
1198 548
1203 767
1223 547
1228 764
1248 548
1253 760
1273 551
1278 755
1298 557
1302 748
1322 566
1325 738
1345 577
1347 724
1360 702
1362 596
1368 677
1369 620
1371 645
