126 873
138 895
140 852
159 909
164 843
184 911
189 839
209 911
214 837
234 907
239 834
259 906
264 833
284 904
289 830
309 901
314 828
334 899
339 826
359 897
364 824
384 895
389 822
409 893
414 820
434 891
439 818
459 890
464 816
484 887
489 814
509 884
514 812
534 882
539 811
559 881
564 809
584 879
589 807
609 877
614 805
634 875
639 804
659 874
664 802
684 873
689 800
709 872
714 799
734 871
739 798
759 868
764 796
784 868
789 795
809 866
814 794
834 865
839 792
859 864
864 791
884 863
889 791
909 862
914 790
934 861
939 789
959 861
964 788
984 860
989 788
1009 859
1014 786
1034 859
1039 786
1059 858
1064 786
1084 857
1089 785
1109 857
1114 784
1134 856
1139 783
1159 855
1164 782
1184 854
1189 782
1209 855
1214 781
1234 857
1239 776
1259 863
1263 767
1282 874
1285 753
1302 889
1306 738
1323 903
1328 724
1345 916
1351 712
1367 928
1374 701
1390 939
1397 691
1413 949
1421 681
1437 957
1445 674
1461 965
1470 668
1486 971
1495 663
1511 976
1520 660
1536 979
1545 658
1561 981
1570 658
1586 980
1595 659
1611 978
1620 662
1636 975
1645 666
1661 969
1670 672
1685 960
1694 680
1708 949
1716 692
1729 935
1738 704
1749 920
1757 721
1770 905
1772 741
1783 764
1785 883
1792 788
1794 829
1794 858
