956 741
958 715
958 766
964 792
966 688
974 815
981 666
987 837
1000 648
1004 856
1022 635
1022 874
1042 889
1045 625
1063 903
1070 619
1084 917
1095 616
1107 928
1120 618
1129 940
1145 623
1153 949
1170 629
1177 957
1193 639
1201 964
1216 649
1226 970
1237 663
1251 974
1257 678
1276 695
1276 976
1295 712
1301 977
1314 729
1326 979
1331 748
1347 768
1351 980
1362 788
1376 809
1376 983
1388 831
1401 853
1401 988
1413 875
1425 995
1427 896
1442 916
1447 1007
1459 935
1469 1019
1479 951
1490 1033
1500 965
1512 1046
1522 978
1533 1060
1544 991
1555 1073
1564 1006
1577 1086
1586 1018
1598 1100
1608 1031
1620 1113
1629 1045
1641 1127
1650 1059
1663 1140
1672 1072
1684 1154
1693 1086
1706 1167
1715 1099
1728 1180
1736 1113
1749 1194
1758 1126
1771 1207
1779 1140
1792 1221
1801 1153
1813 1235
1822 1167
1835 1248
1843 1181
1856 1262
1865 1194
1877 1276
1886 1208
1899 1289
1907 1222
1921 1302
1929 1235
1942 1316
1951 1248
1963 1330
1971 1263
1988 1334
1993 1275
2010 1322
2011 1293
