235 520
253 502
255 535
275 489
280 534
298 478
305 529
321 468
330 524
345 459
355 518
369 450
379 510
393 442
403 501
417 434
426 491
442 427
449 481
467 421
473 471
492 415
497 462
517 410
521 452
542 404
545 444
567 398
569 435
592 392
593 427
616 384
617 420
640 376
641 413
664 367
666 408
687 357
691 403
710 346
716 400
733 334
741 398
755 321
766 397
776 306
791 398
797 292
815 407
819 280
840 407
843 271
865 406
867 263
890 404
892 257
915 399
917 252
939 392
942 249
961 380
967 249
982 366
992 253
1001 349
1014 265
1019 330
1031 284
