593 530
595 556
597 495
603 580
604 471
614 448
616 602
625 425
632 622
642 405
650 640
662 389
668 658
686 676
687 385
707 690
712 384
726 707
737 388
748 719
762 392
769 733
786 400
793 742
810 407
813 757
834 415
838 763
858 424
860 775
880 436
884 782
903 447
909 788
924 461
934 789
946 473
959 788
967 487
984 786
988 501
1007 518
1009 784
1025 536
1034 786
1041 556
1054 578
1059 788
1065 601
1076 624
1084 793
1088 646
1102 667
1108 801
1114 689
1131 708
1132 810
1151 723
1155 820
1171 738
1177 832
1194 749
1200 843
1216 762
1221 857
1238 775
1241 872
1262 784
1263 885
1284 899
1285 794
1305 913
1307 806
1327 925
1330 817
1347 940
1354 826
1367 956
1376 838
1390 966
1399 849
1410 981
1421 861
1431 995
1443 874
1453 1007
1465 886
1473 1022
1487 898
1493 1038
1510 909
1514 1052
1533 919
1536 1065
1554 933
1558 1078
1577 943
1578 1093
1598 957
1600 1105
1620 1120
1622 966
1643 1131
1644 978
1663 1147
1666 990
1685 1159
1690 999
1707 1172
1711 1013
1727 1188
1734 1024
1749 1201
1757 1035
1771 1213
1778 1049
1791 1228
1801 1059
1812 1242
1823 1071
1834 1254
1845 1083
1856 1266
1867 1095
1880 1274
1890 1106
1903 1259
1912 1118
1927 1250
1935 1128
1941 1229
1950 1148
1951 1204
1960 1171
