88.027469 59.957783
76.083865 78.426919
100.675788 75.172757
113.314718 92.937327
108.423703 124.774621
114.960612 150.650518
101.007195 180.652743
102.307786 208.280070
101.470656 236.898594
103.056043 263.451947
99.964281 293.417264
106.166324 317.748169
92.081971 356.861134
122.108679 372.144577
149.126615 356.207371
140.242425 322.191829
144.416705 297.373028
142.262056 267.955241
143.375766 241.180864
142.758211 212.640808
143.866631 185.421995
131.552725 158.378640
132.422537 131.134538
135.614450 98.066160
134.535966 69.044519
158.912705 29.324742
132.277559 15.892472
97.168283 19.441167
93.962809 37.802645
90.009246 50.154525
