45.924292 259.379437
57.131673 237.758750
109.359768 263.027928
219.255000 226.055719
38.554256 224.335428
110.171402 221.616249
217.508183 203.823547
49.707475 185.504235
95.843576 198.671654
222.169271 160.648608
80.921929 160.160380
91.797639 98.828054
85.507764 0.789129
179.473353 28.313621
262.171089 15.967425
321.783840 18.500669
336.613423 146.816714
243.747171 148.674539
241.878423 195.082579
370.264586 184.585666
163.240576 210.636469
377.680454 222.684596
242.448323 225.188747
246.810922 248.769195
396.097622 254.843568
275.814019 278.463069
215.928611 263.292962
126.049878 273.239673
81.387538 266.792152
52.282787 270.708079
