62.351461 323.285656
58.911149 319.467161
68.012756 263.987490
105.241108 289.144603
168.313572 261.096774
105.972617 240.854456
77.747407 210.169902
98.802412 165.134848
167.473569 174.991864
167.711965 135.849239
166.925988 96.814285
180.224028 50.744428
203.582482 4.437954
251.925948 49.000125
298.054022 6.318156
324.778668 45.631062
330.781900 94.392367
301.426507 147.195443
340.490400 179.566285
335.903466 228.162464
303.906649 264.743028
314.718845 306.858079
306.550319 363.577208
260.818333 374.772997
217.188625 369.220620
173.816537 357.884646
130.999996 369.830146
86.427527 374.795188
59.999902 350.761248
64.102224 333.777785
