17.993659 50.004466
18.513990 45.828437
14.873174 93.926726
49.867387 71.258360
61.452064 93.444005
83.404929 109.089145
102.579076 117.212276
90.950060 152.183581
102.545408 167.879589
83.024173 212.396283
95.018570 223.241314
131.058516 222.073291
145.166771 217.115371
125.584484 182.754656
133.500089 162.462750
129.998854 133.464180
130.414679 114.729542
138.600480 81.658771
161.604298 84.862961
186.379489 69.311197
143.815925 73.910846
136.403944 48.498216
117.267248 48.366010
70.773200 55.179540
92.676660 29.938626
97.010218 16.325243
58.900397 24.448891
66.786173 63.116397
29.193386 44.255501
28.360548 50.251714
