73.867196 127.936517
73.201446 119.303507
80.834241 96.154988
104.967646 69.724548
131.891811 37.345771
165.412271 22.382296
206.022175 11.908542
239.810009 51.624070
249.089774 52.291122
296.583813 27.242375
314.440971 75.294928
328.933403 105.040325
263.438163 51.483764
274.805306 93.278555
234.768969 133.387698
218.220809 59.419155
198.256987 107.775291
188.480357 153.618784
186.194843 195.769713
178.982427 235.916907
215.475168 267.345718
212.337110 278.431255
156.276674 271.154568
171.601454 224.909601
155.943500 189.678500
161.256337 156.912888
162.736649 104.023484
118.676988 135.628567
97.174806 127.812660
83.887146 130.214725
