65.857879 127.933211
65.215569 119.011553
73.228775 94.802144
98.999835 70.285903
128.292555 35.968709
163.279878 21.879302
203.820401 12.830868
240.713457 47.956961
250.069869 57.702480
297.571064 23.403364
320.142311 73.319798
336.897277 104.686384
269.011744 52.730067
279.249316 90.728827
240.519318 134.893855
222.452401 65.389597
194.620429 95.808491
186.101640 153.014420
181.503110 191.885080
176.628068 236.679478
208.543667 263.786057
213.026125 278.497830
155.994371 270.819123
172.039644 221.372332
154.908291 187.285331
165.053167 146.233424
156.355200 100.913646
111.213253 138.901036
90.055285 124.389294
75.794860 130.634918
