92.052203 94.049684
87.922081 114.590455
99.299163 136.419926
116.896028 164.785959
108.286663 211.784774
111.333480 248.779312
107.494991 289.568731
116.207878 324.006642
114.592818 367.189708
159.744897 373.172280
192.398686 361.710945
230.916171 372.157135
264.861394 371.372134
308.560566 369.562610
310.498550 315.620135
311.874048 273.867953
261.491331 279.001303
259.759981 236.889277
295.958524 192.547883
244.954056 171.192462
223.660714 157.805989
283.692292 124.726677
253.612129 82.955644
217.012164 80.708107
198.740262 39.471040
173.219568 17.065557
128.470637 20.369650
119.485173 54.806936
93.186581 68.212362
94.575862 84.405281
