78.007039 38.072841
73.896689 29.137056
87.445470 16.890281
114.962806 20.942731
144.465531 18.691818
158.692843 52.121581
165.792863 83.148072
121.640052 80.172481
134.990946 119.977209
124.819410 144.516082
135.973933 176.350410
139.959189 203.733638
138.922778 234.367481
138.339211 262.596053
140.666459 293.096851
135.540555 320.372446
146.872532 354.182852
110.257450 376.199915
88.753963 347.826429
99.513340 311.514028
94.374957 285.271456
96.415621 254.085572
96.679623 226.097923
93.480092 195.189921
105.911220 165.491387
105.752594 128.356866
105.405426 99.647088
96.961933 70.782121
95.822788 48.439456
83.123841 46.866978
