29.999364 70.000691
18.809278 74.182418
30.039778 85.447352
54.905081 74.578684
65.906692 102.331809
66.972653 124.533113
64.275614 149.926246
69.108564 173.295728
60.745912 199.765241
56.291154 226.487098
88.847081 218.049324
117.017320 225.195112
100.941235 195.865564
99.574059 173.005118
103.563283 150.985796
96.311093 120.339079
109.804957 109.398159
135.735549 96.050722
145.791832 72.538274
185.583545 90.201479
169.563297 36.893424
149.685833 64.029264
114.102360 16.581625
113.239845 14.398975
139.535084 57.433169
93.493378 47.859066
77.971490 47.797111
68.896089 80.695877
46.306247 65.580093
40.050109 70.157965
