29.696806 255.679857
26.387296 240.284513
65.762159 251.550380
97.207567 240.095885
159.125235 255.061700
180.637978 225.518448
146.708366 172.467750
153.942540 128.805376
149.899750 75.739767
180.492377 18.511713
227.436464 45.593088
264.161661 26.200043
316.275071 50.525833
317.195010 96.727164
322.102465 146.519340
322.292399 189.263006
330.266953 247.779642
302.240072 304.249847
258.719798 323.521963
238.397647 379.301229
213.004483 415.898345
221.872738 455.472097
148.945850 442.822279
113.737816 452.452607
56.471061 433.225066
125.205217 383.499529
91.377409 332.487198
66.163024 301.409370
53.049247 266.995567
45.853428 254.856289
