46.000008 69.999974
33.452249 78.359780
44.805058 76.566951
62.445301 87.559130
64.071640 110.767969
64.419295 131.143825
63.041663 152.742534
65.831380 174.144389
61.137246 196.679930
51.356965 225.708601
79.514558 217.685499
104.058913 225.907086
110.550354 210.979533
94.513851 188.673689
100.587516 166.662030
99.388466 148.713742
96.620593 120.846237
103.217821 111.572190
130.269545 98.701461
135.556947 81.028714
165.389799 66.090573
147.950829 51.011145
106.974469 10.566197
99.149127 27.703232
147.975193 29.372404
118.063033 57.006975
98.528897 49.192511
77.835262 83.857158
63.105177 62.890008
55.989517 70.199979
