67.239537 262.439662
80.868864 237.289901
104.658455 262.446762
222.433003 231.977296
131.988101 228.431960
60.647547 217.251546
171.438821 225.731402
202.770109 189.773458
83.694953 198.845670
89.149196 181.608856
212.856600 191.328053
165.017971 145.136983
110.414596 148.127397
125.702365 49.818784
130.864896 9.188367
216.736842 28.838745
279.009247 5.233283
296.860974 83.223219
268.583262 148.507174
236.857254 184.179430
298.874965 188.401005
231.739904 217.497601
302.575832 224.395030
215.357509 248.073514
380.028647 255.923636
251.080235 278.262755
218.064677 263.955403
133.214724 272.568353
104.002762 267.353325
76.944055 270.123133
