23.600450 237.946667
26.487831 225.902423
23.534755 197.477694
32.243262 146.127667
26.619695 89.808899
46.211880 37.267125
97.753216 41.768046
140.443361 30.506025
181.053995 46.413554
181.466766 109.550542
190.405479 145.571814
172.798573 215.529979
159.827319 256.101898
234.986495 239.731103
259.307046 252.331833
339.081379 235.500018
303.034426 278.317685
280.684180 322.486619
239.849583 367.134591
278.126755 415.366062
286.907122 450.420415
212.626829 446.155125
185.175482 448.297520
113.225149 445.451401
151.377381 400.715489
95.943674 368.153525
94.136369 316.780605
35.729540 300.036264
30.183638 265.177259
25.736730 250.049923
