64.090954 42.150713
57.082150 32.199006
72.118813 17.777257
100.292445 21.254068
136.255502 19.301444
160.949950 25.358385
184.102657 83.259719
147.831712 71.764933
131.699649 65.843817
131.568265 127.766806
128.564902 147.881170
138.106580 185.592797
142.710427 214.259291
139.707118 247.794956
142.418367 280.735239
138.880558 309.967141
144.783380 349.194365
134.035923 371.355712
83.903607 364.615997
98.302793 326.626645
95.146469 291.640822
95.977685 260.296438
96.940818 226.312828
93.243739 195.518456
105.606114 157.451745
103.753278 120.982464
104.268350 92.487146
92.157528 53.792881
87.762023 43.873430
70.530421 50.929856
