43.125805 190.493380
40.690419 202.361792
46.291974 244.152701
116.014699 243.600353
134.367777 280.559746
49.747465 267.775395
36.303908 338.684925
71.596783 381.888220
130.541508 359.142487
177.153836 370.518296
231.094655 371.051397
280.222165 366.631995
335.492622 378.907012
354.473818 301.530966
299.211332 274.665845
277.530558 252.010478
362.767794 240.232955
361.277999 173.770500
295.146717 163.505880
283.192886 123.086453
318.691884 60.865199
286.454137 3.277388
222.257187 44.383875
183.057661 25.018983
115.468713 15.872346
116.748672 76.524144
140.130943 136.880180
105.333752 167.785849
64.157531 174.094509
50.515213 182.082982
