68.718816 95.316500
59.809308 82.127965
81.062281 76.589289
95.998645 20.242872
146.414430 59.116724
156.954900 43.816545
196.721003 14.241496
235.215000 20.901480
272.399276 37.900945
295.303128 66.076086
330.762988 95.526698
333.498000 136.942377
281.114358 130.873655
245.901164 104.488483
229.812818 133.354629
244.694632 180.780933
223.960168 214.796068
242.030913 281.169596
166.411716 271.570909
211.848774 263.539012
217.910384 213.764699
221.748028 170.160253
203.620057 134.833337
207.516535 91.495993
169.381245 66.028285
162.843339 132.181322
112.641651 95.531110
133.219452 49.802207
78.312992 87.262199
79.146461 88.279369
