40.000250 260.001763
40.225612 254.664549
38.531735 244.140903
51.907271 222.495262
59.719891 202.367933
41.928739 172.199338
73.835569 162.299627
77.481311 138.880390
75.029945 114.894536
76.707305 89.150428
77.656715 55.897483
76.339432 17.269920
107.806266 19.593042
84.732824 58.160016
89.782654 78.116877
91.763761 102.857307
89.408912 126.573782
92.989909 148.431049
104.471794 167.983413
131.907714 169.922049
130.762936 196.119427
126.604773 222.128941
146.894382 241.122440
140.076238 274.864056
125.747754 294.822538
100.595393 301.003977
77.916755 299.686389
53.611643 292.574057
44.032529 278.195214
41.980670 270.004735
