19.997321 52.001378
20.515906 47.059384
16.783612 93.343987
50.427289 70.283799
58.912866 102.139452
88.318009 104.120849
92.229431 126.600440
87.436096 151.849615
93.825041 174.705244
83.614577 200.077993
80.833340 226.659117
113.935163 218.307644
140.727131 224.954019
121.488513 189.057006
127.860773 160.608411
128.289597 136.902344
122.468743 110.050725
139.507021 97.894467
161.389120 77.173154
181.632613 81.605994
159.556161 55.888742
151.151687 46.549630
124.453678 51.872059
90.056379 50.393683
103.093848 28.004103
85.798719 13.160204
83.585832 60.294878
50.397350 43.779689
39.541091 53.063927
29.930146 49.870569
