133.734869 75.866196
136.331537 69.528905
132.299496 41.966892
142.701185 13.961431
182.619214 31.783091
189.728940 74.612712
225.565190 78.030745
259.590031 87.578927
262.553572 130.059955
263.213852 166.218977
257.634352 198.509557
273.432045 243.052752
243.722518 265.185443
253.764888 207.170088
222.319140 166.952119
219.384408 171.600831
220.925064 232.584160
217.663600 266.199388
170.847315 251.057857
201.215067 194.571503
182.267092 144.844098
167.477875 196.786629
185.873453 231.376101
155.008505 276.716452
156.950604 221.758373
158.595969 195.876693
153.989228 154.387510
146.908942 126.958657
153.677147 84.265716
134.861496 85.938438
