79.835925 321.267703
81.747715 320.602734
76.131883 268.673702
113.310860 287.427943
159.351212 259.113555
116.277275 235.170181
99.361858 180.903678
158.171836 172.837094
183.260797 158.987046
127.552283 120.096722
161.435257 83.736116
195.593432 81.304329
209.304104 6.327746
249.727412 36.643884
287.180551 10.397024
298.871095 59.851345
327.427104 89.274723
302.111945 142.995140
304.648279 174.184904
305.039471 218.412164
301.978000 265.410871
297.486763 302.286588
297.304684 367.534692
251.948915 371.182778
214.193207 367.940652
173.678267 370.940680
138.472000 363.152978
94.788252 377.971578
77.504072 343.162210
82.356923 332.252801
