111.021268 246.813472
112.925372 245.003943
155.337956 179.525805
185.171996 211.672165
251.101235 247.663045
314.583284 223.969095
383.540284 245.353779
445.472986 216.938893
490.248334 168.821207
576.683196 181.645700
584.330256 126.247301
614.659484 46.464335
663.471301 92.914232
686.939085 155.973145
678.088291 221.107902
680.645224 296.139422
688.607696 368.207177
608.230575 290.488364
584.558491 375.210779
550.376070 295.877687
466.665192 334.814008
409.841229 311.876749
341.789762 329.161876
274.839671 310.329302
210.593927 339.159562
197.876624 335.663510
122.360772 326.629305
112.278086 368.453720
117.966497 266.731942
113.596810 262.843520
