15.995114 52.004103
16.002881 48.572928
13.996264 93.230269
47.184823 71.619575
60.419632 93.017795
79.423475 109.053550
102.944416 114.363694
90.762131 150.752659
102.697734 165.291241
84.604295 209.823975
89.658923 223.614998
132.759065 223.264106
139.231269 213.487746
127.109529 176.859026
132.814875 158.959967
130.552954 129.316920
129.410229 110.099982
143.418181 82.500024
165.188350 83.882990
191.170087 70.860067
152.224060 71.370568
140.241473 46.884516
122.227746 49.758103
72.323405 53.481125
104.483635 32.622874
83.243895 7.165530
71.362033 44.744925
55.713941 54.896809
31.548003 47.337171
26.145793 50.145735
