27.998352 63.999456
24.347595 59.471507
31.430241 43.845613
62.763243 59.764054
60.029176 13.978595
103.919713 20.382633
54.015963 52.557704
105.618520 48.959229
116.457767 50.504605
130.970418 79.117673
162.426102 61.822406
177.326060 84.887277
136.278504 76.478913
136.294081 106.021290
133.706878 127.422145
136.479068 151.922527
132.837211 176.186078
138.159866 198.207920
146.833004 226.853875
116.096058 217.617954
86.176892 226.048795
94.407527 195.357040
103.834582 168.644062
95.946501 147.757942
106.593498 117.341255
84.055301 107.399970
66.132424 97.129016
55.709238 70.101986
29.986604 88.073877
28.117505 73.839725
