17.994037 50.004958
18.436741 45.729131
15.045181 94.147348
49.656028 70.989240
61.760955 93.826423
82.849600 108.458198
104.192905 118.421642
94.133108 149.795399
101.585881 171.742941
93.709377 197.621520
83.316840 225.239377
116.752733 218.215460
146.103859 226.982586
130.185578 187.689388
133.630732 168.640344
133.519153 139.720186
131.128846 119.626848
137.206554 88.201943
161.160515 83.718173
189.286087 69.597185
148.953958 73.950395
139.311644 48.151283
122.695812 49.134045
72.393883 53.578182
103.688582 31.521908
82.048024 8.583256
69.085383 43.810908
60.240806 55.634637
32.128807 46.928500
28.215627 50.165304
