160.004611 132.007797
159.156970 127.818322
160.805067 110.456264
168.394222 85.117598
172.810944 66.509067
161.208392 26.855717
184.918961 18.439207
206.206688 29.857196
201.281304 60.590361
217.295756 80.944929
234.498176 99.198357
241.957396 124.446678
233.760985 153.300023
235.576643 176.483966
234.387311 202.908742
236.884264 225.011330
245.186348 256.653286
206.508965 265.926118
193.662722 243.219461
207.510652 216.364946
197.897974 175.684146
185.390995 212.627527
198.281738 233.521057
175.358364 272.632141
161.157415 237.277362
172.578417 216.648810
163.717645 190.072385
164.374521 167.148278
163.111860 149.766365
161.976002 142.019451
