54.360075 261.988562
72.746003 237.535796
97.106090 260.283685
212.340241 236.035998
138.521765 226.126258
42.382526 219.993214
176.359172 222.222156
192.167937 193.302349
52.674128 190.850246
114.250090 193.325264
226.291214 166.768287
106.427988 154.412124
108.517093 112.165974
101.102879 6.601154
171.097739 26.517473
263.499086 13.740694
293.363797 28.167869
327.290442 139.262918
210.078528 156.657631
309.695712 196.755044
258.163895 187.036916
265.152035 226.645122
307.025306 219.239088
207.439959 252.425664
391.750864 248.698999
265.719380 280.111347
217.790219 262.364152
130.167670 274.440522
93.451607 267.338922
65.025605 270.804429
