112.997315 101.995488
107.269449 93.811814
122.207199 85.345304
140.159044 69.194406
172.714067 61.912655
196.043943 49.215158
203.137581 17.415217
238.730898 26.280060
258.445510 45.983362
284.726021 53.647049
313.683325 43.161957
328.241987 88.298626
348.159497 77.645687
387.400282 53.224115
379.881279 97.464597
389.855271 119.598124
376.544193 155.089611
339.026110 105.167607
330.112868 134.876717
306.203554 154.586543
280.695220 141.317953
238.795794 135.469081
252.974230 177.439041
229.136220 174.529565
198.773100 183.271404
187.366909 161.332317
169.772518 135.201763
134.646916 135.795628
124.645968 116.893467
119.015950 110.024943
