17.991961 52.005697
18.178671 49.009139
15.656075 93.874999
51.050395 70.717873
61.462284 95.200574
87.972832 106.781835
101.090000 119.831604
92.056943 151.268195
100.432460 172.438616
89.788676 201.079728
87.216537 225.905607
120.398755 218.921207
149.409221 223.783738
131.056368 191.686415
133.170207 171.341692
133.523196 142.862461
131.764088 121.900816
134.644248 90.486420
155.624583 83.461554
189.162700 71.795730
148.475123 73.725088
139.030617 53.573319
124.852980 45.104278
72.964252 57.667695
99.771894 33.012695
80.158959 8.255912
66.985895 45.351242
62.400223 57.845973
31.415700 45.621723
28.268754 50.243261
