163.975177 73.986820
164.281272 68.555484
162.634548 38.871520
186.520193 19.662680
223.527618 18.255778
241.944896 48.734388
233.608391 82.929238
222.568666 120.413047
218.463593 168.891825
217.348628 200.319194
215.697165 227.911077
227.088494 268.000720
207.474117 278.677636
207.590465 232.313615
207.010553 208.169405
203.437670 176.024685
211.415792 142.308294
192.270845 117.120277
192.025223 165.875810
194.762929 189.378262
189.894324 221.778588
198.909536 255.757585
181.158499 286.305338
181.350783 228.651710
182.798825 208.798300
178.420826 172.263103
180.710577 144.236054
169.030026 112.859694
160.985613 95.419469
164.228621 83.912479
