93.872201 257.761353
91.258552 226.201697
143.158114 233.103316
189.215214 176.697043
254.119093 228.911946
309.828864 229.254762
394.748401 248.629538
427.880361 189.741416
527.362301 184.421569
509.934860 129.319394
587.456820 71.989370
611.229980 60.603403
688.319346 105.732813
705.804356 167.358748
694.366598 227.749675
709.838270 327.466059
682.548272 336.668251
618.110157 308.642383
526.677862 330.353451
534.944274 351.916684
458.939828 300.862141
400.381999 338.976378
313.814454 296.452501
289.276966 374.109234
260.473937 309.467148
185.835208 356.805850
119.953180 306.364835
81.522828 383.886443
113.806205 264.301061
97.988402 268.648730
