96.332104 298.531492
88.702847 282.126020
115.416868 280.280859
138.449651 266.528480
126.217621 212.062319
122.154454 187.153647
178.110350 155.192732
122.399554 142.485262
123.067044 92.974019
161.398078 88.411960
187.287536 58.072465
209.993327 29.894553
246.457240 11.074191
273.518039 47.661125
298.834205 65.634730
310.293153 120.024893
282.032624 148.178409
280.913087 186.594260
282.101327 222.407925
288.001169 259.386569
280.359764 293.838349
282.248425 330.888567
267.076730 377.118312
222.633670 367.795030
188.768588 362.512106
155.156463 369.702486
114.509573 376.868220
90.647706 347.394997
98.311472 318.220354
95.734657 308.217655
