18.002982 50.006493
22.735853 49.649177
6.144322 82.415347
36.817599 80.038462
58.159664 80.918937
71.078232 107.350125
99.077081 110.995958
88.164437 145.295349
95.163993 164.726786
88.830974 197.382103
76.609773 225.437162
113.260845 219.497157
137.976833 223.455773
126.695872 184.625556
129.309282 165.627615
130.172586 137.370157
125.416383 114.079029
140.470667 90.700719
161.648366 79.067438
190.719401 79.063534
157.897928 60.971933
143.891475 46.716391
120.040076 49.997440
77.678317 56.106047
113.537828 18.645404
73.657570 14.974951
85.310126 60.819059
48.574572 46.872721
38.317994 51.144199
27.903782 49.956001
