68.000000 244.000000
69.106383 239.635384
66.075809 233.178939
74.426023 207.606088
68.418388 188.725494
70.738399 169.180738
74.928569 143.356903
73.273514 123.396257
77.326251 82.650679
75.055262 69.871387
76.943782 45.328769
84.837591 12.022112
95.126233 32.889335
77.822127 61.740474
86.098208 124.977873
80.074985 137.640800
94.858518 157.531269
110.039078 156.532887
113.479741 181.213774
112.226734 196.170648
111.534700 216.276800
115.635170 234.482998
114.758722 252.761149
115.224815 275.075432
109.123377 299.404439
85.137554 302.796001
68.512703 293.467093
68.765050 271.066872
67.370260 260.969668
68.012669 253.991938
