194.000000 74.000000
183.336019 102.441825
197.191435 36.664183
209.400875 90.578015
214.624361 53.746566
230.086876 47.697869
242.303619 30.627073
260.331831 16.652269
260.910570 47.222387
269.544473 55.792726
287.481875 67.574136
301.465479 77.132999
302.594088 97.614932
302.843096 113.838432
295.920898 135.540387
273.310808 142.833959
282.689550 158.730878
284.202315 183.558908
264.706614 173.521307
262.590950 146.470925
242.484306 152.084353
239.849569 172.360973
215.679996 189.255102
227.779659 155.551132
225.307416 144.526118
202.957714 141.083216
190.550140 129.259718
195.851844 108.210065
196.562894 88.655490
194.012513 83.987952
