17.997744 50.001207
18.569111 44.442768
14.684586 93.565114
47.639338 70.716954
57.947855 100.130159
84.122153 104.895768
93.653905 126.028179
86.824809 152.228983
94.149989 174.423937
83.439173 201.562876
81.085555 226.314932
114.254749 218.124297
139.989198 225.662397
123.716604 188.888181
127.450086 169.087509
128.560957 144.514724
122.877106 118.263112
134.974041 101.260818
148.172093 80.204519
188.192995 82.339634
159.705391 68.584876
155.787294 47.184215
130.854400 48.186568
99.218606 56.334654
91.370641 35.199289
85.075837 8.402567
79.323054 64.194452
50.190561 40.786024
36.538169 54.678891
27.978766 49.795007
