52.972189 204.233589
42.396824 189.667873
82.922736 168.810339
88.790835 140.373790
79.568875 90.914211
65.240585 42.785196
106.157552 6.134882
152.298392 50.092138
200.592158 7.378519
238.757333 41.325505
234.964780 95.521989
230.384545 143.935353
254.112770 174.132369
320.886258 162.814730
335.632659 230.738753
278.033243 245.328216
233.280020 265.910932
297.066240 282.643384
340.472711 270.982855
355.513779 343.265797
317.934876 377.004840
268.026744 365.066249
222.983253 360.916856
177.451045 367.851185
127.766083 377.771802
88.313349 353.261942
91.917330 296.579088
94.989654 243.665911
54.512654 232.810304
53.239105 213.738503
