156.000170 73.998752
149.213774 68.626068
163.353693 56.386415
179.923307 76.138927
196.910401 87.579709
202.618201 40.643573
229.348119 55.657696
240.926698 42.957433
260.837012 20.126301
282.676456 22.525435
282.729027 54.797030
305.383971 62.306564
327.894823 69.244342
345.065354 90.652363
338.064220 120.335780
323.027198 137.513103
291.108454 141.906337
304.997259 170.199646
282.862825 191.199843
269.572536 144.964215
249.345704 188.827235
232.114494 169.944762
245.874305 131.848750
206.997820 154.370269
194.796372 143.478519
192.548360 106.300503
170.343771 147.916305
145.824048 128.821701
165.041643 104.708637
157.966306 84.006446
