155.999347 102.001059
151.855136 97.287414
161.973808 84.265443
172.594445 63.830583
205.051783 66.788568
214.549909 32.977345
229.985536 15.351961
254.286649 38.359838
265.627953 55.283185
293.460997 42.390659
300.952343 83.759137
313.951674 79.534341
345.272836 50.280690
338.683148 92.780281
338.187592 106.367709
346.514754 143.586049
318.303876 134.093075
302.665954 108.082522
300.236062 157.868623
271.318305 140.660213
247.031528 140.192309
271.415383 187.902355
236.928504 173.863351
228.586129 145.972155
206.283305 196.881468
197.079556 159.929669
201.844024 138.786127
165.539513 134.475783
163.048125 120.535124
158.934434 111.967944
