117.497860 139.398185
112.245767 123.309684
156.326887 93.502481
210.522722 102.308093
274.445432 37.449988
309.316586 93.000850
394.137582 97.207525
421.549649 133.226183
421.288129 226.037025
498.941170 179.539937
548.968326 205.984772
611.186487 218.390018
688.025979 224.607890
662.159899 311.268329
677.839448 371.593958
621.804649 309.079160
554.805403 340.460400
501.307955 343.733696
417.804222 328.994152
419.148452 347.886967
342.775031 334.926737
349.967728 349.034720
274.063048 304.859446
221.086633 337.891119
142.265721 302.175478
121.235118 381.462905
115.946889 277.355646
123.662900 231.273094
127.720021 160.226649
123.274658 150.061149
