70.116075 107.470570
58.680331 127.273581
83.713853 125.449772
112.648168 137.907830
158.463762 100.822024
167.283956 140.738782
153.795943 186.952191
173.680934 221.555354
154.858957 269.699342
215.915329 278.946776
204.857319 265.366826
178.620965 232.380749
179.991427 190.757724
188.568671 149.173764
195.288746 94.746700
223.554975 64.361672
241.874422 140.265675
276.821458 79.758347
278.006010 58.179038
340.910143 106.982179
317.875683 67.188947
297.973654 24.674289
248.812377 57.844195
241.203398 47.133040
203.956515 12.892860
164.062674 22.444639
129.044380 35.727253
100.515829 69.320306
80.736516 86.700386
75.244941 99.258917
