27.996635 50.005577
36.126446 47.586211
14.494406 77.441553
41.393595 77.907834
52.478247 88.246450
74.121017 104.236030
88.037452 120.169452
82.037257 146.614225
84.849410 169.383581
84.951529 190.720842
66.504343 224.781138
96.363394 217.901790
125.769971 227.298784
126.861840 203.192221
118.169510 179.295467
121.896368 156.721148
121.814565 133.395156
117.135936 110.020408
139.572627 94.313251
158.814639 84.773808
177.527295 57.949258
147.194919 47.414434
130.101701 48.581738
95.862895 57.362875
105.493348 16.499298
90.716350 22.652898
92.161285 60.532811
55.561559 42.518109
48.462968 55.164605
37.887509 49.887048
