78.999702 104.043102
72.369874 92.716777
94.839146 89.042031
116.350766 69.195343
154.369244 65.560491
179.750888 45.600265
200.211646 15.848309
238.819487 29.945975
263.131889 52.919469
294.915531 52.299822
326.903848 47.678716
348.012626 92.166486
372.612926 77.818873
421.591880 54.576715
409.028377 94.738984
422.986717 129.089837
403.249161 153.799952
361.728319 113.459194
344.700904 127.747302
322.705064 165.249537
286.712426 137.882764
252.421662 150.702558
224.560307 145.900857
238.845931 194.096671
183.067028 185.905912
179.708863 153.509748
143.139781 144.282857
112.355116 134.556712
93.318507 120.493349
87.069836 110.938644
