90.881870 95.137670
81.728226 84.532596
99.734134 78.623604
108.920970 23.194117
155.902237 53.736521
162.743069 47.280788
196.690124 13.067660
231.869457 22.109598
262.735720 37.279854
281.196963 68.729338
310.017555 90.446631
314.972349 134.063034
269.371577 132.967899
237.399082 105.802431
237.583667 152.454178
241.939576 182.587407
226.691705 229.152202
240.938351 280.890685
176.652317 272.321229
186.211437 270.222758
215.175027 220.705382
209.427275 184.661833
202.791855 146.422948
197.871996 122.359957
184.570330 62.082993
170.692971 123.857291
130.990273 107.432619
142.806772 47.738324
104.240382 87.002237
101.414598 89.525717
