28.002428 69.998829
22.426226 85.993138
44.330717 72.635095
50.546646 97.148030
78.779622 102.997892
78.891015 130.733204
76.218599 152.971442
81.338243 177.843495
71.567238 201.604045
66.998634 225.464283
97.567090 217.716031
128.099297 226.765368
114.987021 198.421623
111.238784 175.965477
114.556649 152.289327
111.248470 126.797058
114.135715 105.906044
142.079334 96.476523
154.010054 78.293748
183.664635 80.020240
170.005854 45.442643
147.565316 45.598982
115.697692 67.093876
104.959313 13.903487
96.561012 26.460694
104.279275 60.045185
65.847665 45.631779
52.894762 54.000459
26.675447 45.457681
34.041077 60.007144
