125.504472 259.566649
124.980850 249.715488
145.114346 241.395051
191.463546 259.893581
215.223277 216.795160
149.574493 236.613759
121.563565 210.667803
185.115981 229.857315
216.376533 193.113359
157.468878 198.880967
120.544725 184.837208
177.413114 192.478758
221.344076 171.652910
178.860805 149.722767
171.539552 118.930947
181.710483 76.027810
166.091028 34.014250
201.440717 9.480834
239.480161 32.044996
232.098905 74.549320
237.924382 112.772929
230.662596 152.888744
242.918700 195.970615
219.623848 247.432444
283.467545 248.548297
253.709639 276.330616
206.612942 267.259402
172.344432 269.601962
142.329385 270.936476
131.183359 269.896352
