20.000160 69.999658
8.203142 75.157478
21.866459 84.462819
44.667322 76.112076
62.718891 99.074156
76.991059 116.292826
67.713955 146.858455
77.566811 165.733703
63.553191 202.500687
62.914436 227.016045
104.562384 220.231246
120.100167 218.413023
103.244061 184.521935
107.714831 162.683697
108.668806 139.122173
101.061376 106.828387
132.242185 108.531615
142.868478 74.464150
173.559130 88.186088
190.262618 65.049533
172.787632 40.290938
144.387570 60.176116
117.879261 41.855707
87.029361 16.120860
127.384333 36.155825
97.180815 54.815254
76.036602 49.984659
42.509282 44.245523
41.414978 67.399487
30.207753 70.451742
