111.973775 132.066963
116.880000 136.526848
128.900146 145.706911
158.373475 114.291498
171.361461 124.370444
186.607298 159.606148
214.666512 138.278422
252.223933 141.705317
255.580653 155.112471
251.878710 187.146137
293.850072 173.181179
310.356542 178.032201
324.460541 132.651679
356.978590 139.562652
380.467445 116.820615
390.764211 87.674134
355.492260 68.830540
332.389590 61.394742
299.498252 51.673295
294.017238 12.158448
257.850872 31.444606
237.912387 50.217151
209.998318 49.004629
183.463306 49.779423
170.063533 91.435937
146.415336 72.577610
111.270669 54.121116
114.461757 87.429639
121.185629 104.454234
115.830866 114.007167
