74.000000 138.000000
71.232946 140.359219
75.860192 121.591786
76.306987 105.848523
75.620137 86.530219
76.670413 67.460619
74.363884 49.053704
85.229050 20.206951
90.661547 16.249571
82.366853 108.655688
80.810300 142.977757
91.017501 152.530277
110.620600 162.954478
102.189338 185.609995
106.569630 201.928228
103.967317 221.847323
105.937580 239.160567
103.765274 259.233714
107.320012 275.861727
99.282819 305.272404
72.293414 297.825869
80.891081 276.964439
70.678843 259.642321
75.725526 240.383371
73.061858 222.187351
74.527200 203.491959
73.678420 185.075821
74.249464 166.488433
73.860332 154.189683
74.001621 147.999805
