148.087113 86.509040
144.781754 76.315146
158.803754 36.932001
184.037848 23.633653
221.011283 14.575253
244.347533 52.660682
247.607889 75.231798
261.864566 127.424145
225.240670 121.552295
228.709971 153.490833
227.540306 191.715088
222.957702 217.066125
230.397297 264.683084
197.614440 280.986960
220.670679 225.376432
210.364989 196.460646
218.824505 162.610492
205.770817 108.958434
199.749100 148.259386
207.258605 181.905418
195.441965 216.713729
209.904606 254.205621
168.758597 285.738406
190.009732 241.612792
191.435101 209.903271
189.442949 171.613942
186.562403 137.961538
174.673400 109.459537
162.340604 82.530319
153.128999 94.445023
