33.990406 261.992399
36.417044 259.205864
28.575178 239.309011
55.353365 228.343158
43.581011 184.898728
49.548630 170.565866
83.916996 175.988330
71.814866 134.123491
79.223886 116.857309
72.232687 88.452496
82.051900 63.792231
66.392904 38.887866
89.580405 9.529110
98.766925 38.968994
87.844673 66.357337
91.709367 91.585499
92.426154 115.415395
91.563395 142.814540
100.073031 163.317613
137.630936 163.039821
128.586482 196.345895
127.554312 219.783436
148.428903 240.992756
145.046924 271.275297
127.548458 295.074548
101.127015 300.463890
77.154577 300.165416
50.368511 293.988390
42.083042 278.383948
37.020916 271.978323
