61.747146 260.174186
72.813294 236.309386
110.331658 265.524395
223.315317 225.078471
91.281393 229.634736
68.228644 215.899476
197.843649 221.184882
171.181121 189.967329
52.362784 190.842189
131.734633 192.910511
223.076812 165.107715
110.852544 154.278450
119.063891 111.951469
106.658674 10.470331
169.783746 24.490580
259.305132 14.921542
289.228830 27.417635
314.507941 134.650110
232.076878 151.917572
273.460284 194.022281
282.426710 185.538580
239.726487 223.586406
312.741249 220.001660
202.864984 249.997015
385.883015 251.746769
256.805450 279.771750
216.901344 263.081441
129.263565 273.104816
95.566174 267.220764
67.961103 270.943154
