67.326219 206.627887
52.148913 189.324562
102.460927 170.941754
77.441726 133.715292
75.365123 92.079516
76.486300 40.628793
109.535146 9.540972
147.096852 46.487915
203.979016 2.286619
205.157611 66.032012
239.619255 89.542550
228.732705 142.884703
236.595990 178.537944
303.449504 162.956807
316.685947 231.905412
261.760677 236.305245
240.305339 282.471021
307.820626 271.113816
332.948924 290.116963
339.144771 349.876068
300.469597 377.962887
255.205517 363.367739
212.266361 361.204486
172.524283 372.145520
124.548970 375.138710
89.262944 349.872257
90.124011 299.794619
90.507661 254.513398
80.488466 226.633175
66.968875 216.456055
