66.211257 313.375843
62.906088 309.490283
73.807009 260.346461
117.772267 294.038862
163.932719 253.587649
97.047230 239.903672
85.601314 195.920917
110.084628 166.797665
183.185192 174.098534
148.409622 121.729255
174.521879 91.295460
184.113430 50.824372
209.956807 5.069117
251.623364 48.799662
300.030274 3.210476
315.316805 53.287268
333.645529 95.655158
295.814062 149.986866
337.841008 182.162450
318.390045 234.687840
305.121406 271.742535
312.539141 313.968825
294.469450 377.088634
243.197368 369.676648
204.594752 370.684872
160.211408 355.142490
121.405577 375.895076
74.254285 367.266916
62.014024 338.684409
66.368075 323.865344
