101.875765 105.694603
102.683541 101.888082
102.094327 67.926150
126.509424 55.141941
155.176301 17.799034
182.356714 26.865486
215.892421 45.179152
228.406727 83.242102
267.595879 84.477349
292.329278 120.722195
245.928551 154.217043
243.561778 167.620772
281.334686 207.988875
266.655966 249.791376
282.114149 277.634228
305.503014 297.604182
297.678600 344.192838
282.359649 382.805145
237.499162 359.401158
205.985537 366.155260
171.786886 370.693299
130.762500 370.095164
126.471201 329.171595
123.462582 297.687983
117.612111 263.632048
122.128714 227.131866
127.755676 185.590773
123.263573 146.525452
101.224476 128.030505
102.059563 116.101650
