92.435683 262.354909
85.154379 227.496498
136.982619 235.807792
188.916333 183.631525
246.574314 209.948255
306.661103 230.375472
384.387260 246.529929
417.995652 180.621460
513.065735 181.195109
489.780190 116.007992
582.560753 71.544104
599.329655 65.025173
690.168646 101.953930
704.612164 163.541687
697.373526 229.273872
707.032935 319.313453
694.642328 354.844556
631.260961 309.835857
546.497074 314.597069
503.096318 354.169863
474.115062 316.568436
394.978846 319.885280
316.630866 322.314055
315.411731 358.145837
255.687899 306.864721
192.932027 363.114703
122.121665 296.200332
84.590712 392.893080
106.636204 272.700482
96.452789 272.648563
