147.829027 253.494429
149.324349 261.173509
150.835732 314.896549
150.094302 369.512029
192.640359 300.236599
260.754289 331.425295
313.864461 315.655054
375.255251 323.497475
430.625524 320.338322
492.225631 320.049660
544.728238 324.308222
617.702257 310.334483
644.443876 376.246343
646.623476 264.181550
645.079350 221.124392
643.552788 161.339124
647.590146 87.358415
616.257304 54.655554
645.216526 178.653011
591.825585 164.184791
534.246285 181.251655
477.032369 190.212012
440.717023 249.973646
373.377964 225.912272
317.787776 239.081774
261.163502 229.565248
196.480066 244.265579
152.864499 234.908183
163.458980 163.068815
146.013533 215.079228
