104 256
104 246
109 237
116 228
126 224
134 218
144 216
154 214
158 204
166 196
174 190
184 194
189 203
197 210
205 216
215 218
225 222
234 227
241 235
251 236
261 236
271 236
281 236
291 236
301 235
311 234
321 234
331 234
341 234
351 234
361 234
371 234
381 234
391 234
401 234
411 234
421 234
431 232
438 224
444 216
450 208
458 202
466 196
474 190
484 186
494 182
504 180
514 180
524 180
534 180
543 175
553 172
563 170
568 156
566 146
560 138
560 128
566 118
574 110
582 104
590 98
600 86
606 78
612 66
618 56
627 61
631 71
639 78
643 88
651 94
661 98
669 104
677 110
684 118
689 127
691 137
689 148
689 158
689 168
689 178
689 188
689 198
689 208
689 218
689 228
691 238
691 248
691 258
691 268
691 278
691 288
691 304
691 314
689 324
685 334
676 360
679 350
676 340
679 321
665 321
655 321
645 321
635 321
625 321
615 321
605 321
595 321
585 321
575 324
573 334
570 361
564 349
564 339
564 329
557 321
547 321
537 321
527 321
517 321
507 321
497 321
487 321
477 321
467 321
457 321
447 321
437 321
427 321
417 321
407 321
397 321
387 321
377 321
367 321
357 321
347 321
337 321
327 321
317 321
307 321
297 321
287 321
277 321
267 321
257 321
247 322
243 336
242 355
232 344
232 334
223 329
215 335
209 327
199 328
191 336
183 343
173 345
164 340
156 333
149 325
139 328
129 331
119 328
115 338
106 360
108 350
108 326
112 316
112 306
112 296
111 286
108 276
108 266
