45 82
44 72
50 64
56 56
62 48
68 38
68 22
78 20
88 24
98 26
108 29
118 33
127 38
134 46
142 53
150 59
158 65
168 69
178 73
188 77
198 80
208 81
218 82
228 82
238 82
248 80
258 80
268 78
278 78
288 80
298 83
308 84
318 80
328 80
336 86
342 94
347 103
351 113
353 123
355 133
353 146
355 156
352 169
348 179
342 187
333 192
323 192
321 210
321 220
321 230
319 244
318 255
308 259
298 259
288 259
280 252
286 242
290 225
290 215
290 205
286 195
280 187
274 179
268 171
262 163
256 155
246 157
236 159
226 161
216 161
206 161
196 161
186 159
181 168
181 178
179 190
177 200
177 210
175 228
171 246
166 259
156 259
146 259
138 252
144 242
148 224
150 214
150 204
148 194
146 184
146 174
146 164
142 154
135 146
130 137
126 127
122 117
119 107
114 98
109 89
103 81
93 81
83 83
73 85
63 88
53 89
