40 136
40 126
44 112
49 103
54 94
60 86
68 80
78 80
88 83
98 84
108 80
118 78
128 78
138 80
148 80
158 82
168 82
178 82
188 82
198 80
208 78
218 76
228 72
238 68
247 63
255 57
263 50
271 43
279 37
288 32
298 28
308 26
318 24
328 20
332 30
335 40
341 48
347 56
354 64
360 72
354 89
344 89
334 85
324 83
314 83
304 81
295 86
290 95
285 104
280 115
275 124
271 134
265 144
259 152
253 160
251 172
251 182
249 196
249 206
249 216
249 226
251 236
256 245
255 259
245 259
235 258
233 248
228 239
228 229
228 219
228 209
226 199
224 189
224 179
222 169
221 159
211 159
201 161
191 161
181 161
171 161
161 159
151 157
141 153
133 160
125 170
119 178
114 187
108 195
103 204
103 214
103 224
103 234
107 244
113 252
104 259
94 259
84 255
83 245
78 236
80 221
78 211
78 201
78 191
84 178
86 161
84 151
82 141
73 126
73 136
71 152
71 162
72 172
73 182
66 193
56 189
49 181
44 172
42 162
40 152
