60 84
58 74
63 65
69 57
74 46
80 36
78 24
88 23
98 23
108 26
118 30
128 34
136 40
144 47
151 55
159 61
168 66
177 71
186 76
196 78
206 81
216 82
226 82
236 82
246 80
256 78
266 78
276 80
286 82
296 84
306 80
316 81
324 87
329 96
333 106
337 116
339 126
339 144
341 154
338 171
334 181
326 189
317 194
315 208
315 218
315 228
315 244
311 259
301 259
291 259
281 259
271 259
262 254
268 244
272 232
274 217
274 207
270 197
265 188
260 179
254 171
248 163
239 158
229 160
219 161
209 161
199 161
189 164
187 176
187 186
185 196
185 206
183 218
183 228
179 246
176 259
166 259
156 259
146 259
138 252
143 243
147 233
148 220
150 207
148 197
146 187
146 177
146 167
144 157
139 148
134 139
130 129
128 119
124 109
120 99
116 89
109 81
99 83
89 83
79 87
69 89
