64 260
64 250
74 248
90 248
106 248
122 248
132 248
142 248
152 248
158 235
151 227
141 227
131 227
121 227
111 227
101 227
96 218
106 218
116 218
126 218
136 218
146 218
156 218
158 205
154 195
144 195
134 195
124 195
114 195
104 195
96 188
109 186
119 186
129 186
139 186
149 186
158 172
158 162
153 153
143 153
133 153
123 153
113 152
110 142
110 132
110 122
110 112
110 102
110 92
110 82
110 72
110 62
110 52
110 42
110 32
110 22
120 20
130 20
140 20
150 20
160 20
170 20
180 20
190 20
200 20
210 20
220 20
230 20
240 20
250 20
260 20
270 20
280 20
285 29
285 39
285 49
285 59
285 69
285 79
285 89
285 99
285 109
285 119
285 129
285 139
281 153
271 153
261 153
251 153
241 153
231 153
221 153
211 154
211 164
211 174
211 184
221 186
231 186
241 186
251 186
261 186
271 186
281 186
291 186
301 186
311 186
321 186
316 195
306 195
296 195
286 195
276 195
266 195
256 195
246 195
236 195
226 195
211 196
211 206
211 216
221 218
231 218
241 218
251 218
261 218
271 218
281 218
291 218
301 218
311 218
321 218
316 227
306 227
296 227
286 227
276 227
266 227
256 227
246 227
236 227
226 227
211 228
211 238
212 248
222 248
232 248
242 248
252 248
262 248
272 248
288 248
304 248
314 248
324 248
334 249
335 259
329 269
319 273
309 269
299 269
289 269
279 269
269 272
259 269
249 269
239 269
229 269
219 269
209 269
199 269
189 269
179 269
169 269
159 269
149 269
139 269
129 273
119 269
109 269
99 269
89 269
79 269
69 269
