110 258
108 248
114 240
122 234
132 230
142 226
152 224
162 222
172 218
182 218
192 216
202 216
212 214
222 214
231 209
240 204
250 200
258 194
268 190
278 192
288 195
297 200
307 204
315 210
325 214
335 216
345 216
355 216
365 213
371 205
379 197
387 191
396 186
406 182
412 167
412 157
411 147
403 140
402 130
408 122
416 116
426 110
436 106
446 104
456 100
466 98
476 96
486 94
496 90
504 82
514 78
524 74
530 66
538 56
548 54
553 63
559 71
568 76
578 78
586 85
595 90
605 94
615 96
625 98
635 100
645 104
655 106
664 111
674 115
682 121
689 129
685 144
681 158
681 168
681 178
681 188
681 198
681 208
681 218
685 228
685 238
687 248
687 258
687 268
689 278
689 288
689 298
687 312
687 322
687 332
687 342
678 360
678 350
676 340
676 330
667 321
657 321
647 321
637 321
627 321
617 321
607 321
597 321
587 321
577 321
567 321
557 321
547 321
537 321
527 321
517 321
507 321
497 321
487 321
477 321
467 321
457 321
447 321
437 321
427 322
427 332
427 342
425 352
419 363
414 336
413 355
406 347
404 337
402 327
392 327
382 329
372 333
362 330
353 325
343 323
333 327
323 330
313 333
305 339
295 341
285 343
275 345
265 345
255 343
245 339
235 335
225 331
215 329
206 324
196 323
186 327
177 333
167 331
157 329
147 327
137 327
127 330
122 339
124 359
114 358
116 348
112 338
118 324
120 306
120 296
118 286
118 276
117 266
