46 124
46 150
46 160
48 170
53 179
59 187
68 192
78 192
78 202
80 212
80 222
78 234
81 244
82 254
91 259
101 259
111 259
121 252
115 244
111 234
111 224
111 214
111 204
115 194
121 186
127 178
133 170
139 162
147 155
157 157
167 159
177 161
187 161
197 161
207 161
217 159
220 169
220 179
220 189
222 199
224 209
224 219
226 229
226 239
230 249
232 259
242 259
252 259
261 251
256 242
253 232
251 222
251 212
251 202
253 190
255 180
255 170
255 160
260 151
267 142
273 130
277 120
281 110
285 100
290 91
296 83
306 81
316 83
326 84
336 87
346 89
355 82
356 71
350 63
344 55
338 47
333 38
331 28
324 20
314 24
304 26
294 28
284 32
276 38
268 44
260 52
252 58
244 64
234 68
224 72
214 76
204 80
194 80
184 82
174 82
164 82
154 81
144 80
134 78
124 78
114 80
104 84
94 86
86 80
76 80
66 84
60 92
55 101
50 110
