82 80
82 70
87 61
92 46
97 32
96 22
106 23
116 20
124 26
134 30
143 35
151 42
157 50
163 58
170 66
179 71
188 76
198 80
208 82
218 82
228 82
238 80
248 78
258 78
268 81
278 82
288 80
298 83
304 91
307 101
312 110
315 120
317 130
316 145
317 155
315 168
311 182
303 190
301 206
301 216
301 226
303 236
301 246
303 256
293 259
283 259
278 250
282 240
284 227
284 217
284 207
281 197
267 178
269 188
271 198
269 208
269 218
269 228
267 244
259 259
249 259
240 254
246 242
250 228
252 213
252 203
248 193
243 184
238 175
234 165
226 159
216 161
206 161
197 166
197 176
195 190
193 200
193 210
191 224
191 234
189 248
180 259
170 259
160 259
150 259
142 252
146 242
150 228
152 217
152 207
150 197
148 187
148 177
148 167
146 157
142 147
138 137
136 127
134 117
132 107
130 97
127 87
117 83
107 85
97 89
87 89
