72 154
72 136
74 124
76 114
80 104
85 95
90 86
98 80
108 80
118 84
128 80
138 78
148 78
158 80
168 82
178 82
188 82
198 80
208 76
217 71
226 66
234 60
242 52
250 44
258 38
266 32
276 28
286 24
296 23
306 20
307 32
310 42
315 51
319 61
324 70
326 81
320 89
310 89
300 85
290 83
280 81
275 90
271 102
267 120
263 136
257 148
253 160
251 174
251 186
249 198
249 208
249 218
249 228
251 238
256 247
250 259
240 259
230 259
220 259
212 252
212 242
210 232
210 222
210 212
208 202
207 192
206 182
206 172
204 162
194 161
184 161
174 160
164 159
158 167
153 176
148 185
143 194
139 206
139 216
140 226
143 236
146 246
146 259
136 259
126 257
124 247
122 237
122 227
122 217
120 207
116 193
111 202
111 212
111 222
111 232
112 242
112 259
102 259
92 256
92 246
90 236
92 220
92 210
92 200
88 190
80 184
76 174
74 164
