154 46
156 56
156 66
156 76
157 86
158 96
154 106
154 116
154 126
154 136
156 146
158 156
158 166
158 176
158 186
160 196
162 206
162 216
162 226
160 238
158 250
163 259
173 259
183 259
193 259
203 259
211 246
211 236
211 226
211 216
211 206
213 194
223 193
226 203
228 213
226 226
226 236
224 252
232 259
242 259
247 248
245 238
243 228
243 218
241 208
241 198
241 188
241 178
240 168
239 158
243 146
243 136
243 121
241 111
237 101
231 93
224 85
215 80
205 77
201 67
197 57
193 47
189 37
187 27
178 22
168 26
160 20
154 28
