86 262
86 252
96 248
106 248
116 248
126 248
136 248
146 248
156 248
166 248
182 248
198 245
198 235
192 227
182 227
172 227
162 227
152 227
142 227
132 227
122 227
112 227
102 227
94 220
107 218
117 218
127 218
137 218
147 218
157 218
167 218
177 218
187 218
197 217
198 203
192 195
182 195
172 195
162 195
152 195
142 195
132 195
122 195
112 195
102 195
94 188
107 186
117 186
127 186
137 186
147 186
157 186
167 186
177 186
187 186
197 185
198 171
198 161
192 153
182 153
172 153
162 153
152 153
142 152
142 142
142 132
142 122
142 112
142 102
142 92
142 82
142 72
142 62
142 52
142 42
142 32
142 22
152 20
162 20
172 20
182 20
192 20
202 20
212 20
222 20
232 20
242 20
252 20
262 20
269 28
269 38
269 48
269 58
269 68
269 78
269 88
269 98
269 108
269 118
269 128
269 138
263 153
253 153
243 154
243 164
243 174
243 184
253 186
263 186
273 186
278 195
268 195
258 195
243 196
243 206
243 216
253 218
263 218
273 218
281 224
268 227
258 227
243 228
243 238
244 248
254 248
264 248
274 248
284 248
294 248
304 248
314 250
313 268
304 273
294 269
284 269
274 269
264 269
254 269
244 269
234 272
224 269
214 269
204 269
194 269
184 269
174 269
164 269
154 269
144 269
134 269
124 269
114 269
104 271
94 269
