77 257
72 248
82 246
92 246
102 246
110 240
110 230
112 218
112 208
112 198
109 188
105 178
102 168
100 158
98 148
96 138
96 128
96 118
96 108
96 98
98 86
100 76
104 66
109 57
114 48
122 40
131 35
141 31
151 28
156 37
166 40
176 40
186 40
196 40
206 40
216 40
226 34
236 30
246 34
255 39
263 45
269 53
274 62
277 72
280 82
281 92
283 102
283 112
283 122
281 132
279 148
279 158
279 168
279 178
281 188
281 198
281 208
283 218
283 228
280 247
279 264
276 275
271 284
265 292
257 300
249 308
241 316
235 324
231 336
229 348
225 364
221 378
217 388
213 398
213 408
217 418
226 423
231 432
226 441
216 445
206 447
196 447
186 447
176 449
166 447
156 447
146 447
136 446
126 443
117 438
116 428
124 422
130 412
136 402
142 394
140 384
138 374
136 364
132 354
128 344
124 334
118 326
113 317
107 309
102 300
96 292
92 282
90 272
86 262
