30 256
30 246
40 246
50 246
60 246
70 246
80 246
90 246
100 246
110 246
120 246
130 246
140 246
150 246
160 246
170 246
174 236
174 226
169 217
164 208
160 198
158 188
156 178
154 168
152 158
152 148
152 138
150 128
152 118
152 108
152 98
154 84
158 68
162 58
167 49
173 41
181 33
190 28
200 29
205 38
215 38
225 38
235 38
245 38
252 28
262 30
270 36
278 42
288 42
298 44
307 49
312 58
315 68
316 78
317 88
317 98
319 108
319 118
321 128
321 138
321 148
321 158
323 168
323 178
323 188
325 198
325 208
325 218
325 228
323 246
321 262
317 276
311 286
304 295
296 301
288 307
279 312
271 318
263 326
258 337
254 347
250 357
245 366
239 376
233 384
225 394
219 402
213 410
216 420
225 425
227 440
217 443
207 445
197 447
187 447
177 447
167 447
157 448
147 449
137 447
127 447
117 447
107 447
97 445
87 443
77 440
74 430
82 422
90 414
96 406
102 398
108 381
106 371
104 361
102 351
98 341
92 333
86 325
80 317
74 309
68 301
63 292
58 283
56 273
52 263
45 255
