49 92
49 117
49 142
49 167
49 192
49 217
49 242
49 267
49 292
49 317
49 342
49 367
49 392
49 417
49 442
49 467
49 492
49 517
49 542
49 567
49 592
49 617
49 642
49 667
49 692
71 104
73 685
89 122
95 670
109 137
115 655
128 154
138 643
148 170
158 628
168 185
180 615
185 204
200 600
205 219
223 588
225 234
243 573
244 251
264 266
265 560
282 284
285 545
302 299
305 530
322 314
328 518
345 324
352 510
370 324
377 509
395 321
402 505
417 309
427 500
429 287
441 265
452 495
454 237
466 215
477 490
486 199
502 489
511 204
526 224
527 485
538 246
550 268
552 480
562 290
577 310
577 475
598 324
602 470
623 324
624 482
642 500
648 324
660 518
670 311
679 535
689 292
696 554
707 274
714 572
725 256
732 590
744 237
750 608
762 219
769 625
780 201
786 644
799 182
804 662
817 164
822 680
835 146
840 698
854 127
859 715
872 109
876 734
890 91
895 119
895 144
895 169
895 194
895 219
895 244
895 269
895 294
895 319
895 344
895 369
895 394
895 419
895 444
895 469
895 494
895 519
895 544
895 569
895 594
895 619
895 644
895 669
895 694
