49 92
49 117
49 142
49 167
49 192
49 217
49 242
49 267
49 292
49 317
49 342
49 367
49 392
49 417
49 442
49 467
49 492
49 517
49 542
49 567
49 592
49 617
49 642
49 667
49 692
71 104
73 685
89 122
95 670
109 137
115 655
128 154
138 643
148 170
158 628
168 185
180 615
185 204
200 600
205 219
223 588
225 234
243 573
244 251
264 266
265 560
282 284
285 545
302 299
305 530
322 314
328 518
345 324
352 510
370 324
377 509
395 324
402 505
418 314
427 500
436 295
449 272
452 495
464 252
477 490
486 239
502 489
511 244
527 485
529 262
544 282
552 480
560 302
577 475
579 319
602 470
604 324
624 482
629 324
642 500
654 324
660 518
674 307
679 535
692 289
696 554
710 271
714 572
729 252
732 590
747 234
750 608
765 216
769 625
784 197
786 644
802 179
804 662
820 161
822 680
839 142
840 698
857 124
859 715
875 106
876 734
895 121
895 146
895 171
895 196
895 221
895 246
895 271
895 296
895 321
895 346
895 371
895 396
895 421
895 446
895 471
895 496
895 521
895 546
895 571
895 596
895 621
895 646
895 671
895 696
