49 92
49 117
49 142
49 167
49 192
49 217
49 242
49 267
49 292
49 317
49 342
49 367
49 392
49 417
49 442
49 467
49 492
49 517
49 542
49 567
49 592
49 617
49 642
49 667
49 692
71 104
73 685
89 122
95 670
109 137
115 655
128 154
138 643
148 170
158 628
168 185
180 615
185 204
200 600
205 219
223 588
225 234
243 573
244 251
264 266
265 560
282 284
285 545
302 299
305 530
322 314
328 518
345 324
352 510
370 324
377 509
395 324
402 505
419 317
427 500
441 304
452 495
462 289
477 490
485 279
502 489
510 282
527 485
532 294
552 480
554 306
576 319
577 475
601 324
602 470
624 482
626 324
642 500
651 324
660 518
672 309
679 535
690 291
696 554
709 272
714 572
727 254
732 590
745 236
750 608
764 217
769 625
782 199
786 644
800 181
804 662
819 162
822 680
837 144
840 698
855 126
859 715
874 107
876 734
892 89
895 121
895 146
895 171
895 196
895 221
895 246
895 271
895 296
895 321
895 346
895 371
895 396
895 421
895 446
895 471
895 496
895 521
895 546
895 571
895 596
895 621
895 646
895 671
895 696
