74 32
89 132
96 45
104 112
111 145
114 237
114 262
114 287
117 59
119 92
124 167
124 207
124 310
129 335
137 74
140 358
152 380
160 84
167 400
176 424
185 89
191 444
205 104
209 462
214 562
218 126
229 477
232 580
233 146
236 549
248 166
251 489
256 534
260 188
270 555
276 495
281 529
283 199
299 505
305 212
305 536
314 602
325 227
329 527
334 582
336 615
345 242
348 510
349 562
358 603
363 260
364 537
368 580
383 275
389 537
395 297
398 513
413 315
422 520
428 335
435 359
445 530
448 381
460 403
465 428
468 540
474 452
483 476
490 552
501 494
514 560
520 511
534 575
537 530
555 548
559 573
