24 192
39 172
54 152
69 132
87 114
102 94
110 125
117 74
135 122
137 59
159 130
162 54
169 153
169 178
169 203
179 226
185 64
191 248
198 86
204 270
205 110
205 135
210 160
217 184
226 283
232 204
241 303
250 222
254 325
274 340
274 637
275 221
284 660
294 355
298 630
300 216
309 655
317 365
323 629
325 214
339 592
340 375
343 645
349 557
350 211
355 612
359 392
359 527
361 580
364 417
369 492
374 440
374 465
375 209
383 399
400 214
404 385
409 622
421 404
425 219
429 637
434 426
435 380
447 655
449 446
450 224
451 624
454 471
454 496
459 521
459 546
459 571
459 596
460 375
473 234
476 625
485 375
498 240
510 375
522 249
535 370
545 259
560 365
569 266
585 365
591 279
610 365
614 289
635 303
635 370
655 318
660 370
673 336
685 365
