24 177
42 195
48 169
54 217
59 242
59 267
64 292
66 150
69 317
74 342
79 367
79 577
89 139
89 390
100 413
103 569
114 139
115 433
115 546
128 575
134 450
139 144
142 554
156 575
157 460
160 158
166 545
180 470
181 575
182 170
186 530
194 192
205 475
206 214
209 517
218 236
228 485
234 515
234 562
236 254
256 269
257 504
258 570
275 485
278 281
280 556
289 532
297 575
300 480
301 510
302 289
321 495
322 569
324 301
336 475
348 310
354 457
369 437
370 322
388 420
394 331
411 410
416 344
433 398
439 354
457 390
464 349
482 385
489 344
507 379
514 344
531 370
539 344
556 370
564 344
581 365
589 339
606 365
614 339
631 365
639 339
656 360
664 334
684 350
