34 197
34 222
44 172
64 157
79 137
99 117
114 97
121 130
129 77
146 125
151 64
169 135
174 54
174 160
174 185
184 208
190 233
193 71
202 255
205 93
215 116
215 141
220 166
220 273
227 190
242 285
247 205
254 307
264 224
264 612
272 325
279 637
288 605
289 219
290 343
303 644
312 355
312 614
314 214
335 365
337 609
339 214
344 567
349 537
357 594
358 375
360 620
362 204
364 400
364 507
369 425
374 457
374 482
383 383
385 214
392 435
399 607
408 380
410 214
421 594
423 400
429 627
433 373
435 219
435 422
444 446
446 594
449 471
449 496
451 640
454 521
458 370
459 226
459 546
459 571
460 615
469 456
477 589
483 370
484 231
506 244
508 370
531 249
533 363
554 259
555 350
575 273
580 355
600 279
605 355
620 294
630 360
640 309
655 365
660 324
675 344
