24 567
39 542
54 517
69 487
79 462
79 512
89 432
94 327
94 482
99 407
104 350
105 455
106 305
109 375
118 433
124 282
130 405
146 269
153 393
171 269
171 375
194 365
196 274
219 365
221 274
243 358
245 266
249 232
259 197
265 345
277 179
285 325
297 164
300 305
322 159
324 312
345 149
348 320
364 652
370 144
371 330
386 639
395 139
396 335
402 619
411 595
420 139
421 335
424 557
427 615
435 585
439 527
445 139
446 338
449 502
449 552
458 360
459 477
466 384
469 452
470 144
470 330
474 408
493 443
494 322
495 149
514 382
514 407
518 313
520 154
524 430
526 360
535 453
541 340
542 305
545 159
549 431
565 325
570 164
578 303
595 167
596 285
615 265
620 169
638 253
645 169
660 240
670 169
684 232
695 169
706 220
720 169
731 215
745 169
756 210
770 172
