14 77
29 57
36 89
44 37
44 192
44 222
49 111
54 142
54 167
54 245
61 269
62 19
76 289
87 14
91 309
106 329
112 19
119 507
126 345
132 34
137 489
143 514
146 360
150 52
155 77
155 102
159 477
166 375
168 520
170 122
184 474
189 385
192 134
193 518
204 442
209 400
217 134
217 509
220 462
232 484
235 435
240 144
245 410
263 154
270 410
288 160
295 410
312 169
320 410
334 181
345 410
354 196
369 402
372 214
394 226
394 397
412 244
419 392
425 266
442 285
443 400
458 420
460 303
473 440
475 323
495 338
497 449
515 353
522 455
533 371
547 454
551 389
555 414
