79 502
84 527
94 482
102 545
114 467
124 587
127 550
138 474
146 599
161 484
170 607
174 462
184 432
194 397
194 600
204 372
210 495
210 520
213 583
214 332
215 545
220 465
224 307
225 440
234 267
235 410
240 385
244 242
250 360
254 202
255 335
264 177
265 305
270 280
274 142
280 250
284 117
285 225
295 185
309 114
310 165
334 119
335 160
359 124
360 160
374 67
379 92
384 126
385 160
389 47
407 29
410 160
432 24
435 160
457 24
460 162
475 42
485 65
485 165
508 175
510 69
531 165
533 80
545 102
546 145
