284 307
284 332
284 357
284 382
284 407
284 432
289 277
289 457
294 47
294 72
294 97
294 122
294 147
294 172
294 197
294 222
294 247
294 482
299 507
299 532
304 557
304 582
304 607
309 632
309 657
312 29
314 682
319 707
324 732
329 757
337 24
351 770
360 34
360 59
370 82
376 770
378 106
385 130
395 153
400 178
401 765
405 203
414 227
426 249
426 760
438 271
445 295
451 755
452 319
460 343
469 367
475 392
476 750
480 417
485 442
485 467
490 492
498 516
500 541
500 566
501 745
505 591
505 616
508 641
510 666
510 691
510 716
