264 292
264 317
264 342
269 262
269 367
269 392
269 417
269 442
269 467
269 492
269 517
269 542
269 567
269 607
269 642
274 667
274 692
274 717
274 742
281 240
284 765
294 212
309 770
312 194
327 174
334 775
347 159
349 62
349 87
349 112
359 775
373 54
384 775
398 54
409 775
423 54
434 775
448 54
459 775
470 66
470 91
470 116
470 141
477 165
484 772
494 184
509 772
510 204
525 224
534 770
538 246
545 270
545 295
545 320
550 350
555 380
555 405
555 475
555 745
560 430
560 500
560 525
560 550
560 575
560 600
560 625
560 650
560 675
560 700
