324 347
324 372
324 397
324 422
324 447
324 472
324 497
324 522
324 552
324 577
324 602
324 627
324 652
324 677
324 702
324 727
324 752
334 775
336 325
345 301
357 785
360 281
372 259
374 217
379 67
379 92
379 117
379 142
379 167
379 192
382 790
403 59
407 790
428 59
432 790
450 100
450 125
450 150
450 175
450 200
450 225
451 69
452 250
457 785
460 274
475 294
479 772
488 316
491 750
495 590
495 705
497 340
500 365
500 390
500 415
500 440
500 465
500 490
500 515
500 540
500 565
500 615
500 640
500 665
