49 102
49 127
69 142
73 94
93 150
95 81
115 66
117 159
135 51
139 171
160 52
161 183
183 195
184 59
206 205
209 59
220 82
224 377
226 220
239 99
239 357
247 234
249 380
251 335
259 287
264 99
264 262
264 400
265 356
275 325
284 282
284 415
289 104
298 393
305 340
305 365
314 104
315 305
325 275
335 245
339 104
360 245
364 104
385 240
389 104
410 235
414 104
433 225
439 104
449 245
449 357
454 270
459 295
459 320
464 104
471 370
483 348
485 300
489 109
490 250
490 275
509 292
512 119
519 315
519 377
524 340
529 400
530 137
530 162
530 210
530 235
540 258
545 283
545 308
550 333
550 358
550 383
