94 137
109 112
109 157
124 92
127 175
146 80
149 647
151 183
159 217
161 669
164 242
169 267
169 292
169 317
171 75
171 634
174 193
179 347
184 47
184 170
184 680
189 377
192 619
202 29
207 599
207 669
213 385
219 577
227 24
232 669
233 400
234 557
244 522
244 647
252 24
253 623
254 492
255 595
258 405
265 570
266 470
275 34
280 417
280 550
281 450
285 195
288 56
290 240
295 155
295 530
300 78
300 115
308 508
311 254
320 480
327 525
336 255
339 547
349 570
354 597
356 240
359 622
365 440
365 465
371 220
375 488
378 605
380 513
380 538
380 563
386 200
390 440
400 617
404 520
406 185
411 495
415 440
415 595
426 170
426 475
428 573
435 540
445 187
450 515
455 485
469 179
470 455
489 472
494 184
494 642
499 495
504 520
504 665
514 627
515 543
517 194
524 567
529 670
530 425
530 465
534 590
535 212
535 490
538 619
539 237
545 405
548 261
552 509
554 670
555 545
560 283
562 569
564 387
565 610
570 306
570 490
575 633
584 327
590 410
590 475
595 350
600 375
600 433
