39 152
39 177
49 127
61 190
71 115
84 92
84 200
99 72
107 189
109 47
109 232
109 257
114 282
124 305
127 29
129 330
136 354
152 24
154 372
166 394
177 29
180 100
181 414
182 125
190 51
190 76
190 149
200 172
201 430
215 192
226 435
234 567
237 204
249 445
249 547
254 470
254 495
254 582
259 520
262 209
278 590
284 197
294 122
300 490
300 520
300 565
302 179
304 97
305 430
305 455
309 142
315 400
319 77
340 395
341 65
365 395
366 59
390 395
391 64
406 84
414 402
419 427
419 552
429 450
431 85
437 534
437 570
439 473
444 498
451 70
462 574
476 65
487 570
500 165
501 64
505 190
507 554
510 425
510 465
510 490
510 515
520 81
520 400
522 209
525 165
530 105
530 355
533 435
535 130
537 229
540 320
544 382
550 251
555 447
560 274
560 402
565 299
568 373
570 335
