44 97
44 122
59 77
59 142
81 64
83 150
99 277
99 307
104 52
104 247
104 332
108 150
114 217
114 355
124 194
124 572
128 45
128 165
129 375
134 447
134 542
139 472
139 517
144 395
144 420
146 585
153 44
171 585
178 45
196 590
203 39
221 590
225 160
228 34
230 115
230 500
230 525
230 555
235 183
240 90
240 420
240 445
243 478
250 156
251 44
259 72
259 132
260 405
269 102
284 82
285 400
304 67
310 397
329 64
334 390
352 74
359 387
359 547
365 96
369 522
370 121
374 407
374 442
374 467
374 492
374 567
380 144
395 116
398 560
404 87
422 69
423 560
430 475
430 500
430 525
440 400
443 453
447 69
447 424
459 547
469 436
469 522
470 79
474 461
474 486
481 560
489 96
500 119
506 560
510 340
513 141
515 365
520 300
520 440
520 465
520 495
520 525
525 163
525 388
530 413
533 278
534 187
539 317
539 357
545 210
550 235
555 265
555 290
555 410
561 329
565 354
578 376
