29 112
44 87
49 127
64 72
71 115
87 135
89 74
89 247
99 157
99 182
99 207
107 265
112 84
120 221
125 190
132 99
148 178
152 114
173 175
177 114
198 175
202 114
220 187
224 212
224 237
227 114
234 260
252 114
255 215
255 240
265 136
279 222
289 144
289 245
300 268
314 107
314 132
325 272
332 89
339 42
344 67
350 275
361 29
375 265
380 170
381 44
382 195
385 220
390 68
399 92
403 180
405 117
409 142
419 200
429 232
433 149
451 130
451 244
471 114
476 245
479 82
499 255
501 69
510 278
525 80
534 285
535 103
559 290
560 104
575 155
580 119
584 290
598 165
605 275
613 185
620 245
625 207
