24 332
29 307
34 355
39 282
49 237
54 262
59 360
76 249
84 360
86 225
104 517
105 242
109 365
123 260
124 502
126 530
129 380
146 399
148 264
148 494
151 530
159 467
164 417
169 442
173 264
175 515
190 495
198 265
205 465
214 517
218 443
222 274
232 535
236 505
243 440
247 269
254 463
257 535
272 264
282 529
297 259
297 509
300 460
305 435
321 250
325 420
339 517
346 244
350 415
357 535
361 504
371 244
375 415
382 535
384 492
389 436
394 461
396 244
402 519
421 244
423 505
443 488
446 244
450 445
471 244
473 435
494 254
494 502
495 447
512 520
515 462
518 494
519 254
520 320
525 345
525 370
525 395
537 519
542 264
542 414
545 315
550 438
550 463
550 488
567 269
570 315
592 274
593 325
617 279
618 330
640 289
642 339
662 354
663 299
677 374
685 312
685 398
694 422
699 447
703 330
714 467
720 349
730 372
735 397
735 422
735 447
