24 132
24 157
29 72
29 182
34 97
39 205
49 228
53 80
54 262
64 285
74 94
75 308
90 328
99 94
99 537
105 348
117 555
119 522
124 89
124 365
129 392
129 472
129 497
134 417
139 442
142 550
144 72
160 92
160 117
160 142
160 530
175 510
178 160
190 460
200 430
200 483
200 508
203 155
215 400
226 145
228 378
249 134
250 365
274 134
274 372
298 380
299 139
322 389
324 139
339 507
342 404
349 144
360 422
361 494
361 520
374 149
377 474
378 440
386 515
398 493
399 154
409 525
413 473
423 450
424 159
434 525
444 137
450 505
459 112
460 360
460 475
462 385
470 190
470 409
470 434
475 330
479 97
480 213
485 170
485 238
485 305
490 263
494 77
500 150
513 128
516 65
528 108
541 64
553 110
554 177
564 133
566 69
578 185
584 87
595 160
596 109
600 134
