24 257
29 282
39 237
51 294
57 219
59 192
76 300
83 199
95 317
105 212
113 335
119 462
125 227
131 353
137 444
141 475
144 417
147 239
149 371
154 502
161 460
172 244
172 484
173 438
178 510
180 410
197 249
200 495
210 470
220 430
222 249
230 400
247 244
255 395
272 244
280 390
297 244
305 390
322 244
324 462
330 390
336 484
347 239
348 454
355 385
360 476
363 434
372 239
372 404
378 458
389 502
393 438
397 234
408 418
411 489
411 515
422 234
424 467
432 425
433 503
447 239
448 483
460 460
469 251
475 375
475 400
475 430
485 350
491 264
495 325
510 305
516 265
530 290
536 250
553 278
556 235
571 260
574 217
589 197
589 242
604 152
604 177
604 222
616 200
622 134
