64 187
74 137
74 162
74 210
84 72
94 117
96 223
99 92
114 67
121 225
136 79
146 225
156 94
169 235
179 104
184 255
194 278
200 118
209 298
209 452
220 133
221 430
222 320
231 344
233 460
240 148
244 366
244 391
244 416
258 453
259 478
263 159
270 405
270 430
272 500
280 375
282 460
288 165
297 494
310 460
313 169
325 410
325 435
338 164
338 388
345 345
360 320
363 164
385 320
388 164
410 315
413 164
435 315
438 159
449 402
460 315
461 424
463 159
474 397
477 334
488 154
489 356
498 404
499 432
513 154
515 380
517 450
523 409
538 159
539 437
557 419
563 164
569 397
570 330
570 355
580 183
580 290
590 260
600 198
604 281
612 220
616 303
620 244
629 276
629 325
651 338
