24 267
24 292
29 317
39 227
47 335
64 227
72 339
89 229
97 340
114 234
117 355
129 507
132 375
139 239
151 494
152 390
164 239
164 462
165 515
167 410
169 435
185 500
189 239
198 478
213 458
214 239
237 465
239 239
245 425
252 485
259 446
264 234
265 410
279 472
289 229
290 405
297 490
303 464
314 224
315 405
322 484
323 449
336 419
339 224
344 472
364 229
366 460
384 442
389 234
403 425
414 239
428 420
437 249
453 425
460 259
464 492
476 435
480 274
482 474
486 505
503 285
508 493
515 345
515 370
520 395
520 470
525 445
527 294
530 418
540 347
550 304
565 345
575 309
590 340
600 304
615 335
625 299
640 335
650 299
665 335
675 296
688 323
697 284
