24 262
29 287
39 242
51 300
54 222
59 192
75 307
83 200
95 322
104 214
110 342
119 467
125 228
130 357
137 485
139 447
145 243
149 374
149 417
159 502
160 475
170 249
173 453
180 425
181 489
181 515
195 249
205 500
215 465
220 254
225 430
235 400
245 249
260 400
270 249
285 400
295 249
310 395
320 249
329 472
335 390
345 244
347 490
351 460
360 390
366 440
370 239
370 480
374 411
389 462
394 507
395 239
401 440
412 525
416 494
419 422
420 239
432 474
434 512
439 437
445 242
452 494
465 470
469 251
480 385
480 410
480 445
490 355
491 264
500 325
514 274
515 305
534 259
538 293
556 245
558 278
574 227
578 263
589 207
595 241
604 182
610 221
614 152
625 196
635 166
