24 252
29 277
44 227
53 285
59 192
75 297
83 199
93 315
105 212
111 333
114 452
125 227
131 348
134 437
136 465
144 402
147 239
149 366
154 487
158 453
167 429
172 244
175 472
176 500
179 407
184 448
197 244
197 484
206 460
215 425
222 244
225 390
247 244
250 385
272 244
275 385
297 244
300 380
319 452
322 239
325 380
337 470
341 440
347 234
350 375
356 420
359 458
364 396
372 234
377 439
379 492
392 419
397 229
401 479
401 505
409 400
417 459
422 234
423 493
424 420
438 473
445 244
450 445
460 375
460 400
465 425
468 255
470 350
480 320
492 264
495 300
514 252
515 285
534 237
538 273
554 217
556 255
569 197
574 237
584 177
589 217
594 137
609 177
