24 137
24 162
34 185
46 124
57 195
69 114
69 562
79 257
79 282
79 307
79 332
80 205
81 584
89 229
89 355
89 547
94 109
99 378
106 585
109 82
109 527
115 398
119 497
129 467
129 575
134 86
134 415
134 440
144 555
151 588
155 71
158 533
167 565
173 600
180 67
180 92
185 117
198 600
200 137
200 162
200 187
200 212
215 580
220 227
225 470
225 495
225 520
225 545
238 448
244 219
260 435
269 214
285 435
294 214
310 435
317 204
335 430
342 199
360 430
367 194
384 422
392 194
406 410
417 199
419 432
429 602
431 454
442 204
447 584
447 620
449 472
467 209
467 490
471 575
472 620
479 517
479 542
492 214
497 620
512 229
515 595
525 470
530 280
530 495
530 545
530 570
534 102
535 305
535 520
537 224
540 330
545 355
550 265
550 380
550 405
552 120
553 580
554 552
555 497
560 214
564 527
566 99
567 424
573 255
576 128
578 580
579 197
585 442
591 104
596 143
598 250
601 185
603 460
603 578
605 485
615 112
615 508
615 533
620 230
637 124
643 218
652 144
661 200
664 166
