154 112
166 134
169 407
172 94
186 150
187 425
191 394
196 85
199 172
204 197
209 222
209 247
209 272
211 65
212 430
214 382
224 292
226 360
231 50
234 315
235 420
246 30
255 395
271 34
274 377
291 49
292 359
300 73
315 93
317 364
332 384
333 111
339 432
349 403
351 129
354 537
364 435
369 557
373 141
378 529
379 587
389 435
394 560
394 607
397 149
403 524
414 440
415 167
415 546
415 574
419 610
420 192
423 509
435 212
436 560
437 450
437 534
439 475
440 595
453 230
465 590
470 249
484 572
490 264
499 552
510 279
514 532
523 508
533 289
538 488
555 302
556 470
576 455
577 314
596 440
597 329
616 425
617 344
631 405
635 362
