24 117
36 95
42 135
44 47
66 34
67 130
89 24
92 125
112 34
117 125
136 25
139 137
151 159
159 183
161 24
164 208
169 233
179 256
186 24
196 275
211 24
219 285
229 357
236 29
236 304
239 329
253 365
260 290
261 34
274 342
279 307
286 34
290 270
299 342
304 311
309 252
311 34
333 245
336 34
358 245
361 34
383 250
386 34
405 262
411 34
429 252
436 34
453 243
461 34
474 342
478 240
486 34
489 322
493 260
494 285
496 355
511 34
513 313
519 287
529 362
536 34
544 290
544 337
553 370
561 34
565 250
565 310
570 225
570 285
585 205
586 34
589 242
593 295
600 175
605 51
605 140
605 262
610 76
610 101
