24 277
34 222
34 247
39 297
39 347
44 197
49 370
59 177
61 310
74 364
77 159
86 315
97 144
97 374
109 352
111 315
120 134
131 365
134 325
143 124
156 360
166 114
181 360
189 57
191 114
206 360
209 37
213 65
216 114
228 85
231 360
233 29
255 80
256 360
258 24
265 335
268 58
272 99
281 34
288 325
297 104
313 323
322 104
338 318
346 95
360 116
360 155
363 315
384 164
385 119
388 310
395 245
398 143
412 264
413 303
418 159
418 235
440 220
443 159
464 212
468 159
488 205
493 159
510 190
518 159
535 187
542 149
557 175
567 144
