24 227
24 272
34 202
39 292
44 332
46 180
61 160
62 350
63 300
76 140
84 337
88 300
96 125
102 355
113 300
120 116
122 339
138 300
143 325
145 114
163 340
170 114
188 335
195 114
204 37
213 335
220 114
224 52
226 25
229 77
238 330
244 97
251 29
255 70
263 330
266 109
275 36
280 300
289 97
303 290
314 94
328 290
339 96
353 290
361 109
370 140
370 235
378 290
386 109
391 154
391 249
397 224
401 280
404 132
416 154
421 215
441 154
443 203
465 190
466 149
488 180
491 149
511 170
516 145
536 165
541 140
561 160
