29 287
29 312
29 377
34 257
39 227
47 395
49 197
51 325
53 370
64 177
72 400
76 328
80 376
82 159
97 400
101 330
102 144
105 376
122 400
124 132
124 340
130 371
146 120
147 400
171 114
172 395
196 114
197 389
204 47
221 110
222 384
226 60
232 85
235 36
246 375
255 51
262 75
267 29
270 99
270 335
270 360
295 99
295 330
320 104
320 330
345 104
345 330
360 165
365 119
370 330
377 184
383 155
390 117
395 325
401 175
405 255
406 145
418 315
422 274
426 175
430 250
437 294
451 170
454 242
474 227
475 162
496 215
500 164
516 200
525 164
541 200
550 164
570 180
