24 147
24 172
29 197
39 220
46 134
59 235
71 139
84 235
96 144
104 250
115 161
119 270
120 186
125 211
129 317
134 290
145 227
147 335
149 360
164 422
165 242
166 379
182 440
190 244
204 147
204 172
205 450
215 239
216 194
222 129
229 217
230 455
244 141
255 460
264 156
265 181
279 202
280 465
301 214
305 470
326 210
330 470
339 82
344 107
349 197
351 60
355 470
356 129
366 40
367 179
374 147
380 470
381 20
405 27
405 470
415 135
420 47
422 159
430 115
430 183
430 470
432 69
448 201
455 465
470 213
480 460
495 206
505 455
514 152
517 194
530 450
532 134
547 114
555 200
555 445
565 223
569 126
570 175
579 437
580 243
590 390
591 415
605 244
605 370
610 335
629 237
633 323
638 298
644 182
647 219
650 275
656 160
665 255
676 144
685 240
701 139
708 230
726 134
730 215
735 158
740 183
