24 157
34 180
44 142
56 193
68 134
74 211
86 233
93 134
106 248
118 134
124 266
132 290
143 139
144 312
156 334
168 144
169 356
188 129
190 370
196 105
215 375
216 89
240 380
241 89
259 107
265 380
284 102
290 382
299 77
314 390
319 62
337 44
339 390
357 29
364 390
382 24
389 390
405 34
414 390
428 44
439 390
445 63
457 85
464 390
469 107
489 390
493 114
509 92
514 390
531 80
538 383
555 87
563 380
567 109
575 133
588 373
589 154
606 355
612 144
620 330
635 300
636 135
645 265
660 245
661 139
683 233
685 147
698 213
709 154
722 205
732 164
