19 372
24 397
34 352
44 329
44 412
69 329
69 407
92 319
93 400
108 420
117 314
132 334
133 425
134 227
139 252
139 277
149 207
150 352
154 297
157 434
172 339
173 199
174 312
181 443
195 212
197 334
199 461
204 310
211 483
219 221
230 280
235 241
235 490
244 152
249 72
249 112
249 177
249 511
254 202
254 289
267 54
269 262
269 526
272 220
284 546
287 244
290 44
296 568
308 230
310 59
320 575
333 69
345 575
350 88
370 570
373 99
385 190
387 120
395 565
398 168
399 142
412 114
414 77
418 555
421 158
429 57
429 182
441 545
451 170
453 49
465 535
476 59
488 81
488 523
500 150
507 174
510 93
510 510
515 125
532 169
533 498
550 151
553 483
554 117
572 99
575 470
584 77
598 458
602 59
618 443
620 215
624 47
625 185
625 240
630 295
635 105
635 320
636 425
637 345
638 163
639 261
640 130
645 369
649 49
650 394
660 105
665 69
