24 137
24 162
29 187
34 212
42 119
54 227
67 114
76 239
90 124
94 257
109 277
113 135
129 292
130 154
140 177
140 202
147 310
148 226
152 335
154 360
164 383
172 219
186 395
194 157
195 209
199 182
204 132
210 402
226 119
235 405
250 127
260 405
270 142
270 167
282 189
285 405
307 184
310 405
319 87
324 112
329 62
332 184
335 405
336 134
347 44
349 156
360 405
367 29
385 405
392 24
410 405
412 39
415 160
422 184
425 135
430 57
435 82
435 107
435 405
447 179
460 405
472 184
485 405
489 157
504 137
510 405
524 122
535 405
549 119
560 200
560 400
565 139
565 164
583 390
584 209
597 369
600 229
600 340
613 318
624 212
625 295
629 167
647 149
648 283
666 265
669 137
686 250
693 129
711 245
718 124
729 227
738 140
740 165
740 190
