24 167
24 192
29 217
36 145
51 230
61 139
74 240
86 144
96 253
111 149
116 268
124 112
131 288
136 90
139 312
151 334
160 81
164 356
169 381
184 89
186 400
209 94
211 405
226 75
236 410
241 55
261 410
264 42
286 410
289 46
305 66
311 410
315 89
315 114
315 139
320 164
334 67
336 410
339 121
345 161
349 42
361 410
369 27
386 410
394 24
410 44
411 410
415 145
425 64
425 120
429 166
430 89
436 410
448 149
449 106
451 75
461 410
464 52
486 39
486 405
510 155
511 34
511 400
517 179
525 55
525 135
535 78
535 103
536 400
542 174
551 150
554 120
561 400
568 99
585 390
590 86
595 360
608 338
614 79
615 295
628 273
639 84
648 258
650 107
665 127
668 243
690 129
690 230
713 220
715 129
730 200
735 144
735 170
