234 262
234 287
234 312
239 337
244 362
249 242
249 387
259 410
262 435
264 460
269 485
274 241
274 510
279 535
279 560
279 585
280 266
280 291
280 316
284 610
289 697
290 339
294 633
299 658
300 362
312 384
313 705
314 282
314 307
319 157
319 182
319 207
319 232
319 257
319 332
337 139
338 710
362 144
363 710
365 169
365 220
365 245
370 194
370 270
375 295
385 318
388 715
395 341
409 252
409 277
409 302
413 715
419 222
429 147
429 172
429 197
434 122
438 720
454 107
463 720
470 250
470 275
470 300
470 325
475 215
479 111
485 160
485 185
488 725
490 134
494 282
499 247
505 705
509 212
514 162
514 187
525 690
529 142
545 365
545 390
545 675
550 335
550 415
550 440
554 146
555 270
555 295
555 465
555 490
560 171
560 220
560 245
560 655
575 630
579 482
590 610
594 447
599 407
605 590
611 385
620 565
625 364
630 535
640 500
650 367
655 392
655 417
655 442
655 475
