159 287
164 312
164 337
169 362
174 257
174 387
179 412
189 435
192 460
194 485
198 265
199 510
199 535
199 560
204 585
205 289
205 314
209 610
210 339
214 635
215 364
219 660
219 747
225 387
229 683
229 717
234 307
234 332
239 272
239 357
240 407
244 247
244 750
254 212
264 187
269 750
282 169
294 745
295 275
295 300
300 220
300 245
300 325
302 350
304 181
319 201
319 745
329 167
344 147
344 745
362 129
365 280
365 305
369 745
370 255
370 330
375 230
380 147
380 185
380 353
394 745
399 327
404 257
404 282
409 232
414 202
419 177
419 745
433 723
439 162
448 703
459 177
460 360
460 385
465 295
465 320
465 410
467 435
470 200
470 225
470 250
470 460
470 485
470 680
477 509
485 660
495 486
498 638
504 447
509 417
513 618
514 382
525 595
532 364
538 573
543 548
550 515
555 490
557 369
565 393
565 418
565 465
