169 292
174 262
174 317
184 340
194 363
198 270
200 388
210 292
214 409
218 316
221 433
230 338
233 455
234 480
240 361
244 503
244 528
244 553
244 578
245 603
254 627
257 380
259 652
259 707
264 677
274 177
274 202
274 227
274 302
275 398
277 725
279 252
279 277
279 327
279 352
289 157
302 725
314 156
320 181
325 206
325 231
325 256
327 725
330 281
335 306
342 330
352 725
359 349
374 327
377 725
379 267
379 292
389 237
399 197
402 725
404 152
422 134
427 725
430 320
432 345
439 369
440 280
442 119
445 255
450 210
452 725
459 352
460 137
460 165
469 327
475 715
479 302
491 280
495 700
499 242
509 217
514 682
515 385
515 410
515 435
515 460
515 485
519 187
525 355
526 660
535 315
537 169
538 638
539 492
545 290
551 470
553 618
555 245
559 437
560 179
565 204
565 595
569 412
579 387
580 565
590 535
597 369
600 505
615 480
620 430
620 455
622 364
630 405
