134 277
139 302
144 327
146 255
149 352
159 375
169 398
171 254
175 423
180 278
184 447
190 301
194 470
194 495
195 326
199 520
199 545
204 570
205 349
211 594
214 619
214 702
215 372
219 644
226 680
233 390
236 715
239 297
244 322
244 367
249 242
249 267
254 207
259 167
261 715
277 149
286 715
297 134
300 230
300 255
300 280
300 305
305 158
307 329
310 183
311 715
324 262
324 287
329 232
334 202
336 720
339 157
344 127
359 107
361 720
380 300
382 325
384 111
385 205
385 230
385 255
386 720
390 160
395 134
404 307
409 267
411 720
419 222
424 182
429 152
433 708
449 137
450 685
460 360
460 385
465 325
465 410
465 435
467 155
470 215
470 240
470 265
470 290
470 460
470 485
470 660
475 179
485 640
494 432
495 615
504 402
510 595
514 372
523 573
529 347
535 510
535 535
545 480
553 339
555 455
560 400
560 425
570 358
