19 252
19 277
19 302
44 249
44 305
69 251
69 310
94 254
94 305
109 232
114 320
124 212
134 335
144 112
144 137
144 197
154 160
156 90
159 337
176 74
183 345
201 74
204 407
207 354
222 425
225 82
226 394
230 107
230 145
230 365
237 169
245 415
262 164
268 403
284 152
292 395
308 144
317 390
332 410
333 139
357 415
358 139
382 415
383 144
407 414
408 145
432 154
432 409
455 164
456 400
475 179
479 390
494 196
502 380
509 216
520 239
527 375
543 249
545 310
547 359
555 333
568 249
570 307
593 254
595 310
615 266
615 291
