94 87
109 107
112 69
132 54
134 110
139 287
139 312
144 337
151 265
152 39
154 360
154 402
154 427
159 105
159 452
159 477
164 242
164 502
172 24
176 220
184 110
184 617
185 196
189 505
189 642
190 410
190 435
190 480
197 24
197 174
201 129
206 604
211 654
213 420
219 502
222 24
229 477
229 525
229 592
231 438
235 645
240 255
245 34
247 574
248 623
249 510
250 220
260 195
263 603
264 264
265 556
268 45
274 515
275 165
278 583
283 65
285 135
289 259
290 89
293 563
308 543
314 254
320 470
320 495
320 520
339 249
339 452
344 647
349 677
354 472
362 629
364 251
366 494
371 689
379 602
384 512
388 259
389 577
392 674
394 535
405 620
407 645
411 269
418 598
420 440
425 570
430 463
431 284
435 488
435 513
435 538
440 425
451 299
463 415
471 314
488 415
491 329
513 410
516 334
538 403
541 334
560 390
565 326
580 375
587 314
599 357
602 294
608 333
609 267
