24 132
36 154
42 114
44 207
49 232
54 82
54 172
59 47
59 255
70 278
82 300
84 44
94 322
104 27
104 457
112 340
122 45
122 475
124 362
124 387
124 412
124 437
140 63
147 475
158 81
170 465
173 101
190 450
191 119
205 430
209 137
215 405
220 375
231 149
244 367
256 154
268 358
281 159
292 349
306 164
314 337
331 164
339 340
354 360
356 169
371 379
381 174
389 457
391 394
401 435
406 179
411 470
425 445
430 187
435 415
436 468
450 202
460 225
460 475
465 250
470 275
470 300
470 325
477 349
479 457
480 385
480 410
