29 207
34 232
47 189
56 245
64 157
76 135
81 250
99 122
106 245
123 114
130 252
139 276
144 301
144 326
144 351
144 376
146 124
152 400
159 627
161 424
164 449
164 474
168 136
169 499
169 524
169 549
169 574
169 599
177 645
188 151
192 624
204 602
205 170
209 643
222 189
222 665
235 211
244 652
250 545
250 600
250 625
252 230
255 570
260 490
260 515
272 245
275 470
296 254
298 460
320 262
323 455
345 264
348 450
370 264
373 445
395 269
398 438
420 274
420 425
445 269
445 427
469 435
470 264
494 435
495 264
505 458
518 254
520 478
524 37
524 62
529 87
529 222
532 500
534 112
534 137
539 162
539 187
544 522
549 36
550 270
552 295
557 60
559 542
560 245
562 85
564 567
564 622
569 592
570 215
570 313
574 645
575 107
575 190
580 165
580 336
585 130
585 361
590 386
597 410
598 638
600 435
600 580
600 605
610 458
619 482
619 652
623 595
629 620
631 504
637 670
645 525
650 550
652 575
660 599
660 624
660 660
