24 162
24 187
39 127
42 205
49 102
62 220
69 87
86 228
89 72
94 42
110 237
119 41
124 258
124 283
124 308
124 333
129 358
135 383
144 42
144 407
154 430
161 454
164 57
164 597
170 478
175 80
179 502
182 579
182 615
184 527
184 552
185 103
200 123
205 435
207 609
210 460
215 485
218 141
219 587
220 510
220 535
220 560
230 432
236 159
244 453
244 478
244 612
245 503
249 528
254 177
254 553
256 590
256 634
276 189
281 630
295 605
300 197
300 440
300 465
300 490
300 515
300 540
300 565
315 420
324 204
338 410
349 204
363 405
374 204
388 410
398 211
406 428
423 214
424 446
444 461
448 220
459 562
462 479
472 229
474 501
474 526
481 575
495 239
495 440
505 560
509 461
515 254
515 486
515 511
515 536
534 271
534 465
545 294
551 484
555 317
560 342
570 365
574 495
577 389
590 411
596 508
597 435
604 582
608 530
612 455
614 555
622 600
632 470
645 492
645 517
645 542
645 590
