24 152
34 175
44 137
54 190
59 107
74 87
79 185
98 79
102 195
104 220
109 245
116 269
119 294
119 319
123 79
124 344
129 369
136 393
139 587
144 417
144 442
148 84
149 467
154 492
154 557
157 605
159 517
171 94
180 135
180 615
190 158
200 181
205 610
217 200
220 575
225 550
230 415
230 440
230 465
230 490
230 515
239 212
253 405
264 216
278 398
288 224
302 389
313 229
326 380
338 229
351 375
363 234
374 365
388 234
397 355
413 239
422 359
437 379
438 239
452 399
463 244
464 421
482 439
488 249
502 455
513 244
522 470
525 280
535 303
538 239
542 485
545 265
545 326
550 351
554 582
555 376
559 504
563 234
564 529
565 399
569 554
576 595
577 255
578 421
588 229
593 441
595 525
595 575
600 550
600 602
602 250
608 461
612 219
618 620
626 479
632 204
635 230
635 503
640 528
640 553
640 605
645 578
647 184
659 162
