24 197
34 220
44 177
54 235
56 155
69 132
79 237
94 129
103 245
104 317
104 342
109 270
119 129
122 360
139 507
140 378
142 139
154 399
157 525
159 424
159 449
159 487
162 154
177 174
177 540
189 196
202 540
207 214
220 520
232 219
235 490
240 440
240 465
250 405
257 224
273 393
282 224
297 385
307 224
322 380
332 224
347 375
357 219
371 368
382 219
389 386
404 406
407 224
425 420
432 229
444 487
448 430
454 241
454 455
456 509
474 256
479 527
480 500
494 271
503 535
514 286
515 405
520 380
520 430
523 518
525 455
525 480
536 299
545 380
559 309
570 380
584 314
595 375
609 314
618 363
634 309
638 348
