24 117
24 142
36 164
48 109
60 172
70 96
85 175
94 89
109 182
119 89
119 205
126 229
134 253
139 278
142 99
144 303
149 562
150 328
159 352
160 117
164 582
169 542
174 372
175 137
179 397
179 422
179 492
179 517
184 447
188 590
193 155
208 175
213 583
225 194
225 550
240 485
240 520
245 440
249 201
250 395
270 380
273 210
295 375
297 219
319 367
322 224
344 362
347 229
369 360
372 229
394 360
397 234
414 375
422 234
429 395
445 244
446 414
461 434
469 251
484 445
494 254
504 460
519 254
520 285
526 473
534 306
534 557
539 495
539 520
540 331
540 356
544 254
545 381
552 405
556 570
558 275
565 485
567 425
570 510
572 254
575 535
585 443
589 577
592 270
594 517
596 245
599 542
605 458
611 590
615 481
616 260
620 506
625 531
625 556
629 237
647 255
