24 137
34 160
39 117
51 179
59 102
69 77
76 180
87 59
101 175
112 54
114 197
114 222
114 247
114 272
114 297
114 607
119 322
129 345
134 370
136 595
136 620
137 54
139 395
139 420
144 445
144 482
149 507
149 532
149 557
160 64
161 625
184 71
186 625
199 91
200 145
207 169
210 114
210 595
222 189
225 520
225 545
225 575
230 445
230 470
230 495
242 204
245 425
264 216
268 415
288 224
293 408
313 229
317 399
338 235
341 390
363 239
364 380
388 244
389 375
413 244
414 380
429 400
438 249
439 423
452 445
463 250
467 465
485 483
488 255
504 500
509 607
513 254
521 519
525 276
527 625
529 543
530 465
531 235
531 595
534 568
539 297
544 486
551 319
552 624
555 227
559 506
560 595
565 340
565 365
565 531
565 565
570 390
580 413
584 500
592 435
600 459
601 519
604 627
615 479
616 539
624 607
625 563
626 640
635 494
650 514
650 539
651 640
655 564
660 589
665 614
