24 177
34 200
46 164
56 213
66 149
80 220
84 127
102 109
105 220
114 67
126 45
128 230
143 250
149 275
150 52
154 300
154 352
159 325
164 375
169 400
169 617
174 37
179 423
179 448
184 473
184 597
187 635
190 498
194 523
194 548
194 573
195 51
205 74
205 99
205 124
212 634
215 147
224 612
227 169
230 580
235 515
235 540
239 632
240 191
246 600
254 557
257 210
261 645
275 228
284 635
290 465
290 600
295 490
295 515
297 540
300 234
300 565
305 445
325 239
325 430
350 244
350 425
373 413
375 244
395 400
400 244
418 390
425 244
429 413
435 438
444 462
450 247
456 484
471 504
475 249
479 587
480 528
484 553
484 612
500 254
500 450
507 474
509 615
515 498
515 523
520 548
520 585
523 265
525 447
543 280
543 465
561 483
563 295
575 317
579 501
585 340
594 521
595 363
599 546
600 388
604 587
605 413
609 612
610 438
610 463
615 488
627 630
630 508
635 533
645 556
647 614
650 581
