49 212
49 237
59 260
61 190
74 162
82 270
84 107
84 132
99 87
105 255
119 72
125 240
143 64
145 225
167 54
170 227
185 95
190 242
192 49
202 114
208 85
212 255
217 49
222 129
230 273
231 75
242 49
245 139
250 288
265 308
268 149
269 512
274 332
279 357
279 482
284 382
284 407
284 432
284 457
287 530
293 154
307 514
310 480
311 539
315 395
315 420
315 445
318 159
336 540
343 164
360 365
360 390
360 415
360 440
360 465
360 490
360 515
368 170
370 335
393 174
395 330
418 174
419 322
439 337
443 174
449 472
454 357
459 447
468 169
469 377
469 402
474 475
488 453
493 174
495 395
495 420
497 485
518 180
522 480
530 315
530 445
532 340
535 199
535 415
540 290
540 364
540 389
545 222
550 247
