74 467
92 485
94 452
117 490
118 444
124 247
136 225
142 265
142 485
143 439
151 205
157 245
164 182
166 429
167 479
176 160
177 229
187 414
191 140
191 470
192 209
205 396
210 190
211 125
213 458
224 377
233 443
234 114
235 187
242 359
244 211
253 428
254 234
257 339
259 62
259 107
261 258
269 282
269 312
271 40
271 410
289 392
291 25
309 377
316 24
331 44
333 370
340 85
355 382
357 104
365 255
365 280
367 305
370 225
375 190
375 397
382 109
382 325
394 172
395 412
400 343
407 114
415 427
416 184
418 361
427 129
434 202
435 442
436 379
442 149
449 463
452 220
455 396
460 167
462 485
470 238
472 415
474 507
475 187
479 532
487 435
489 555
490 207
492 250
500 457
504 575
505 227
510 480
515 505
520 530
520 555
