99 277
111 255
123 284
126 235
140 265
141 215
149 542
149 567
156 195
160 250
161 520
169 172
174 492
174 570
179 232
184 467
189 157
190 550
197 214
199 442
205 525
211 145
211 420
220 505
221 223
224 392
229 247
235 480
236 144
236 370
239 270
244 295
245 346
249 97
249 320
250 460
254 122
261 75
263 438
275 415
279 57
295 400
304 56
315 415
322 74
330 120
332 434
335 145
340 310
340 335
347 454
350 265
350 358
355 240
360 149
360 205
360 381
362 474
374 402
380 492
385 154
385 205
389 422
395 512
404 171
404 442
406 219
413 530
419 462
422 189
428 550
429 230
431 484
440 207
445 505
448 565
459 526
470 549
471 575
