109 547
121 525
134 277
134 550
136 505
146 255
154 487
154 535
158 284
161 235
172 469
174 520
175 265
176 215
190 451
191 195
193 503
195 250
204 172
209 432
213 488
214 232
224 157
227 414
231 470
232 214
245 396
246 145
251 455
257 219
264 243
264 377
269 437
270 268
271 144
279 292
279 357
284 92
284 317
289 117
289 422
299 72
309 407
317 54
333 400
342 59
355 412
360 77
365 120
375 143
375 310
375 335
375 427
385 265
385 358
390 240
393 445
400 144
400 210
403 376
413 460
418 396
424 151
425 215
431 478
436 414
442 234
444 166
446 498
455 431
458 520
459 186
460 252
469 543
470 451
474 206
474 568
475 272
479 593
485 471
489 226
489 616
493 290
495 494
504 246
508 516
512 604
515 540
515 565
516 300
519 266
