69 542
87 524
87 560
99 252
99 372
99 397
99 457
99 482
104 182
104 277
104 322
104 347
104 422
109 157
109 207
112 554
124 532
127 139
133 508
142 484
150 450
152 134
155 395
155 420
175 380
177 129
190 360
202 129
213 350
219 375
224 400
224 532
227 124
231 424
239 448
239 507
244 473
247 109
248 540
272 104
273 543
295 390
297 104
298 540
300 415
300 440
300 465
300 490
305 515
318 380
322 109
323 429
323 545
347 104
348 545
372 104
373 545
380 445
380 470
382 495
385 405
385 520
397 104
399 426
404 452
405 535
422 109
430 535
445 119
455 430
455 465
455 490
455 515
462 539
468 129
470 410
478 504
479 437
479 472
487 545
493 135
512 545
517 144
530 475
530 500
530 525
535 450
537 159
545 425
552 179
555 400
565 375
567 199
580 340
580 402
582 219
584 427
590 243
590 268
590 293
594 450
