9 352
27 334
39 247
39 272
39 297
44 217
47 349
51 374
54 182
64 152
64 396
76 130
80 290
80 315
80 340
80 365
82 414
89 107
95 270
104 374
107 89
107 414
118 258
132 84
138 243
157 89
163 240
181 258
182 94
189 282
194 307
199 332
199 477
204 357
207 94
209 382
214 407
217 459
219 432
223 485
232 89
248 485
257 89
265 405
270 430
271 475
282 84
291 444
307 84
309 462
310 320
315 345
320 370
320 395
330 418
332 84
334 462
335 325
349 442
357 84
360 330
364 462
374 427
382 84
384 392
385 325
388 470
389 362
407 89
413 475
427 454
430 99
435 400
435 425
438 480
454 106
463 485
478 115
488 485
498 130
505 355
505 380
505 405
505 440
505 465
518 145
518 333
525 300
535 164
541 343
544 368
545 187
545 315
549 212
550 237
550 262
550 287
