154 67
154 92
154 117
159 142
164 167
164 207
166 45
169 232
181 25
187 250
190 70
190 95
192 120
199 272
204 142
206 19
214 632
214 657
221 284
223 125
224 37
229 602
230 149
232 675
234 567
235 60
239 302
239 542
240 85
249 325
249 502
255 146
257 675
259 462
264 392
264 417
266 344
280 141
280 665
285 610
290 635
295 575
299 682
304 656
305 139
309 596
314 621
317 700
329 146
342 700
349 161
365 500
365 525
365 550
367 699
370 575
370 605
370 630
371 174
377 654
388 515
394 184
394 567
394 592
400 665
404 535
413 201
415 230
425 665
432 249
445 620
445 645
455 575
457 249
480 577
482 254
494 642
494 667
500 272
500 592
506 620
516 680
518 290
525 485
532 509
533 310
540 533
541 685
545 332
545 470
552 555
553 356
555 381
555 406
555 431
560 495
564 675
565 520
565 577
565 602
569 627
