14 362
29 342
39 432
44 322
59 302
61 420
61 445
68 329
71 280
71 354
74 397
79 247
84 162
84 187
84 212
85 427
89 372
99 137
100 400
115 370
121 124
128 348
142 109
150 335
164 97
165 310
174 342
179 367
189 94
189 390
194 462
199 413
209 436
214 89
216 475
239 84
241 475
255 375
255 400
260 425
260 450
262 94
274 116
279 407
283 460
296 129
303 475
321 129
325 380
325 405
328 475
332 429
346 129
348 370
371 124
373 370
396 124
397 379
399 457
405 403
409 480
414 427
421 129
434 480
443 141
457 490
463 156
481 174
482 490
499 192
500 320
500 345
500 370
507 489
510 290
510 393
510 418
514 212
520 441
524 327
525 235
525 372
525 466
535 258
545 281
548 318
