64 262
88 254
102 275
113 249
127 275
138 249
152 280
163 244
177 284
188 239
200 295
211 229
225 300
236 224
250 305
260 216
275 310
285 211
300 315
309 204
324 322
334 199
349 325
354 182
359 348
364 157
369 371
376 135
379 394
385 111
393 415
400 91
404 438
412 69
416 460
432 54
439 470
457 54
460 79
460 440
465 104
465 129
465 385
465 410
470 154
470 179
470 330
470 355
475 204
490 315
500 204
514 322
525 199
536 334
546 185
559 345
566 170
579 360
585 205
585 255
585 295
587 230
587 320
591 164
