149 192
164 172
164 292
164 317
174 195
176 270
184 497
186 159
186 329
189 247
189 522
194 467
199 190
204 227
204 357
204 382
207 314
207 540
209 147
209 407
209 447
219 336
222 519
225 295
229 132
240 500
247 114
254 521
262 545
270 104
274 567
293 94
294 582
316 84
318 590
341 79
343 595
366 79
368 595
389 89
391 585
413 96
413 573
428 553
435 108
440 525
445 255
450 280
450 500
455 123
460 303
463 478
468 245
472 325
472 454
473 141
480 425
484 347
488 161
490 186
490 372
490 397
493 250
508 204
517 259
530 217
541 268
550 232
563 280
568 250
