24 362
29 387
44 347
49 402
68 339
71 415
93 334
94 425
117 435
118 329
142 440
143 324
167 445
168 319
192 445
193 319
217 449
218 314
242 450
243 309
267 455
268 314
287 470
293 314
307 485
315 301
332 489
337 289
353 475
355 307
373 458
375 322
395 445
400 327
420 440
425 329
445 435
450 329
469 427
475 329
493 420
498 339
518 415
521 349
543 410
545 357
568 410
570 359
593 410
595 359
616 420
620 354
639 430
643 344
662 440
666 334
675 375
680 400
687 445
689 324
694 357
699 417
712 339
712 450
