24 147
24 172
24 197
29 222
34 122
49 102
51 235
74 106
76 230
96 119
101 225
118 131
126 220
140 143
151 215
165 149
176 215
189 142
195 232
201 120
209 253
221 104
225 273
240 86
244 290
260 71
261 309
279 52
279 327
297 34
299 342
319 357
322 29
341 369
347 29
366 370
372 24
391 370
397 24
416 365
422 29
441 360
447 29
466 355
470 39
491 350
495 44
511 335
518 55
531 320
542 64
556 315
567 69
578 303
592 74
600 290
615 84
623 280
635 99
645 265
650 119
660 142
664 247
675 162
680 225
690 182
