124 452
134 412
134 482
139 377
152 500
154 357
164 322
174 297
175 510
186 275
189 172
196 524
201 194
204 257
211 159
214 216
221 525
224 239
232 144
246 525
254 132
271 520
276 120
295 137
296 520
310 157
319 530
320 180
342 540
344 189
350 500
367 519
369 189
369 544
392 524
394 189
404 546
416 568
419 189
429 590
444 191
454 595
468 200
475 580
485 465
492 209
498 570
499 486
500 445
510 509
512 224
515 415
520 555
530 395
532 209
535 305
540 370
541 185
554 162
555 335
559 297
569 142
584 295
585 165
585 190
587 124
590 215
600 238
607 109
609 292
620 253
634 290
644 261
659 287
669 259
689 275
