29 502
39 527
51 490
54 547
59 452
66 510
76 535
81 440
101 535
104 422
124 525
126 409
144 510
145 391
167 379
167 500
190 369
192 495
211 355
217 489
235 346
241 480
259 332
264 470
279 282
283 324
287 460
297 264
309 447
322 259
329 432
345 269
349 417
362 249
371 405
377 229
389 202
394 415
404 177
409 435
419 152
419 458
420 345
430 368
435 478
439 137
440 330
445 388
447 500
457 119
460 315
465 404
472 499
474 92
475 295
485 419
490 475
494 77
494 277
504 436
506 255
509 57
511 460
520 220
533 198
534 57
538 173
554 42
555 150
570 120
578 49
580 85
600 70
