34 302
44 332
49 282
59 352
61 260
74 237
84 352
94 222
106 200
108 345
124 182
128 330
146 169
151 320
171 164
175 310
196 164
200 310
221 159
225 310
244 149
249 112
250 300
274 111
275 295
295 125
298 283
314 107
320 295
330 318
332 89
339 342
352 74
354 362
364 52
364 385
365 250
379 405
382 269
385 235
386 429
389 47
390 293
401 449
405 313
409 227
414 44
415 336
422 435
428 210
430 356
439 44
440 379
445 190
445 420
460 170
464 39
475 150
487 29
500 145
507 44
523 133
532 44
545 120
550 62
565 90
