34 472
39 442
39 502
57 484
59 427
61 514
64 460
81 415
86 518
99 397
110 510
121 385
135 510
141 370
158 500
166 364
180 485
189 347
205 480
211 335
230 475
234 317
254 302
255 470
264 242
264 267
275 455
289 239
295 440
312 249
315 425
330 231
335 405
352 219
354 387
359 412
359 437
364 197
364 462
384 172
386 475
399 152
409 127
410 325
411 475
424 107
430 310
436 470
444 87
447 329
453 300
456 455
464 67
470 280
472 329
474 437
482 49
485 260
492 419
497 334
505 240
505 395
507 44
510 370
515 195
530 54
530 170
545 150
553 44
555 80
558 128
570 100
