64 222
69 102
69 147
74 52
82 204
84 167
84 237
87 120
92 34
92 70
99 94
99 142
107 204
109 170
109 235
117 34
117 75
118 125
125 99
132 204
134 175
134 240
135 144
142 34
142 80
157 100
157 209
159 135
159 180
159 240
165 44
176 154
179 87
184 245
190 44
209 250
215 44
234 250
240 49
253 233
255 200
265 54
280 100
280 200
288 65
301 114
305 205
326 119
330 200
349 129
355 205
374 134
380 210
397 144
405 215
420 154
430 220
445 159
455 220
470 159
480 222
495 154
504 230
520 154
529 230
545 157
554 235
569 164
579 230
588 181
598 213
