14 227
19 22
24 152
29 97
34 42
36 214
36 240
46 165
51 110
52 24
58 50
61 214
61 240
65 89
66 149
71 174
76 113
77 29
85 53
86 214
90 91
90 157
100 180
100 235
101 115
102 34
114 212
115 94
116 55
120 164
125 122
125 240
134 185
136 39
139 214
143 104
150 60
150 128
150 240
154 169
164 39
164 216
168 109
168 190
174 135
175 62
175 240
179 160
190 205
193 114
194 87
195 47
195 180
210 133
215 101
220 52
220 175
225 77
235 134
245 180
258 144
270 182
283 149
294 190
308 155
319 195
332 164
344 200
357 169
369 205
382 169
392 215
407 169
416 223
432 169
440 230
457 169
465 235
482 174
490 235
507 179
515 240
530 189
540 235
550 204
