14 287
29 197
36 275
36 300
49 182
59 27
59 290
67 164
69 82
69 267
79 42
79 105
81 185
91 255
91 280
94 125
99 57
102 199
111 144
114 270
117 75
121 245
122 184
131 159
136 205
137 90
141 260
150 236
151 185
154 149
157 105
161 208
171 250
176 183
179 117
183 220
196 250
197 169
197 199
201 130
211 230
219 148
226 124
226 210
235 168
250 217
260 169
274 225
284 176
299 230
306 189
321 243
329 199
345 250
352 209
369 257
374 221
393 265
398 229
418 270
423 235
443 275
447 244
468 280
472 249
492 289
497 254
517 295
522 259
542 300
547 264
