114 272
129 292
132 254
147 310
149 227
152 269
167 209
167 245
169 322
172 284
186 263
187 340
189 182
189 221
190 302
204 281
207 164
207 200
207 239
207 355
212 314
224 132
225 182
225 218
225 373
226 293
227 254
232 329
239 152
244 199
244 235
245 272
247 385
248 125
257 170
264 255
265 213
267 284
267 400
268 140
275 188
285 159
285 228
285 375
295 203
304 357
305 174
307 240
324 372
325 189
342 390
345 204
345 300
362 319
362 405
364 221
364 282
379 262
380 337
380 423
399 354
402 435
420 368
422 450
440 383
440 468
458 401
459 485
476 419
481 498
494 437
499 516
516 449
517 534
534 467
537 549
554 482
555 567
573 499
579 557
593 515
