14 27
24 67
24 117
24 172
36 15
36 40
42 85
42 190
46 130
48 165
56 64
61 19
66 114
67 89
67 190
73 45
80 135
81 169
85 67
86 19
94 191
95 90
98 45
99 117
106 169
112 24
114 137
115 74
119 192
123 48
126 115
131 169
139 140
140 29
140 79
145 190
147 55
153 119
156 165
165 82
167 140
170 44
175 105
176 180
190 59
194 162
203 81
209 142
227 89
231 130
250 99
256 130
275 99
281 135
300 99
306 135
325 99
331 135
350 102
356 135
375 104
381 138
400 107
406 140
425 112
431 145
450 114
456 150
475 116
481 150
500 119
506 153
525 119
531 155
549 126
