24 27
24 52
24 77
24 102
29 127
39 482
44 147
49 24
61 470
66 160
74 24
81 485
84 457
86 175
99 24
106 485
108 449
109 185
124 24
131 439
131 485
132 195
149 24
154 427
156 485
157 200
169 407
174 24
174 367
179 327
181 208
181 485
184 292
189 262
194 230
199 24
206 485
224 24
231 485
249 24
256 485
274 24
280 210
281 485
290 233
295 258
299 24
300 283
303 198
305 308
306 485
310 333
320 356
323 381
324 24
325 185
328 406
331 485
348 421
349 24
349 177
356 485
368 436
369 162
374 24
381 485
387 144
388 451
399 24
402 124
406 485
410 47
410 72
410 97
430 477
