24 27
24 52
24 77
24 102
29 127
39 482
44 147
49 24
63 474
64 162
74 24
84 177
86 464
99 24
100 485
106 189
109 454
124 24
125 485
131 193
132 444
149 24
150 485
155 202
157 439
174 24
175 485
180 207
180 429
198 31
199 224
199 249
199 274
200 485
203 419
204 299
204 324
204 349
204 374
218 46
225 485
240 59
250 485
260 74
275 485
280 210
280 235
280 260
280 285
280 310
280 335
280 360
280 385
280 410
285 79
300 195
300 485
301 424
310 74
324 187
324 434
325 485
327 54
346 175
347 39
347 444
350 485
368 163
370 29
370 454
375 485
386 145
393 464
395 24
401 125
407 485
410 44
410 69
410 94
