24 27
24 52
24 77
29 102
34 437
39 125
49 24
56 424
59 140
74 24
79 155
79 435
93 414
99 24
102 165
107 435
118 409
124 24
126 173
132 435
142 399
149 24
151 175
157 435
167 394
174 24
174 185
182 435
192 389
199 24
199 190
207 435
216 380
219 205
219 230
224 24
224 255
224 280
224 305
229 330
229 355
232 435
249 24
257 435
274 24
282 435
299 24
307 435
310 190
310 215
310 240
310 265
310 290
310 315
310 340
310 365
324 24
327 384
332 435
334 182
349 24
352 389
356 170
357 435
374 24
375 399
380 160
382 435
399 24
400 404
404 152
407 435
422 134
423 414
424 24
437 435
442 119
449 26
454 97
455 51
460 424
