24 27
29 52
39 75
39 482
44 100
49 24
51 124
63 474
66 144
74 24
79 166
86 464
97 184
99 24
100 485
109 454
122 190
124 24
125 485
132 444
146 198
149 24
150 485
157 439
170 205
174 24
175 485
180 429
194 212
199 24
199 237
199 262
200 485
203 419
204 287
204 312
204 337
209 362
209 387
224 24
225 485
249 24
250 485
274 24
275 485
280 210
280 235
280 260
280 285
280 310
280 335
280 360
280 385
280 410
297 429
299 24
300 485
303 198
320 439
324 24
325 185
325 485
345 444
348 175
349 24
350 485
368 454
370 160
374 24
375 485
390 145
391 464
399 24
403 123
405 485
410 47
410 72
410 97
430 482
