24 27
24 52
24 77
24 102
29 127
44 147
44 482
49 24
64 162
66 470
74 29
84 177
86 485
91 460
97 39
106 189
111 485
115 451
120 49
131 193
136 485
139 442
145 52
155 202
161 485
164 437
169 61
180 207
186 485
188 429
194 66
199 224
199 249
199 274
204 299
204 324
204 349
204 374
209 399
211 485
219 69
236 485
244 64
261 485
269 59
280 215
280 240
280 265
280 290
280 315
280 340
280 365
280 390
280 415
286 485
292 49
300 200
301 429
311 485
315 39
320 185
326 434
336 485
340 34
344 177
349 444
361 485
365 29
366 165
372 454
384 147
386 485
390 24
400 120
406 469
409 41
410 66
410 91
426 485
