19 132
19 157
19 182
19 207
41 220
44 129
66 220
69 129
91 215
94 132
116 218
119 131
141 215
144 129
166 220
169 132
191 220
194 131
216 218
219 129
241 220
244 129
266 220
269 129
291 218
294 129
316 220
319 129
341 220
344 129
366 220
369 129
391 220
394 129
416 220
419 129
441 220
444 129
466 220
469 129
469 372
479 17
479 42
479 67
479 92
479 327
489 287
490 115
491 220
493 380
494 257
504 16
516 370
529 17
538 358
554 16
560 345
579 17
580 330
595 305
604 16
610 280
625 250
629 17
640 120
640 160
640 200
640 225
654 16
655 41
655 70
655 95
