99 182
99 207
99 232
99 257
99 282
99 307
99 332
99 357
123 365
124 184
141 383
148 191
149 407
167 425
173 194
185 443
198 189
204 460
221 179
226 473
246 174
246 488
268 500
271 169
290 512
296 169
310 430
310 527
320 453
321 169
330 415
330 542
340 468
346 169
348 560
355 410
358 486
363 580
371 164
376 504
380 415
388 526
388 573
394 152
400 210
405 415
416 140
420 195
427 219
430 415
435 345
441 134
445 190
445 275
452 214
455 420
456 359
464 124
468 178
469 284
477 209
477 345
480 425
485 369
489 119
489 267
493 173
502 209
502 345
505 425
508 284
510 374
514 119
515 260
517 165
527 204
527 345
530 430
533 284
535 133
535 374
540 260
552 199
552 344
555 430
558 284
560 374
565 255
577 199
577 345
580 430
583 284
585 374
590 255
602 199
602 345
604 422
608 284
608 385
613 243
620 217
627 344
633 289
647 329
