59 397
71 419
84 394
91 434
99 482
104 197
109 399
111 449
122 179
124 212
124 477
134 404
144 227
145 169
146 489
159 404
161 509
164 242
164 277
170 169
174 531
176 299
176 385
183 260
185 435
189 147
190 460
190 485
191 365
193 179
195 510
200 285
204 417
206 345
217 169
219 302
224 402
237 184
244 387
262 184
268 380
277 164
280 402
295 146
295 422
315 131
317 409
339 124
339 421
354 441
364 124
369 461
384 481
389 124
395 275
400 330
405 355
408 473
410 138
410 380
414 257
415 420
419 312
420 445
428 345
429 237
434 127
434 387
437 294
447 219
450 170
451 249
452 109
452 274
452 369
465 190
469 152
470 91
487 134
489 72
505 115
511 59
515 90
