139 392
149 415
154 367
164 435
166 345
170 390
179 322
180 366
180 413
198 348
201 309
204 507
209 117
219 527
222 340
226 309
226 495
227 99
227 135
243 518
246 480
247 84
247 345
251 304
252 139
259 452
261 500
265 66
269 422
272 345
274 287
275 475
277 134
281 400
285 51
286 265
288 453
290 376
299 232
302 135
303 433
304 187
304 597
309 42
309 159
314 620
315 410
327 24
328 589
330 385
339 615
340 46
353 589
355 66
355 387
364 612
370 86
375 402
376 579
380 109
393 420
396 595
397 564
399 126
405 151
408 176
413 435
414 542
419 585
420 198
424 517
435 218
436 445
436 495
439 707
442 575
449 467
450 238
457 554
457 725
459 692
460 261
469 532
474 282
477 674
477 710
489 517
489 647
493 299
494 542
494 567
494 617
495 692
499 592
510 661
513 315
522 639
534 617
535 327
535 560
537 585
537 659
545 535
557 339
559 567
560 515
562 659
571 545
577 354
579 497
580 640
584 522
592 374
595 620
597 479
605 595
610 392
612 459
615 570
625 412
630 550
647 424
649 532
664 512
665 442
675 465
