24 52
24 372
29 77
29 397
34 102
39 352
39 420
44 322
46 124
46 444
48 44
55 372
59 302
59 397
64 472
65 345
65 425
69 135
70 31
82 454
82 490
83 294
84 155
85 330
91 179
94 24
104 437
105 480
106 284
108 320
109 197
114 222
114 247
114 407
119 24
119 377
125 465
129 337
135 421
144 24
147 399
155 375
165 350
168 31
175 320
190 44
198 308
210 59
223 305
225 79
238 101
248 310
250 123
273 134
273 315
298 139
298 315
318 154
323 315
329 452
339 422
339 475
343 154
346 305
357 404
360 460
367 319
368 149
370 435
379 341
380 394
390 420
393 144
396 360
399 477
404 387
414 457
416 154
417 495
422 405
437 480
438 449
441 159
447 399
456 430
458 464
464 169
471 390
478 448
485 320
487 179
490 420
495 343
498 298
509 402
510 270
512 184
513 361
515 220
515 245
519 312
531 290
537 184
537 369
539 227
540 266
541 394
560 194
565 360
565 385
575 214
575 325
585 237
585 295
590 262
