29 67
39 90
51 54
62 100
64 467
76 49
76 489
84 452
87 100
101 45
102 434
106 465
110 110
114 407
126 39
127 434
132 389
135 107
144 131
145 415
147 369
150 31
152 155
156 345
161 179
164 252
164 397
169 203
169 277
169 322
170 47
174 228
179 377
192 59
197 359
212 74
215 340
232 89
240 345
250 368
254 101
262 390
264 507
265 124
267 415
279 437
280 144
284 487
285 345
285 370
288 515
289 460
295 393
297 419
300 159
308 335
308 498
319 176
333 340
343 184
358 340
368 185
383 335
393 189
408 333
418 184
432 325
443 179
457 320
468 184
477 335
493 184
497 350
518 189
520 360
539 397
543 189
545 214
545 365
551 419
555 237
555 262
555 287
565 380
566 179
567 309
571 435
575 403
577 225
585 365
587 324
591 179
601 233
606 379
612 324
615 403
616 184
624 427
625 346
626 230
630 372
640 402
641 189
642 445
650 220
658 420
667 444
