14 302
36 289
45 313
61 284
70 317
86 279
95 320
111 279
120 320
134 269
143 330
157 259
165 342
180 249
189 350
203 239
212 360
228 234
237 365
253 229
262 370
278 224
286 378
293 204
304 396
308 184
319 416
323 164
334 436
338 144
352 454
354 122
367 474
372 104
382 494
387 84
399 513
402 64
415 533
422 49
439 540
445 185
445 210
445 375
447 49
450 140
450 400
455 95
455 425
460 450
464 540
465 475
469 219
470 370
470 500
493 380
494 219
511 398
519 219
531 413
540 233
540 295
549 431
550 350
560 280
561 309
564 241
569 446
570 333
571 364
589 382
594 445
595 407
