74 147
89 127
92 165
94 432
94 457
104 407
106 479
110 183
111 115
119 382
126 495
129 97
129 200
129 357
139 332
140 223
147 79
149 247
149 272
149 297
151 500
167 64
167 520
182 540
189 52
194 562
211 39
216 575
234 29
240 582
259 24
265 587
284 24
289 595
309 24
311 608
334 26
335 617
359 31
359 625
381 44
384 625
401 59
409 620
419 77
434 615
439 92
457 605
459 107
480 595
483 114
500 290
503 583
505 515
507 314
508 109
518 493
522 334
522 534
523 278
525 570
528 470
533 104
540 165
540 352
543 263
547 189
553 465
555 116
555 141
555 372
561 245
565 207
565 395
565 425
