144 767
162 749
174 177
174 771
180 731
184 200
194 162
194 467
194 492
199 517
199 712
199 775
204 215
204 442
214 537
216 150
217 694
219 422
221 234
224 775
229 397
232 674
234 132
236 254
239 372
239 535
245 278
249 303
249 328
249 780
250 656
252 114
259 550
269 637
272 99
274 570
274 780
285 593
287 619
294 87
299 780
316 75
324 785
339 64
349 785
364 64
374 790
389 64
399 790
414 64
424 790
439 69
449 795
464 74
474 795
480 520
485 88
490 495
497 539
499 800
505 103
510 480
520 549
523 121
524 800
525 660
535 475
542 679
543 136
545 552
548 650
549 800
557 699
559 482
565 149
569 561
571 640
572 719
574 805
584 485
590 154
590 737
593 570
595 630
599 805
600 330
605 757
607 354
607 495
614 147
615 582
618 618
620 376
620 777
623 318
624 810
630 505
638 394
639 144
640 200
642 225
645 305
650 175
654 497
655 413
660 243
660 285
665 436
665 461
