134 642
144 665
154 472
156 629
164 447
169 665
176 425
176 485
181 629
189 397
194 172
194 665
198 473
199 102
199 127
199 367
206 629
209 332
214 82
214 187
216 455
219 292
219 665
229 252
229 572
229 597
232 64
232 205
238 443
239 229
239 522
239 547
239 649
249 492
249 612
257 64
257 460
259 665
270 626
275 595
282 64
300 590
307 64
325 590
329 76
329 647
341 625
345 96
347 665
350 145
355 119
360 340
360 642
365 385
365 410
365 435
370 460
372 619
372 665
375 490
379 322
380 121
380 515
381 354
385 590
387 639
389 392
394 302
397 534
397 665
399 102
400 570
407 374
407 410
412 284
412 639
419 260
421 90
422 430
422 539
422 665
425 567
437 634
440 448
442 270
442 414
445 549
446 89
447 669
459 570
462 629
464 440
467 270
467 414
471 85
472 664
473 549
487 450
490 424
492 269
493 534
495 92
505 511
507 249
510 115
518 540
519 487
522 229
524 432
524 457
527 134
532 519
534 402
535 195
539 156
543 494
549 382
571 370
596 369
