99 687
111 665
114 572
114 597
114 622
117 705
119 542
119 732
124 442
129 512
129 755
135 636
138 563
139 487
140 661
140 686
140 715
142 424
147 539
154 462
160 515
165 435
169 162
169 187
169 212
169 237
169 397
174 137
174 262
175 495
179 287
184 107
184 377
184 522
194 77
194 307
194 342
199 52
202 504
206 364
214 32
214 322
219 485
239 29
240 470
260 455
264 34
284 462
289 36
295 425
309 446
313 44
324 466
335 57
342 484
357 69
367 490
380 79
392 495
405 81
417 495
429 74
442 494
454 69
467 490
479 64
492 485
504 64
517 484
529 64
542 480
554 59
565 280
565 305
567 480
572 329
575 250
579 57
580 353
588 228
589 377
590 402
590 455
595 195
595 427
601 45
605 145
605 170
610 110
620 85
625 36
635 65
649 27
671 14
