24 602
29 277
39 300
46 589
47 259
56 319
60 610
67 244
69 579
76 334
84 617
87 229
94 574
96 349
106 630
109 217
111 369
115 588
129 387
131 204
131 635
140 592
147 405
152 189
155 642
162 604
165 423
174 177
180 642
185 614
189 430
192 159
205 645
207 139
210 609
214 435
224 117
228 635
231 595
234 452
237 425
239 97
249 572
250 620
257 79
259 447
264 472
264 547
269 497
273 608
274 522
279 67
290 585
299 52
309 567
311 30
321 545
330 520
335 495
336 34
351 54
356 509
370 480
373 66
375 455
393 81
399 462
411 99
417 444
425 120
439 141
441 435
457 159
466 430
475 177
486 415
493 195
504 397
515 207
516 375
534 357
537 219
552 339
560 229
570 320
580 244
593 308
600 259
610 282
