249 752
249 777
254 467
254 492
254 517
254 542
254 567
254 592
259 617
259 727
264 422
264 642
267 795
269 667
269 692
274 397
292 379
292 800
304 401
310 426
317 800
324 447
340 810
344 462
357 829
362 480
377 844
382 495
397 860
403 509
412 880
426 519
434 892
450 527
454 907
475 532
476 920
495 547
499 930
520 549
524 935
543 539
545 780
547 805
549 940
555 730
555 755
555 829
565 690
565 852
566 529
574 945
575 875
579 507
580 670
582 899
585 600
589 427
589 452
589 477
590 625
594 367
594 392
595 570
595 650
599 327
599 950
600 917
604 302
605 545
609 272
614 237
615 475
615 500
619 197
620 341
620 366
620 391
620 416
620 441
622 929
629 157
630 257
634 222
640 180
641 135
654 112
666 90
679 67
694 47
709 27
