339 207
339 232
339 257
349 280
351 185
360 303
366 165
375 323
386 150
394 340
409 139
411 359
424 381
431 125
439 401
454 112
454 421
472 439
476 100
492 454
499 87
512 469
519 72
534 481
541 60
549 1027
549 1052
549 1077
554 496
561 1005
561 1099
564 47
576 985
578 505
586 35
591 965
599 519
599 544
604 569
609 594
609 947
610 26
619 617
624 927
634 637
635 27
639 727
642 909
646 659
649 702
650 515
650 540
655 565
657 39
662 894
665 588
670 500
674 612
674 705
680 49
680 876
686 634
694 492
696 718
699 852
700 655
703 59
709 740
714 477
714 832
715 675
720 763
723 859
725 72
726 810
729 696
736 465
738 839
740 719
745 744
747 84
750 769
750 794
756 450
770 94
775 430
790 109
794 412
810 390
813 120
825 365
835 132
840 340
855 320
857 144
870 300
875 162
885 280
895 177
898 258
903 201
905 226
