24 312
24 337
34 360
42 294
49 380
60 276
69 395
79 257
84 415
97 239
106 428
119 227
128 440
139 212
148 455
154 192
168 470
172 174
190 156
190 482
205 136
214 490
224 117
234 505
234 530
239 97
251 75
254 545
264 47
264 592
269 565
269 617
274 642
279 667
282 29
289 690
300 47
305 585
305 610
306 709
310 635
312 660
315 67
315 560
325 682
326 724
327 89
334 542
343 700
345 107
349 735
350 500
360 127
367 709
373 490
374 740
378 145
390 699
393 165
396 480
399 735
410 184
415 704
416 465
429 725
433 195
434 687
436 450
450 710
453 210
456 435
474 417
475 222
492 399
495 237
512 384
517 249
530 365
537 264
545 340
552 284
555 315
