24 507
29 532
41 554
59 572
62 539
79 587
80 557
100 572
110 595
125 571
135 595
139 142
144 167
147 559
149 192
157 124
159 215
159 587
164 240
167 544
174 263
180 570
182 119
184 286
187 529
189 311
194 336
199 507
199 552
202 360
207 114
209 432
211 384
214 457
214 482
219 537
224 406
232 114
235 515
254 497
257 114
278 490
282 114
303 483
307 114
328 480
332 114
353 480
357 114
378 485
382 109
403 490
407 104
428 495
432 104
453 500
457 99
478 500
482 94
503 505
507 89
528 510
532 84
553 510
556 75
570 100
570 125
570 150
570 175
570 225
570 250
570 275
572 200
575 300
575 325
576 500
580 350
585 375
585 400
590 425
590 465
