139 62
157 44
159 77
164 442
181 89
182 44
182 460
184 427
189 113
194 138
196 405
201 380
202 475
204 317
204 342
205 54
213 155
214 287
220 74
227 474
232 449
236 165
236 274
237 424
240 385
245 79
245 355
250 315
255 256
259 175
270 84
270 300
277 244
279 190
289 101
290 280
294 210
309 116
315 280
327 134
339 287
342 154
354 176
357 305
369 196
372 325
387 214
390 343
399 236
410 259
410 358
425 279
435 360
440 299
455 319
460 365
479 326
485 365
503 334
510 370
528 339
535 375
551 349
560 380
576 349
584 387
601 349
609 390
626 349
631 403
650 357
651 418
655 385
