74 412
86 434
98 404
101 454
114 92
119 117
119 472
123 404
124 67
139 457
143 125
143 389
144 52
150 430
158 369
163 405
168 130
169 51
170 346
174 157
178 384
179 312
189 177
193 59
194 287
195 365
205 81
210 340
211 189
214 272
220 310
230 79
234 252
236 193
245 305
255 79
256 239
259 203
270 300
276 223
280 82
293 290
300 97
318 115
318 285
333 135
341 275
350 154
362 289
365 174
379 308
388 185
389 332
400 207
408 231
411 344
420 253
435 273
435 352
447 295
459 360
471 304
484 362
496 299
509 360
519 289
534 362
544 282
556 350
569 279
581 345
589 262
604 335
613 255
629 330
637 264
654 325
655 282
675 297
679 322
