154 87
164 62
166 109
186 124
188 54
209 134
213 55
216 158
235 67
238 170
255 82
263 175
264 297
276 275
279 317
280 87
285 187
289 340
299 262
304 94
304 360
304 462
305 202
309 227
309 385
314 410
319 435
320 290
327 104
329 465
330 313
340 336
343 278
350 359
352 109
354 470
360 382
363 263
372 404
377 114
378 463
379 312
379 337
384 277
384 426
385 250
391 359
400 124
415 350
423 135
434 332
438 155
455 174
455 225
455 250
455 275
456 320
460 200
469 297
487 279
487 315
509 262
512 315
531 250
537 315
556 249
562 319
579 259
587 319
590 282
