154 72
159 97
172 54
177 115
192 135
197 59
204 452
212 150
220 69
222 434
222 470
224 172
240 84
244 187
244 212
244 237
244 267
244 297
244 327
244 357
244 387
244 412
247 470
263 94
272 464
285 330
285 360
285 385
285 410
285 440
288 94
298 308
310 280
311 104
325 260
334 114
349 272
355 128
359 295
370 318
375 143
390 333
397 155
412 345
414 174
420 250
427 274
430 220
433 191
437 340
452 269
459 327
477 264
481 315
499 252
501 300
519 282
521 240
541 270
544 227
566 270
568 219
591 270
593 219
605 245
