39 417
57 435
63 409
77 450
88 404
92 470
108 389
115 450
116 365
125 425
129 337
144 72
144 312
145 410
149 97
156 290
162 54
164 117
168 398
174 140
176 275
180 370
187 49
190 345
194 155
200 267
200 320
207 64
214 170
220 305
222 254
227 79
234 185
245 310
246 245
249 205
252 84
264 225
270 307
274 96
289 116
294 297
309 131
319 292
329 146
344 166
344 287
362 184
364 302
377 204
379 322
392 224
397 340
400 248
415 268
417 355
430 288
441 363
450 303
465 370
468 321
490 375
493 325
514 339
515 375
539 341
540 375
564 342
565 375
589 344
590 375
614 341
615 375
639 342
640 380
659 397
664 346
674 417
680 366
690 389
