154 92
154 117
166 70
166 139
186 54
189 150
194 175
199 457
211 59
211 194
219 472
224 442
229 77
229 287
229 312
229 337
229 362
229 387
229 412
231 210
239 262
241 99
244 472
254 220
261 244
265 290
265 320
265 350
265 380
266 99
269 470
272 404
279 225
280 428
290 285
291 104
315 285
316 109
338 275
339 119
358 136
363 268
374 291
380 149
384 314
391 338
399 166
399 362
417 184
423 370
425 208
440 228
445 253
445 278
445 303
446 380
467 315
468 368
480 340
485 296
500 276
500 325
515 256
520 310
530 236
545 305
555 242
570 300
575 257
595 300
597 269
619 281
