159 87
159 112
159 137
159 162
159 187
159 212
159 237
164 262
164 287
164 312
164 337
164 362
184 84
186 375
194 422
209 84
211 375
212 404
232 389
232 420
234 84
257 74
257 415
280 405
282 74
305 400
307 74
328 390
332 74
353 385
357 74
376 375
382 74
401 370
407 74
426 370
432 74
451 370
457 69
476 370
482 69
500 360
507 69
525 360
532 69
550 360
557 69
575 360
582 69
600 360
607 69
625 360
632 69
650 360
657 64
675 360
682 64
700 360
707 64
725 355
732 64
735 89
735 114
735 139
735 164
735 189
740 214
740 239
740 264
740 289
740 314
