129 247
134 272
139 207
139 317
139 342
149 365
154 390
161 194
174 167
176 403
179 142
194 117
200 410
206 95
217 429
229 451
231 89
250 465
256 84
275 470
281 84
300 465
306 85
323 453
324 67
342 470
346 54
362 485
370 61
387 490
394 69
412 485
416 55
421 509
436 40
436 529
451 549
460 450
461 39
470 425
471 565
481 54
484 457
495 430
496 565
506 54
506 469
510 510
514 547
518 440
527 39
541 430
552 44
560 410
574 56
575 375
580 81
590 355
600 97
613 343
620 112
631 325
635 132
639 157
640 182
640 207
643 303
645 232
650 257
