84 232
89 207
89 257
99 280
104 177
114 300
119 157
121 324
137 139
144 334
162 134
165 348
179 527
182 119
184 502
187 360
194 472
199 442
203 520
205 109
209 412
212 365
223 503
229 97
241 485
253 89
259 467
275 445
278 89
294 427
301 79
313 410
326 79
333 395
351 74
358 395
376 74
383 395
398 415
401 79
413 435
426 79
431 453
449 89
449 471
464 491
474 89
480 375
480 400
482 509
485 425
490 450
495 103
495 475
502 525
503 365
505 498
520 109
528 360
543 120
551 350
564 134
575 340
588 141
595 325
600 163
610 300
615 183
625 280
627 205
630 255
634 229
