109 542
119 512
127 560
137 494
152 555
160 484
176 548
185 479
200 540
210 479
225 540
227 459
229 572
234 597
239 427
249 377
249 402
256 610
264 357
279 337
281 605
285 565
294 312
299 586
316 299
319 570
335 281
339 585
354 262
359 600
370 520
374 620
376 249
387 539
397 610
399 517
401 245
402 559
415 581
421 505
426 240
445 495
451 234
468 485
476 229
490 470
500 237
513 458
524 244
531 440
543 418
545 258
568 420
570 251
593 261
593 415
615 274
617 424
638 284
642 429
650 325
657 349
658 300
665 390
665 415
677 364
691 385
700 354
723 344
