19 147
19 172
34 192
43 139
56 204
66 129
76 219
87 114
101 225
112 114
119 332
125 232
134 256
134 282
134 312
137 119
141 345
162 119
166 345
184 107
188 333
190 260
190 285
206 94
215 260
222 74
238 270
242 59
263 275
265 49
286 35
288 275
311 29
313 275
336 24
338 278
361 19
363 275
386 19
388 270
411 19
413 273
436 24
438 270
461 29
463 268
485 37
487 259
507 49
509 271
524 322
525 67
527 289
539 342
543 85
560 104
560 230
564 345
567 254
570 127
580 150
584 330
585 225
585 272
590 173
590 198
600 292
610 213
