34 302
39 327
57 345
58 294
82 350
83 289
107 355
108 284
132 360
133 284
141 260
157 359
164 247
174 412
179 227
182 365
194 207
194 397
209 187
212 415
225 350
231 175
235 405
240 370
253 348
254 164
276 150
277 340
296 134
302 335
321 129
327 330
344 119
352 325
366 105
375 315
391 104
398 305
415 96
421 295
440 91
443 283
464 84
465 270
485 255
489 84
508 245
513 91
532 254
533 106
534 282
549 302
550 195
558 110
565 175
571 209
574 297
579 124
580 155
594 219
596 285
602 114
611 265
615 233
625 125
648 114
