136 242
136 267
136 292
138 122
138 147
138 172
138 197
138 317
142 344
146 96
158 74
163 321
170 350
173 54
177 91
181 164
185 115
188 323
206 162
213 323
231 168
238 323
255 176
263 323
280 174
288 323
304 182
313 323
326 195
338 323
341 215
361 230
363 323
386 230
388 323
411 230
413 323
436 230
438 323
461 230
463 323
486 230
488 323
511 230
513 323
536 232
538 323
561 232
563 323
586 236
588 323
610 228
611 333
614 358
624 202
636 345
647 212
654 363
657 314
659 234
659 259
659 284
661 339
