94 130
94 264
94 289
96 234
96 314
98 155
99 209
100 180
100 339
107 363
110 110
120 321
132 98
145 323
156 88
170 323
176 72
194 54
195 323
210 74
220 323
228 92
245 323
251 102
264 344
271 117
272 161
278 323
294 174
303 323
319 174
328 323
343 181
353 323
365 194
378 323
384 211
403 228
403 323
428 230
428 323
453 230
453 323
478 230
478 323
500 335
502 360
503 230
524 327
526 218
549 328
551 212
574 200
574 334
595 186
597 345
617 198
621 338
638 212
643 325
663 216
668 329
682 354
686 227
693 290
693 315
695 264
