96 132
96 260
96 285
96 310
99 235
100 157
100 335
102 182
102 207
103 360
112 112
121 321
135 101
146 321
159 92
171 321
179 77
194 56
196 321
217 66
221 321
236 83
246 321
257 97
271 321
280 107
288 350
294 167
300 123
300 321
318 176
325 321
343 180
350 321
364 194
375 321
383 211
400 230
400 321
425 230
425 321
450 230
450 321
472 333
475 232
475 358
497 327
498 220
521 334
523 214
545 327
548 210
566 341
569 195
591 345
594 190
614 333
615 204
638 214
638 325
663 218
663 329
684 343
686 229
691 296
693 266
