122 246
122 338
124 363
126 271
126 296
134 222
145 326
152 202
162 345
174 214
183 330
188 360
196 227
207 321
220 236
232 321
245 236
257 321
270 234
282 321
295 234
307 321
320 234
332 321
345 234
357 321
370 234
382 321
395 234
407 321
420 234
432 321
444 226
457 321
459 205
479 189
482 321
503 180
507 321
528 180
532 321
553 175
557 321
576 164
582 321
598 124
598 341
601 168
610 102
613 321
618 78
626 54
638 321
643 84
656 339
660 103
671 126
671 151
671 176
671 201
671 226
671 251
671 312
673 276
