136 267
136 242
138 197
138 172
138 147
138 122
146 96
158 74
173 54
177 91
185 115
181 164
206 162
231 168
255 176
280 174
304 182
326 195
341 215
361 230
386 230
411 230
436 230
461 230
486 230
511 230
536 232
561 232
586 236
610 228
624 202
647 212
659 234
659 259
659 284
657 314
661 339
654 363
636 345
614 358
611 333
588 323
563 323
538 323
513 323
488 323
463 323
438 323
413 323
388 323
363 323
338 323
313 323
288 323
263 323
238 323
213 323
188 323
170 350
163 321
142 344
138 317
136 292
