94 338
96 363
117 327
141 335
165 327
187 339
212 345
235 335
257 323
281 331
306 328
310 353
330 321
355 321
380 321
405 321
430 321
455 321
480 321
508 337
528 321
553 321
578 321
603 321
628 321
653 321
678 321
690 343
703 306
703 281
703 256
701 231
699 206
699 181
699 156
698 122
677 108
654 97
630 89
610 74
595 54
580 74
561 91
537 99
514 110
496 128
504 152
481 180
456 184
434 196
415 213
398 232
373 234
348 234
323 234
299 226
275 218
250 214
228 201
205 191
183 205
160 216
135 221
111 229
92 246
100 270
102 295
