19.33330000 233.66700000
20.50000000 252.75000000
22.00000000 214.33300000
23.00000000 265.33300000
26.00000000 202.60000000
26.50000000 277.50000000
32.00000000 191.42900000
31.00000000 289.10000000
36.50000000 301.00000000
41.00000000 180.86400000
42.50000000 312.08300000
49.00000000 322.71400000
52.00000000 172.90900000
56.50000000 333.56200000
63.00000000 168.00000000
65.00000000 344.66700000
74.00000000 164.86400000
74.50000000 355.80000000
85.00000000 163.13600000
85.00000000 367.00000000
96.00000000 162.00000000
96.00000000 377.50000000
107.00000000 162.22700000
107.00000000 386.95500000
118.00000000 163.22700000
118.00000000 395.40900000
129.00000000 164.72700000
129.00000000 403.13600000
140.00000000 166.90900000
140.00000000 409.86400000
151.00000000 169.68200000
151.00000000 415.72700000
162.00000000 173.04500000
162.00000000 420.50000000
173.00000000 177.22700000
173.00000000 421.68200000
184.00000000 182.09100000
184.00000000 418.54500000
195.00000000 187.90900000
195.00000000 413.04500000
206.00000000 407.27300000
208.00000000 164.66700000
211.00000000 150.33300000
217.00000000 195.77300000
217.00000000 402.81800000
214.00000000 137.50000000
217.50000000 124.37500000
221.50000000 111.25000000
228.00000000 194.81800000
228.00000000 401.36400000
225.50000000 99.87500000
230.00000000 89.00000000
236.00000000 77.21430000
239.00000000 404.86400000
239.50000000 168.75000000
243.50000000 65.56250000
241.50000000 157.50000000
244.00000000 143.50000000
250.00000000 411.77300000
247.00000000 129.33300000
253.00000000 54.54550000
253.00000000 183.68200000
250.50000000 116.25000000
255.00000000 103.60000000
261.00000000 419.18200000
260.50000000 92.50000000
264.00000000 45.54550000
264.00000000 179.13600000
268.00000000 81.55560000
272.00000000 422.81800000
275.00000000 39.68180000
275.00000000 175.22700000
278.00000000 71.81820000
283.00000000 421.09100000
284.50000000 43.50000000
286.00000000 171.77300000
288.70000000 64.31670000
291.40000000 54.63330000
294.00000000 417.13600000
297.00000000 168.90900000
296.00000000 61.00000000
305.00000000 412.18200000
308.00000000 166.63600000
316.00000000 406.04500000
319.00000000 164.72700000
327.00000000 398.90900000
330.00000000 163.68200000
338.00000000 390.59100000
341.00000000 163.00000000
349.00000000 381.22700000
352.00000000 163.59100000
359.50000000 371.00000000
363.00000000 164.95500000
369.00000000 360.44400000
374.00000000 167.63600000
378.00000000 349.44400000
385.00000000 172.09100000
386.50000000 337.50000000
396.00000000 179.18200000
394.00000000 325.71400000
400.50000000 313.83300000
405.50000000 189.18800000
406.00000000 302.40000000
410.50000000 291.25000000
412.00000000 200.40000000
414.00000000 280.83300000
416.00000000 210.50000000
417.00000000 269.16700000
418.50000000 220.50000000
419.50000000 255.00000000
420.00000000 231.00000000
420.00000000 242.00000000
244.17900000 188.77700000
236.99700000 191.34200000
235.97200000 184.16000000
238.23000000 175.89000000
203.14100000 191.85500000
210.32200000 197.49800000
205.19300000 184.16000000
206.21900000 173.90100000
