-0.03174950 0.42618700
-0.02494560 0.36242500
-0.02854090 0.41231000
-0.03242500 0.43032200
-0.03154850 0.38909200
-0.03173930 0.38920100
-0.03274890 0.37506700
-0.03945340 0.44924800
-0.03797100 0.42986100
-0.04267090 0.45314900
-0.04350260 0.45928700
-0.04288730 0.45013500
-0.03632210 0.40400000
-0.03323150 0.39340400
-0.03924080 0.43128200
-0.03948680 0.43137800
-0.03760950 0.43991500
-0.03255830 0.40732400
-0.03216520 0.39995900
-0.03591810 0.41505200
-0.03649390 0.41912600
-0.03923820 0.42089100
-0.04174120 0.42000900
-0.04248720 0.43014600
-0.04516520 0.43059100
-0.04410360 0.39729800
-0.04454780 0.40375500
-0.04775180 0.43542500
-0.04502700 0.43452500
-0.04372410 0.42450200
-0.04479590 0.41094100
-0.04819740 0.44480100
-0.04450250 0.41315400
-0.04570590 0.39977600
-0.04918860 0.42766900
-0.04669180 0.40352200
-0.04579240 0.37383200
-0.04978540 0.40395800
-0.05237160 0.40484700
-0.05827640 0.43015100
-0.05533040 0.41090400
-0.05871020 0.41970300
-0.06022010 0.43309900
-0.05990370 0.45027700
-0.06044640 0.45708600
-0.05719990 0.45299100
-0.06009590 0.43480200
-0.05816370 0.39616700
-0.06118730 0.40018800
-0.05852520 0.38510400
-0.06118990 0.40507200
-0.06298620 0.40342500
-0.07298930 0.45027300
-0.07025950 0.43084500
-0.06833810 0.40417300
-0.06973730 0.39829800
-0.07311490 0.40616100
-0.06935070 0.38755100
-0.06566840 0.36915200
-0.06158970 0.35810300
-0.05863530 0.35303800
-0.07048240 0.42186400
-0.07503090 0.40101400
-0.06856220 0.41791100
-0.06841330 0.41448300
-0.07070450 0.41314500
-0.07391340 0.42926900
-0.08033900 0.45057900
-0.08006660 0.43415500
-0.08080500 0.44084000
-0.07900280 0.41716900
-0.08031750 0.41091800
-0.08047590 0.39930700
-0.07786720 0.38871200
-0.07984590 0.38691700
-0.08410970 0.40511500
-0.08762340 0.41003000
-0.09139310 0.41583900
-0.09392210 0.41584100
-0.09572590 0.41271700
-0.09096270 0.39456600
-0.10111900 0.44127000
-0.09366970 0.39832100
-0.09747780 0.40176100
-0.09987380 0.40914900
-0.10597700 0.43151100
-0.10582400 0.42041500
-0.11068600 0.42929700
-0.10130200 0.39530700
-0.10745700 0.40960400
-0.11366400 0.43063200
-0.11701900 0.43329800
-0.12052900 0.43640900
-0.11599500 0.42256400
-0.11072600 0.40582200
-0.10779300 0.40402100
-0.11307200 0.42637000
-0.11060700 0.40783600
-0.11981900 0.42703500
-0.11959900 0.41721100
-0.12498200 0.43863700
-0.12420500 0.43064500
-0.12671000 0.43020400
-0.13027800 0.43331600
-0.12760400 0.42182800
-0.13047400 0.42271400
-0.13391100 0.42536500
-0.13321300 0.42054300
-0.13581800 0.42054600
-0.13856800 0.42098900
-0.14103000 0.42055400
-0.14363600 0.42055800
-0.14624200 0.42056200
-0.14884800 0.42056700
-0.15161300 0.42101000
-0.15256500 0.42627900
-0.15519100 0.42628500
-0.15749000 0.42540800
-0.16011100 0.42541400
-0.16360500 0.43737300
-0.16577700 0.43604800
-0.16758900 0.43383400
-0.15507400 0.40389200
-0.16972300 0.43250900
-0.17485000 0.43873400
-0.17915400 0.44273800
-0.17931200 0.43652900
-0.17620300 0.42633600
-0.17809000 0.42457900
-0.17789800 0.42150900
-0.17807600 0.41931800
-0.17880900 0.41842100
-0.17806300 0.41406200
-0.17787200 0.41100800
-0.17916200 0.41136000
-0.17601100 0.40154200
-0.17637700 0.39978800
-0.17803900 0.40094200
-0.18062600 0.40411800
-0.17895700 0.39775800
-0.17687700 0.39898900
-0.17687400 0.39634900
-0.17614200 0.39208600
-0.17377000 0.38421800
-0.17395100 0.38202700
-0.17668500 0.38540000
-0.17704900 0.38355700
-0.17741300 0.38170300
-0.17850700 0.38139800
-0.17905400 0.37990100
-0.17887200 0.37685200
-0.17632100 0.36884900
-0.17632200 0.36622600
-0.17778200 0.36661100
-0.17979000 0.36807400
-0.17869800 0.36317700
-0.18034100 0.36383100
-0.17779100 0.35603900
-0.18162400 0.36100900
-0.18235600 0.35974900
-0.17569000 0.35183800
-0.17695100 0.35168900
-0.17551800 0.34618700
-0.17642100 0.34529900
-0.17822200 0.34613000
-0.17948400 0.34586800
-0.17930900 0.34282100
-0.17751800 0.33671200
-0.17626500 0.33167200
-0.17627100 0.32901800
-0.17717500 0.32802700
-0.17736100 0.32568900
-0.17754700 0.32334700
-0.17899100 0.32327100
-0.18151400 0.32508300
-0.18080200 0.32107400
-0.18188700 0.32025200
-0.18009700 0.31437800
-0.18010500 0.31166800
-0.18047200 0.30957500
-0.18012000 0.30624900
-0.18282500 0.30808300
-0.17563900 0.30051800
-0.17706400 0.30023700
-0.17795700 0.29902100
-0.17761200 0.29571300
-0.17726600 0.29241700
-0.17816000 0.29115700
-0.17781500 0.28786300
-0.17676100 0.28344400
-0.17659300 0.28046300
-0.17607100 0.27693100
-0.17661100 0.27507000
-0.17750600 0.27374000
-0.17946400 0.27400500
-0.17982800 0.27180000
-0.17983800 0.26905400
-0.17967000 0.26604600
-0.18109800 0.26537900
-0.18358900 0.26621100
-0.18111800 0.25984800
-0.17953300 0.25481900
-0.18131500 0.25456500
-0.18168000 0.25228800
-0.18133600 0.24902700
-0.18436000 0.25035000
-0.17699900 0.24410100
-0.17805700 0.24278400
-0.17771800 0.23955100
-0.17580700 0.23423600
-0.17634100 0.23219800
-0.17809800 0.23173400
-0.17950500 0.23076700
-0.17846800 0.22665100
-0.17673200 0.22169100
-0.17691700 0.21916500
-0.17832400 0.21812900
-0.17850900 0.21557200
-0.17782100 0.21196900
-0.17713200 0.20838700
-0.17731700 0.20584000
-0.17837500 0.20428800
-0.18030800 0.20369000
-0.18049300 0.20108500
-0.18032800 0.19809000
-0.18261000 0.19775000
-0.18419300 0.19659300
-0.18804800 0.19777600
-0.17772800 0.18988300
-0.17756600 0.18689700
-0.17688800 0.18338200
-0.17672500 0.18041500
-0.17776800 0.17866400
-0.18121900 0.17926300
-0.18122900 0.17640300
-0.17900100 0.17140000
-0.17883900 0.16841200
-0.17953700 0.16622600
-0.17971800 0.16354800
-0.17938300 0.16040200
-0.18008100 0.15817400
-0.18129500 0.15637000
-0.18233700 0.15438100
-0.18165800 0.15092900
-0.17753400 0.14469100
-0.17710500 0.14666500
-0.17626700 0.14313400
-0.17525800 0.13949500
-0.17996200 0.14097000
-0.17790400 0.13654100
-0.18170100 0.13657700
-0.17544400 0.13399600
-0.17748600 0.13270000
-0.17783300 0.13009800
-0.17682400 0.12651400
-0.17700100 0.12379300
-0.17768700 0.12141400
-0.17735500 0.11833300
-0.17685400 0.11515300
-0.17737000 0.11263500
-0.17924200 0.11093900
-0.17874000 0.10775300
-0.17806900 0.10448200
-0.17790500 0.10152400
-0.18079500 0.10026400
-0.17556100 0.09895340
-0.17335700 0.09933590
-0.17177700 0.10009500
-0.16967700 0.10057100
-0.16598900 0.10010700
-0.17067600 0.09994670
-0.16402000 0.09776000
-0.16427000 0.09968470
-0.16233600 0.10033000
-0.16036300 0.10097600
-0.15621600 0.10025100
-0.15155300 0.09915960
-0.15078900 0.10062800
-0.14497200 0.09871370
-0.14071400 0.09780510
-0.13965700 0.09997080
-0.13689200 0.10007000
-0.13412200 0.10017000
-0.13134600 0.10026900
-0.12796000 0.09989760
-0.12977500 0.09837420
-0.12672300 0.09828770
-0.12356200 0.09810970
-0.12018600 0.09774870
-0.11672300 0.09729610
-0.11424800 0.09766650
-0.11164800 0.09794530
-0.10903000 0.09822400
-0.11116600 0.09715580
-0.10560600 0.09777100
-0.10201600 0.09713490
-0.10499800 0.09698670
-0.09977470 0.09486110
-0.09930290 0.09726090
-0.09639980 0.09732580
-0.09384660 0.09769550
-0.09110100 0.09788220
-0.09561730 0.09966470
-0.09040800 0.09736090
-0.08573880 0.09550060
-0.08477920 0.09734050
-0.08202720 0.09752690
-0.07926390 0.09771310
-0.08090000 0.09674980
-0.07684690 0.09835680
-0.07349760 0.09781090
-0.07473820 0.09648970
-0.06985070 0.09680740
-0.06639020 0.09598670
-0.06797520 0.09534150
-0.07272490 0.09886150
-0.06400810 0.09672140
-0.06146640 0.09727310
-0.06175800 0.09481410
-0.05850600 0.09718410
-0.05549860 0.09700340
-0.05550090 0.09410860
-0.05285140 0.09455470
-0.05289890 0.09755480
-0.05017230 0.09792300
-0.04737960 0.09819960
-0.04738160 0.09526910
-0.04448750 0.09829310
-0.04151230 0.09820330
-0.04186220 0.09607190
-0.04221210 0.09389090
-0.04263940 0.09182700
-0.04594280 0.09240860
-0.04438230 0.09244300
-0.03969780 0.09199530
-0.03879730 0.09285980
-0.03564730 0.09234490
-0.03249950 0.09174380
-0.03280560 0.08966480
-0.03549000 0.09381760
-0.03804220 0.09228490
-0.03250060 0.09438310
-0.02909750 0.09373950
-0.02602780 0.09414350
-0.02283280 0.09414440
-0.02285320 0.09103050
-0.02285410 0.08783560
-0.02293310 0.08493000
-0.01963990 0.08456880
-0.01967420 0.08151530
-0.01969170 0.07838360
-0.01974280 0.07537460
-0.01974330 0.07216450
-0.01977750 0.06907150
-0.01981170 0.06596740
-0.01989630 0.06301180
-0.01993050 0.05987710
-0.01994780 0.05668340
-0.01666000 0.05654040
-0.01341130 0.05649300
-0.01015930 0.05639770
-0.00692420 0.05635010
-0.00370078 0.05639800
-0.00047147 0.05639800
0.00275551 0.05635020
0.00598715 0.05639790
0.00920080 0.05630210
0.01242460 0.05630190
0.01560840 0.05615820
0.01567520 0.05316910
0.01883990 0.05620560
0.02211430 0.05634850
0.02536200 0.05639570
0.02861510 0.05644290
0.03176570 0.05629880
0.03173940 0.05303130
0.03495990 0.05303060
0.03821270 0.05307490
0.04161150 0.05329930
0.04484800 0.05329830
0.04792170 0.05311710
0.05114680 0.05311600
0.05437180 0.05311490
0.05774310 0.05324890
0.06087260 0.05315750
0.06420830 0.05324620
0.06749760 0.05328990
0.07073230 0.05328840
0.07390420 0.05324180
0.07713560 0.05324020
0.08036680 0.05323850
0.08366830 0.05328180
0.08682810 0.05323500
0.08998210 0.05318810
0.09313030 0.05314120
0.09659930 0.05327430
0.10000000 0.05336230
0.10332400 0.05340520
0.10647400 0.05335800
0.10971000 0.05335580
0.11285000 0.05330840
0.11618100 0.05335110
0.11951700 0.05339370
0.12285800 0.05343630
0.12588500 0.05334370
0.12900900 0.05329610
0.13224000 0.05329350
0.13547000 0.05329080
0.13870000 0.05328810
0.14180900 0.05324030
0.14479000 0.05314740
0.14801000 0.05314450
0.15174100 0.05332160
0.15072000 0.04974580
0.15148200 0.05646360
0.15173500 0.05979630
0.15561900 0.06004530
0.14787800 0.05954730
0.14812500 0.06287720
0.14912400 0.06655350
0.14514500 0.06622150
0.14179600 0.06616910
0.14239200 0.06969400
0.13880100 0.06952160
0.13522600 0.06934910
0.13177800 0.06923530
0.13211000 0.07264310
0.12844600 0.07240100
0.12522900 0.07240450
0.12221900 0.07253070
0.11889500 0.07247260
0.11929500 0.07595320
0.11586700 0.07582830
0.11254500 0.07576740
0.10913500 0.07564230
0.10600600 0.07570960
0.10269600 0.07564850
0.09956060 0.07571560
0.09989510 0.07920760
0.09666110 0.07921060
0.09326890 0.07907970
0.08996350 0.07901570
0.08658970 0.07888450
0.08336810 0.07888720
0.08007810 0.07882280
0.07692380 0.07889210
0.07351360 0.07869370
0.07029900 0.07869600
0.06685590 0.07843040
0.06696780 0.08177300
0.06321510 0.08107860
0.06337590 0.08447700
0.06342810 0.08774120
0.06348010 0.09101060
0.06309770 0.09364030
0.06287810 0.09648150
0.06265850 0.09930050
0.06167870 0.10085400
0.05966730 0.10057100
0.06312720 0.10130000
0.06101470 0.10083600
0.06417780 0.10121000
0.06767500 0.10205600
0.07102550 0.10261800
0.07427260 0.10299200
0.07711720 0.10280000
0.08024430 0.10298500
0.08345810 0.10326500
0.08629360 0.10307300
0.08936270 0.10316300
0.09218400 0.10297100
0.09490690 0.10268400
0.09752340 0.10230400
0.10067300 0.10248800
0.10354700 0.10239000
0.10621900 0.10210300
0.10947900 0.10238100
0.11306600 0.10294100
0.11519800 0.10218300
0.11815800 0.10217900
0.12167500 0.10264500
0.12441800 0.10245100
0.12715100 0.10225800
0.13023100 0.10234700
0.13319400 0.10234200
0.13578100 0.10205400
0.13860600 0.10195500
0.14194900 0.10223200
0.14557500 0.10269700
0.14881900 0.10287900
0.15110100 0.10240300
0.15378000 0.10220900
0.15659200 0.10210900
0.15998700 0.10238500
0.16294800 0.10237900
0.16606100 0.10246700
0.16886900 0.10236700
0.17198700 0.10245500
0.17398500 0.10188400
0.17627600 0.10150100
0.17987500 0.10187100
0.18298800 0.10195900
0.18576200 0.10185800
0.18853100 0.10175700
0.19217900 0.10212700
0.19459100 0.10183800
0.19698500 0.10154900
0.19880800 0.10097800
0.20191200 0.10106600
0.20502100 0.10115300
0.20794200 0.10114600
0.21047000 0.10095100
0.21358300 0.10103800
0.21650000 0.10103100
0.22084500 0.10168200
0.22419300 0.10186300
0.22880900 0.10260700
0.23070900 0.10213000
0.23408600 0.10231100
0.22655500 0.10189300
0.23333000 0.10362500
0.23049300 0.10525200
0.22896200 0.10742000
0.22873700 0.11017900
0.23003500 0.11368500
0.22893900 0.11601000
0.22740700 0.11808200
0.22587600 0.12011500
0.22630300 0.12317600
0.22651200 0.12612700
0.22585100 0.12858700
0.23262900 0.13080800
0.22758300 0.13242300
0.22757400 0.13526800
0.23503400 0.13797400
0.23282200 0.13955500
0.22972900 0.14054300
0.22817800 0.14241600
0.22861000 0.14551200
0.22793900 0.14790500
0.23230400 0.14889600
0.23073400 0.15070800
0.22983300 0.15292700
0.22788800 0.14980300
0.23026900 0.15603100
0.23025900 0.15883700
0.23114100 0.16226900
0.23046200 0.16460800
0.22978400 0.16693100
0.22799000 0.16841300
0.22798000 0.17119100
0.22886100 0.17464900
0.22907400 0.17760900
0.22750400 0.17917100
0.22914200 0.17828400
0.23003400 0.18175400
0.23160200 0.18578800
0.23159200 0.18857500
0.23203200 0.19173400
0.23044300 0.19320200
0.22998100 0.19559100
0.22839200 0.19699600
0.23041100 0.20151800
0.23085100 0.20468900
0.23061500 0.20726300
0.22744800 0.20716300
0.22743800 0.20989800
0.22742700 0.21263300
0.22854300 0.21643500
0.23083400 0.21599800
0.23128000 0.21917300
0.23081300 0.22148300
0.23171500 0.22511200
0.22965200 0.22584600
0.22895700 0.22789400
0.22894700 0.23061400
0.22984900 0.23426300
0.23097900 0.23816900
0.22982800 0.23972400
0.23050200 0.24317500
0.22980800 0.24518400
0.23025400 0.24840500
0.22819200 0.24890300
0.22795500 0.25136200
0.23135600 0.25210600
0.23319200 0.25685500
0.23502700 0.26164600
0.23271100 0.26181000
0.23201000 0.26375600
0.23015600 0.26436000
0.23083900 0.26786500
0.22990800 0.26949400
0.22966800 0.27192000
0.23012100 0.27516700
0.22919000 0.27675600
0.22918200 0.27944600
0.23210900 0.27971900
0.23233400 0.28269700
0.23395900 0.28739900
0.23395200 0.29011500
0.23231100 0.29078700
0.23230400 0.29348300
0.23159700 0.29528800
0.23205700 0.29857700
0.23088400 0.29975700
0.23017800 0.30152200
0.23017200 0.30419500
0.22993300 0.30655700
0.23109300 0.31079500
0.23015500 0.31221400
0.23084900 0.31584500
0.23037800 0.31788400
0.23177200 0.32250700
0.23106800 0.32421900
0.23013200 0.32558500
0.23328100 0.32624100
0.23280600 0.32825700
0.23303800 0.33126800
0.23350700 0.33462200
0.23279700 0.33628500
0.23255800 0.33861800
0.23350000 0.34267800
0.23302600 0.34466600
0.23302500 0.34734700
0.23302400 0.35002800
0.23278800 0.35235300
0.23160800 0.35323400
0.23184400 0.35626300
0.23420300 0.36258500
0.23737700 0.36331600
0.24215000 0.37337700
0.24573000 0.38169400
0.23632800 0.37131700
0.23538600 0.37254700
0.23538800 0.37526100
0.23397600 0.37570300
0.23468600 0.37954600
0.23398200 0.38110100
0.23422200 0.38418800
0.23257500 0.38416500
0.24480000 0.39975400
0.24241900 0.39862600
0.24314100 0.40258000
0.24219200 0.40376700
0.24267600 0.40733700
0.23862700 0.40325600
0.23744200 0.40395500
0.23649500 0.40503700
0.23817500 0.41062400
0.23890000 0.41459400
0.23771700 0.41524600
0.23629500 0.41545300
0.23368000 0.41351500
0.23273700 0.41449500
0.23370400 0.41887700
0.23491000 0.42371300
0.23707200 0.43031100
0.23106200 0.42423100
0.22582900 0.41945200
0.23120700 0.43213600
0.22689300 0.42907000
0.22216200 0.42513300
0.22080700 0.42517400
0.21928100 0.42468500
0.21351500 0.41856900
0.21046100 0.41768600
0.20633400 0.41462300
0.20460200 0.41635700
0.20461300 0.41897300
0.20306000 0.41852600
0.20065600 0.41895300
0.20045700 0.42114500
0.19475300 0.41455500
0.19075800 0.41147500
0.18961000 0.41453700
0.18941300 0.41979200
0.18622400 0.41846700
0.18266600 0.41626600
0.17989500 0.41582000
0.17307100 0.40252400
0.17731700 0.41581200
0.17602900 0.41887500
0.17288700 0.41755200
0.17047700 0.41798400
0.16718100 0.41622300
0.16650800 0.42104100
0.16372800 0.42059700
0.16112100 0.42059100
0.15851400 0.42058600
0.15918000 0.42497100
0.15542500 0.42187600
0.15574400 0.42014200
0.15138200 0.41531200
0.14676500 0.40960700
0.14515300 0.41223300
0.14411600 0.41661400
0.14257700 0.41968000
0.13997600 0.41967600
0.13665800 0.41747900
0.13722900 0.41662600
0.13463100 0.41662300
0.13258700 0.41836300
0.13272800 0.42141900
0.13052300 0.42273100
0.12763900 0.42185100
0.12476500 0.42097100
0.12164800 0.41921400
0.11855300 0.41745700
0.11792800 0.41268400
0.11633000 0.41616800
0.11409300 0.41747300
0.11433300 0.42096000
0.11265700 0.42446600
0.11014100 0.42490200
0.11059800 0.42930700
0.10684300 0.42226900
0.10282000 0.41656600
0.10239000 0.41739000
0.09871180 0.40487400
0.10552000 0.44393900
0.10193000 0.42621200
0.10115700 0.43415200
0.09418040 0.41517800
0.08957830 0.39732100
0.09078150 0.40512100
0.08987370 0.40974900
0.09285660 0.43549500
0.08859910 0.41807000
0.09322800 0.45290600
0.09506920 0.46465900
0.09083070 0.45469100
0.08770600 0.43637900
0.08252740 0.42350400
0.08219860 0.43548800
0.08083140 0.44258900
0.07694820 0.43592900
0.07397860 0.43415200
0.07571980 0.44708900
0.06979380 0.43004300
0.06600090 0.42240300
0.06719610 0.43265100
0.06520280 0.43408500
0.06385160 0.42252000
0.06231880 0.42966500
0.05834070 0.41983800
0.06082220 0.43503400
0.05982840 0.42530800
0.05732910 0.42618900
0.05436600 0.42354100
0.05589580 0.43814000
0.05423970 0.44657300
0.05089330 0.44124600
0.04946050 0.43144600
0.04470370 0.41179400
0.04242860 0.41402600
0.04178860 0.41026000
0.04236600 0.44216300
0.04202080 0.43591000
0.03622380 0.40107300
0.03510190 0.41670400
0.03298710 0.42206300
0.03148660 0.40531400
0.02787860 0.39149700
0.03016500 0.42614800
0.03316360 0.43206100
0.02926970 0.44620400
0.02649860 0.40151700
0.02507410 0.41848900
0.02375570 0.44126600
0.02293860 0.42867900
0.02926890 0.44079700
0.02870850 0.42971300
0.02609030 0.43015400
0.02329830 0.42750700
0.02028300 0.41956500
0.01716070 0.40677100
0.01753320 0.41815700
0.01500690 0.41904500
0.01500710 0.42161400
0.01569090 0.44350600
0.01852020 0.44710100
0.01569120 0.44619500
0.01327440 0.45523600
0.01240470 0.42796400
0.01007940 0.43796900
0.00960859 0.42000600
0.00882381 0.38799200
0.00684416 0.40399300
0.00466258 0.42366600
0.00461715 0.41704800
0.00472782 0.42449500
0.00489892 0.43721500
0.00223802 0.43362000
-0.00037784 0.42822800
-0.00307791 0.44440400
-0.00554808 0.42777800
-0.00522182 0.40505500
-0.00555996 0.43387600
-0.00528034 0.41451600
-0.00285402 0.41954800
-0.00036003 0.41790800
0.00206433 0.41205200
0.00448660 0.41251500
0.00437092 0.40423700
0.00744164 0.44708300
0.00472862 0.43986800
0.00460289 0.43065600
0.00457286 0.43031300
0.00228965 0.46775200
0.00229419 0.46599400
-0.00038903 0.46222500
-0.00038069 0.44970600
-0.00313140 0.47125400
-0.00597442 0.47735400
-0.00864732 0.47130000
-0.00886125 0.48577600
-0.00791221 0.42872000
-0.00969530 0.39862600
-0.01224310 0.40318000
-0.01555700 0.42895500
-0.01727260 0.40719700
-0.02050780 0.42159800
-0.01975520 0.40370100
-0.01999820 0.40621100
-0.02213030 0.40037000
-0.02675430 0.43631800
-0.02285020 0.41089600
-0.02284990 0.40839200
-0.02650550 0.42703600
-0.02893630 0.42437300
-0.02878470 0.41956600
-0.03146610 0.42089000
-0.03416390 0.42221400
-0.03189570 0.43188800
-0.02046240 0.41312900
-0.01796990 0.41357500
-0.01598930 0.42786700
-0.01580550 0.42037600
-0.01310800 0.41638100
-0.01061710 0.41860000
-0.01043710 0.41402100
-0.00804784 0.42072000
-0.00809069 0.42553200
-0.01590610 0.42822800
-0.01518870 0.41138500
-0.01723300 0.40144000
-0.02257890 0.41589100
-0.02270370 0.42067200
-0.01942480 0.40410200
-0.02195910 0.40927700
-0.02590330 0.43520500
-0.02554430 0.42665600
-0.02515520 0.38020500
-0.02662050 0.36922500
-0.02831240 0.36282000
-0.02827750 0.36452400
-0.02966020 0.35531900
-0.03574830 0.40233800
-0.02724660 0.37566500
-0.02345950 0.35247000
-0.01243840 0.40719600
-0.01023520 0.41588900
-0.00769799 0.40977100
-0.00725408 0.39075300
-0.00560703 0.44538700
-0.00280749 0.41760800
-0.00036481 0.42845400
0.00203424 0.40842800
0.00759541 0.43769200
0.00757981 0.43413700
0.00750222 0.42706500
0.01020420 0.43015300
0.01274640 0.42662400
0.01285200 0.43280500
0.01304990 0.44215800
0.01020440 0.43545900
0.03106380 0.42574300
0.03305600 0.41780200
0.03532670 0.41427300
0.03783640 0.41383200
0.04128770 0.42309700
0.04467010 0.43059800
0.04741750 0.43148100
0.05012460 0.43192300
0.04343490 0.42126800
0.04124520 0.42526300
0.03510140 0.41416400
0.03347530 0.42570500
0.03100020 0.43010200
0.04058190 0.45478900
0.04451150 0.41500900
0.04587930 0.40750700
0.06179860 0.42089600
0.06351200 0.41516200
0.06256800 0.41150900
0.06663020 0.42127600
0.07161420 0.43592600
0.06726340 0.42788100
0.05388970 0.40801800
0.05537470 0.42179500
0.05915000 0.43083800
0.04904500 0.38914400
0.08772170 0.45566700
-0.09929910 0.41718600
-0.06809550 0.43094100
-0.05993310 0.40573700
-0.06134800 0.43325900
-0.05098830 0.41118800
-0.04835330 0.41030500
-0.04661620 0.41736300
-0.04098420 0.41224300
-0.04539740 0.43397100
-0.04583160 0.46634700
-0.04712130 0.42938500
-0.04525930 0.39194600
