-0.13549500 -0.11793300
-0.13003700 -0.11493600
-0.13260200 -0.11564300
-0.13539500 -0.11652900
-0.13863600 -0.11777100
-0.14085100 -0.11812200
-0.14350700 -0.11882800
-0.13897500 -0.11683200
-0.14094100 -0.11700700
-0.14379600 -0.11790600
-0.14645400 -0.11862300
-0.14913400 -0.11934100
-0.14414900 -0.11708500
-0.14724800 -0.11818200
-0.14968500 -0.11872600
-0.15237200 -0.11945500
-0.15508100 -0.12018300
-0.15805100 -0.12109500
-0.15252800 -0.11859400
-0.15473500 -0.11896100
-0.15719800 -0.11951400
-0.15967700 -0.12006600
-0.16267400 -0.12099200
-0.16468400 -0.12117200
-0.16721100 -0.12172500
-0.16975400 -0.12227800
-0.16560800 -0.12103100
-0.16760100 -0.12121400
-0.17092100 -0.12234200
-0.17400600 -0.12328100
-0.16839500 -0.12102200
-0.17172000 -0.12216700
-0.17589400 -0.12388700
-0.17534300 -0.12525000
-0.17424800 -0.12620800
-0.17653000 -0.12659600
-0.17036000 -0.12463600
-0.17170200 -0.12734900
-0.17169600 -0.12907700
-0.16863800 -0.12807000
-0.16481400 -0.12645400
-0.16665700 -0.12958400
-0.16312000 -0.12815200
-0.16337500 -0.13005200
-0.16039000 -0.12901800
-0.16090100 -0.13112000
-0.15768100 -0.12986100
-0.15921100 -0.13281200
-0.15651400 -0.13196400
-0.15650800 -0.13363900
-0.15383300 -0.13278100
-0.15068400 -0.13148900
-0.15241200 -0.13467000
-0.14878600 -0.13292400
-0.14951500 -0.13523400
-0.15024400 -0.13756000
-0.14664500 -0.13577100
-0.14785100 -0.13854600
-0.14428200 -0.13673500
-0.14523400 -0.13928600
-0.14240800 -0.13814200
-0.14311300 -0.14046800
-0.14007100 -0.13907900
-0.14030000 -0.14093400
-0.14029400 -0.14255700
-0.13705000 -0.14089700
-0.13750700 -0.14298100
-0.13452500 -0.14154300
-0.13497700 -0.14362200
-0.13157000 -0.14168100
-0.13201600 -0.14374900
-0.13246300 -0.14582800
-0.13020500 -0.14508700
-0.13042200 -0.14691800
-0.12839800 -0.14642000
-0.12861300 -0.14825000
-0.12681500 -0.14800200
-0.12682100 -0.14642600
-0.12588900 -0.14718700
-0.12409100 -0.14694100
-0.12187900 -0.14619200
-0.12229200 -0.14827300
-0.12009100 -0.14751600
-0.12008500 -0.14908600
-0.11810400 -0.14857800
-0.11653700 -0.14858300
-0.11653100 -0.15014800
-0.11516800 -0.14884600
-0.11359800 -0.14885200
-0.11183400 -0.14860100
-0.11007600 -0.14834900
-0.10813500 -0.14784100
-0.10869300 -0.15017600
-0.10675500 -0.14966200
-0.10482700 -0.14914800
-0.10344900 -0.14941400
-0.10242100 -0.15019900
-0.10242700 -0.14863500
-0.10260900 -0.14732500
-0.10156200 -0.14809400
-0.10015400 -0.14835400
-0.10016000 -0.14677700
-0.09891570 -0.14728600
-0.09749420 -0.14754300
-0.09749990 -0.14595700
-0.09623640 -0.14646100
-0.09624210 -0.14487000
-0.09512860 -0.14561500
-0.09545620 -0.14450200
-0.09400430 -0.14475200
-0.09594490 -0.14362000
-0.09595070 -0.14200600
-0.09480710 -0.14272700
-0.09318040 -0.14273300
-0.09170630 -0.14297700
-0.09217060 -0.14205900
-0.09303050 -0.14087500
-0.09365860 -0.14018700
-0.09382000 -0.13878700
-0.09413700 -0.13760900
-0.09325800 -0.13875200
-0.09387530 -0.13799800
-0.09460960 -0.13664400
-0.09508230 -0.13566300
-0.09571070 -0.13488500
-0.09633910 -0.13408400
-0.09727900 -0.13369000
-0.09739320 -0.13154500
-0.09834930 -0.13114500
-0.09930560 -0.13071300
-0.09988110 -0.12924700
-0.10133700 -0.12941800
-0.10247100 -0.12913400
-0.10272400 -0.12730000
-0.10404100 -0.12720200
-0.10552200 -0.12725800
-0.10527200 -0.12488100
-0.10777700 -0.12609000
-0.10750300 -0.12374500
-0.11021800 -0.12509700
-0.11026500 -0.12316900
-0.11043300 -0.12143300
-0.11341000 -0.12293900
-0.11339700 -0.12103800
-0.11405100 -0.11989500
-0.11658000 -0.12079100
-0.11723900 -0.11966500
-0.12072000 -0.12142100
-0.12047000 -0.11939100
-0.12072400 -0.11791200
-0.12393200 -0.11925400
-0.12342500 -0.11707200
-0.12763500 -0.11924600
-0.12809100 -0.11799000
-0.12831200 -0.11655500
-0.12888800 -0.11547800
-0.13367600 -0.11794000
