96 254
96 244
102 236
112 232
122 228
132 224
142 222
152 218
162 216
172 216
182 214
192 214
201 209
210 204
218 198
226 192
236 188
245 193
254 198
262 204
271 209
280 214
290 214
300 216
310 216
320 218
330 222
340 224
350 226
360 230
370 230
374 220
382 212
391 207
399 200
406 192
416 188
424 182
434 178
444 178
454 178
460 166
460 156
457 146
450 138
450 128
458 120
466 114
474 108
484 104
494 100
504 98
514 96
524 94
538 80
548 76
556 68
564 56
574 54
580 62
585 71
594 76
603 81
611 88
621 92
631 94
641 96
651 98
661 102
671 106
679 112
689 116
697 122
699 140
695 152
695 162
695 172
695 182
695 192
695 202
695 212
695 222
697 232
697 242
699 252
699 262
699 272
699 282
701 292
699 306
699 316
697 326
697 336
695 354
686 341
686 331
682 321
672 321
662 321
652 321
642 321
632 321
622 321
612 321
602 321
592 321
582 321
572 321
562 321
552 321
542 321
532 321
522 321
512 321
502 321
492 321
482 321
472 321
463 326
460 339
460 359
455 349
450 340
452 326
443 321
433 321
423 321
413 321
403 321
393 321
383 321
373 322
373 332
371 348
364 363
362 353
360 343
360 333
354 325
344 325
334 327
324 331
314 330
305 325
295 323
285 326
276 331
267 336
257 339
247 343
237 345
227 343
217 341
207 337
197 333
189 327
179 325
169 323
159 327
151 333
141 329
131 327
121 325
111 328
109 339
109 349
108 361
100 344
100 334
104 318
107 302
104 292
104 282
104 272
102 262
