54 124
54 150
54 160
56 170
60 180
67 188
76 193
80 203
82 213
82 223
80 236
84 246
84 256
94 259
104 259
114 259
124 259
130 251
124 242
121 232
120 222
119 212
121 202
126 193
131 184
137 174
143 166
149 156
159 157
169 159
179 161
189 161
199 161
209 160
214 169
216 194
218 204
218 214
220 224
220 234
222 244
224 254
233 259
243 259
253 259
261 251
256 242
253 232
251 222
251 212
251 202
253 190
255 180
255 170
255 160
259 150
265 142
271 130
275 116
279 104
284 95
289 84
299 81
309 83
319 85
329 89
339 89
347 77
343 67
337 59
332 50
326 42
323 32
323 20
313 20
303 24
293 27
283 31
274 36
265 41
257 49
249 57
241 63
232 68
222 72
212 76
202 80
192 82
182 82
172 82
162 82
152 80
142 79
132 78
122 80
112 82
102 86
94 80
84 80
74 84
68 92
63 101
58 110
