41 82
40 72
46 64
54 54
60 46
66 34
76 22
86 24
96 26
106 29
116 33
125 38
132 46
140 52
148 59
157 64
166 69
176 72
186 76
196 80
206 80
216 82
226 82
236 82
246 82
256 80
266 78
276 78
286 79
296 82
306 86
316 82
326 80
336 82
344 89
349 98
354 107
357 117
361 127
359 144
359 158
356 173
351 182
343 190
333 193
326 178
330 165
330 155
328 145
323 120
323 130
319 140
315 154
315 164
315 174
317 184
323 192
321 210
321 220
321 230
317 246
316 257
306 259
296 259
288 252
294 242
298 230
298 220
298 210
296 200
291 191
285 183
279 175
273 167
267 159
259 153
249 157
239 159
229 161
219 161
209 161
199 161
189 159
179 160
177 170
177 180
175 192
173 206
173 216
173 226
172 239
167 248
158 259
148 259
143 247
148 238
152 224
152 214
152 204
150 194
148 170
147 160
141 152
135 144
130 135
126 125
121 116
116 107
112 97
106 89
99 81
89 82
79 83
69 85
59 88
49 89
