80 322
80 312
82 300
82 290
87 281
96 276
106 276
116 276
126 277
136 280
142 266
144 256
143 246
134 241
126 235
118 228
112 220
110 210
110 190
118 182
127 177
137 174
147 172
157 172
167 170
176 164
171 152
162 147
153 142
149 132
146 122
144 112
144 102
152 96
160 88
170 86
180 84
186 76
192 68
198 58
202 40
208 30
216 24
226 20
236 22
246 25
252 33
259 25
268 20
278 21
288 25
295 33
295 43
297 53
305 60
310 69
313 79
317 89
317 99
317 114
314 129
309 138
304 147
299 156
301 166
304 176
307 186
309 196
307 206
303 216
301 234
301 244
301 254
303 264
303 274
303 284
297 300
297 310
297 320
295 338
293 348
288 363
278 367
268 371
258 371
248 369
238 369
228 367
218 367
208 371
198 371
188 371
178 371
168 368
159 363
149 365
139 368
129 371
119 371
109 369
99 365
89 361
84 352
82 342
82 332
