48 260
48 250
58 248
74 248
84 248
94 248
104 248
114 248
124 248
134 248
144 248
154 248
164 242
164 232
155 227
145 227
135 227
125 227
115 227
105 227
95 227
85 227
75 227
70 218
80 218
90 218
100 218
110 218
120 218
130 218
140 218
150 218
160 218
164 203
158 195
148 195
138 195
128 195
118 195
108 195
98 195
88 195
78 195
70 188
83 186
93 186
103 186
113 186
123 186
133 186
143 186
153 186
163 185
164 171
164 161
157 153
147 153
137 153
127 153
117 153
107 153
97 153
87 153
82 144
82 134
82 124
82 114
82 104
82 94
82 84
82 74
82 64
82 54
82 44
82 34
82 24
92 20
102 20
112 20
122 20
132 20
142 20
152 20
162 20
172 20
182 20
192 20
202 20
212 20
222 20
232 20
242 20
252 20
262 20
272 20
282 20
292 20
302 20
312 20
317 29
317 39
317 49
317 59
317 69
317 79
317 89
317 99
317 109
317 119
317 129
317 139
313 153
303 153
293 153
283 153
273 153
263 153
253 153
243 153
233 153
223 154
223 164
223 174
223 184
233 186
243 186
253 186
263 186
273 186
283 186
293 186
303 186
313 186
323 186
333 186
328 195
318 195
308 195
298 195
288 195
278 195
268 195
258 195
248 195
238 195
223 196
223 206
223 216
233 218
243 218
253 218
263 218
273 218
283 218
293 218
303 218
313 218
323 218
333 218
328 227
318 227
308 227
298 227
288 227
278 227
268 227
258 227
248 227
238 227
223 228
223 238
224 248
240 248
250 248
260 248
270 248
280 248
290 248
300 248
310 248
320 248
330 248
346 248
353 256
353 266
343 271
333 269
323 271
313 269
303 269
293 269
283 269
273 269
263 269
253 269
243 269
233 269
223 269
213 269
203 269
193 269
183 269
173 269
163 269
153 269
143 269
133 269
123 269
113 269
103 269
93 269
83 270
73 269
63 269
53 269
