48 262
48 252
58 248
68 248
78 248
88 248
98 248
108 248
118 248
128 248
138 248
154 248
170 248
174 236
169 227
159 227
149 227
139 227
129 227
119 227
109 227
99 227
89 227
79 227
69 227
64 218
74 218
84 218
94 218
104 218
114 218
124 218
134 218
144 218
154 218
164 218
174 215
174 205
172 195
162 195
152 195
142 195
132 195
122 195
112 195
102 195
92 195
82 195
72 195
64 188
77 186
87 186
97 186
107 186
117 186
127 186
137 186
147 186
157 186
167 186
174 171
174 161
167 153
157 153
147 153
137 153
127 153
117 153
107 153
97 153
87 153
82 144
82 134
82 124
82 114
82 104
82 94
82 84
82 74
82 64
82 54
82 44
82 34
82 24
92 20
102 20
112 20
122 20
132 20
142 20
152 20
162 20
172 20
182 20
192 20
202 20
212 20
222 20
232 20
242 20
252 20
262 20
272 20
282 20
292 20
302 20
312 20
321 25
321 35
321 45
321 55
321 65
321 75
321 85
321 95
321 105
321 115
321 125
321 135
321 145
313 153
303 153
293 153
283 153
273 153
263 153
253 153
243 153
233 154
233 164
233 174
233 184
243 186
253 186
263 186
273 186
283 186
293 186
303 186
313 186
323 186
328 195
318 195
308 195
298 195
288 195
278 195
268 195
258 195
248 195
233 196
233 206
233 216
243 218
253 218
263 218
273 218
283 218
293 218
303 218
313 218
323 218
331 224
318 227
308 227
298 227
288 227
278 227
268 227
258 227
248 227
233 228
233 238
234 248
250 248
266 248
276 248
286 248
296 248
306 248
316 248
326 248
336 248
346 248
351 257
344 271
334 270
324 272
314 269
304 269
294 269
284 269
274 269
264 269
254 269
244 269
234 269
224 269
214 269
204 269
194 269
184 269
174 269
164 269
154 269
144 269
134 269
124 269
114 269
104 269
94 269
84 269
74 269
64 271
54 270
