78 262
78 252
88 248
98 248
108 248
118 248
128 248
138 248
148 248
158 248
174 248
190 248
196 237
193 227
183 227
173 227
163 227
153 227
143 227
133 227
123 227
113 227
103 227
93 227
88 218
98 218
108 218
118 218
128 218
138 218
148 218
158 218
168 218
178 218
188 218
196 206
196 196
186 195
176 195
166 195
156 195
146 195
136 195
126 195
116 195
106 195
96 195
88 188
101 186
111 186
121 186
131 186
141 186
151 186
161 186
171 186
181 186
191 186
196 173
196 163
194 153
184 153
174 153
164 153
154 153
144 153
134 152
134 142
134 132
134 122
134 112
134 102
134 92
134 82
134 72
134 62
134 52
134 42
134 32
134 22
144 20
154 20
164 20
174 20
184 20
194 20
204 20
214 20
224 20
234 20
244 20
254 20
264 20
274 21
277 31
277 41
277 51
277 61
277 71
277 81
277 91
277 101
277 111
277 121
277 131
277 141
273 153
263 153
253 153
243 154
243 164
243 174
243 184
253 186
263 186
273 186
283 186
288 195
278 195
268 195
258 195
243 196
243 206
243 216
253 218
263 218
273 218
283 218
278 227
268 227
258 227
243 228
243 238
244 248
254 248
264 248
274 248
284 248
294 248
304 248
314 248
323 253
323 263
316 271
306 270
296 269
286 269
276 269
266 269
256 269
246 272
236 269
226 269
216 269
206 269
196 269
186 269
176 269
166 269
156 269
146 269
136 269
126 269
116 269
106 269
96 273
86 269
