26 216
26 206
28 194
28 184
28 174
30 156
30 146
30 136
32 118
32 108
34 94
34 84
36 66
40 54
48 48
58 46
68 44
78 44
84 36
93 31
101 37
111 40
121 40
131 40
141 40
148 30
158 31
167 36
174 44
179 53
184 62
187 72
189 82
191 92
193 102
193 112
194 122
195 132
193 150
193 160
191 172
189 184
187 194
183 208
179 218
173 228
171 238
177 246
187 246
197 246
207 246
217 246
227 246
237 246
247 246
257 246
267 246
277 246
287 246
297 246
307 246
317 246
325 253
309 260
304 269
302 279
297 288
291 298
285 306
277 316
271 324
265 332
259 342
255 352
251 366
250 381
251 391
256 400
264 407
269 416
277 422
284 430
277 442
267 445
257 445
247 447
237 447
227 447
217 447
207 449
197 447
187 447
177 447
167 447
157 447
147 445
137 443
127 440
124 430
132 422
140 416
138 406
132 398
124 391
118 383
112 375
107 366
102 357
98 347
94 337
89 328
83 320
75 314
66 309
58 303
50 297
43 289
37 281
32 272
30 262
26 236
26 226
