32 246
24 252
39 254
45 262
48 272
51 282
56 291
61 300
67 308
74 316
81 324
87 332
92 341
96 351
100 361
102 371
102 381
100 392
92 402
86 410
80 418
72 424
66 432
71 441
81 443
91 445
101 447
111 447
121 447
131 447
141 447
151 449
161 447
171 447
181 447
191 447
201 446
211 445
221 443
230 437
224 424
216 418
215 408
223 398
231 390
237 382
243 374
249 364
254 355
259 344
263 334
269 326
277 318
285 312
294 307
302 301
310 295
316 287
321 278
325 268
329 256
329 246
331 234
331 224
331 214
331 204
329 194
329 184
329 174
327 164
327 154
327 144
327 134
325 124
325 114
325 104
323 94
323 84
322 74
321 64
317 54
311 46
301 44
291 42
281 42
272 37
264 30
245 38
235 38
225 38
215 36
208 28
198 32
190 40
184 50
180 60
176 74
174 84
172 96
172 106
170 120
170 130
170 140
170 150
172 160
172 170
174 180
176 190
178 200
180 210
184 220
189 229
185 246
175 246
165 246
155 246
145 246
135 246
125 246
115 246
105 246
95 246
85 246
75 246
65 246
55 246
45 246
