43 255
38 246
48 246
58 246
68 246
78 246
88 246
98 246
108 246
118 246
128 246
138 246
148 246
152 232
152 222
150 212
146 202
142 192
138 182
136 172
134 162
133 152
132 142
132 132
132 122
132 112
132 102
134 86
138 72
143 63
147 53
153 45
161 37
170 32
180 28
187 36
197 40
207 40
217 40
227 40
237 40
246 30
256 30
265 35
273 41
282 46
292 47
300 53
303 63
305 73
305 83
305 93
309 103
309 113
311 123
311 133
311 143
311 153
313 163
313 173
313 183
315 193
315 203
315 213
315 223
317 233
314 247
311 262
308 273
304 283
298 291
290 299
282 305
273 310
265 316
257 324
251 334
247 344
244 357
239 366
235 376
229 384
223 394
217 402
211 410
214 420
223 425
224 441
214 445
204 447
194 447
184 447
174 449
164 449
154 449
144 449
134 449
124 447
114 447
104 446
94 445
85 440
82 430
90 424
98 414
104 406
110 398
115 389
114 372
112 362
108 352
105 342
98 334
94 324
88 316
82 308
76 300
70 292
67 282
62 273
60 263
53 255
