100 132
102 142
102 260
102 270
102 280
102 290
102 300
102 310
104 122
104 238
104 248
104 320
104 330
106 152
106 222
106 340
106 350
107 360
108 162
108 172
108 182
108 192
108 202
108 212
112 116
117 350
117 361
119 322
120 110
120 332
129 321
130 106
139 321
140 102
149 323
150 98
159 323
160 96
169 323
170 94
179 323
180 90
189 323
190 88
198 82
199 323
207 77
209 323
217 73
219 323
225 65
229 323
230 56
239 323
240 54
249 323
250 55
255 64
259 323
261 72
269 323
271 76
279 323
281 80
284 90
289 323
294 91
299 323
304 94
309 323
314 96
319 323
324 99
329 323
334 102
339 323
344 106
349 323
353 111
355 331
356 350
359 360
362 116
363 154
363 164
364 174
368 349
369 144
369 361
370 123
370 323
371 333
373 133
374 176
380 323
384 179
390 323
392 333
393 184
394 343
394 358
402 189
403 363
410 195
411 346
411 356
413 328
419 200
423 327
425 208
433 214
433 327
443 218
443 331
453 216
453 333
463 214
463 330
472 325
473 213
482 325
483 212
492 328
493 212
501 333
502 206
510 200
511 337
520 196
521 341
530 192
531 343
538 186
541 345
548 186
551 345
556 192
561 343
566 196
571 340
576 200
580 335
584 206
590 331
593 211
600 327
603 212
610 325
613 212
620 326
623 214
628 332
633 216
638 333
643 218
648 329
653 220
658 327
663 222
668 327
673 226
676 333
676 344
676 354
681 363
683 230
685 290
685 300
685 310
686 320
687 266
687 276
687 350
690 330
691 236
691 340
691 360
695 256
696 245
