94 246
94 256
96 334
96 344
96 360
100 238
100 264
102 274
102 284
102 294
102 314
102 324
102 352
104 304
106 339
108 232
112 327
116 226
122 327
126 222
132 331
136 218
142 329
146 216
150 323
156 216
159 328
166 214
168 333
172 206
176 339
180 200
186 343
188 192
196 345
198 190
206 343
207 195
215 201
216 339
223 208
224 331
231 214
234 327
241 216
244 324
251 218
251 332
261 218
261 331
270 223
271 327
280 227
280 336
282 346
282 358
288 234
291 363
292 353
293 332
293 342
295 322
298 236
305 321
308 234
315 321
318 234
325 321
328 234
335 321
338 234
345 321
348 234
355 321
358 234
365 321
368 234
375 321
378 234
385 321
388 234
395 321
398 234
405 321
408 232
415 321
416 220
424 214
425 321
432 206
435 321
440 200
445 321
448 194
455 321
456 188
465 321
466 184
475 321
476 182
485 321
486 180
495 321
496 180
505 321
506 180
515 321
516 174
518 130
520 358
521 140
522 330
522 340
523 121
526 149
526 159
526 172
530 347
530 359
531 114
532 335
535 322
539 108
545 321
549 103
555 321
558 98
565 321
568 94
575 321
577 89
582 80
585 321
590 74
595 321
598 64
602 54
605 321
612 55
615 321
617 64
618 74
625 321
628 77
634 85
635 321
643 90
645 321
652 95
655 321
662 98
665 321
670 104
675 321
680 107
685 321
686 331
686 341
686 360
688 113
695 121
695 346
699 144
699 154
699 164
699 174
699 184
699 194
699 204
699 214
699 224
699 326
699 336
700 234
701 129
701 244
701 254
701 264
701 310
702 274
703 284
703 294
