92 84
92 94
98 74
102 93
104 64
108 52
110 85
114 44
118 77
123 39
127 72
133 38
135 66
138 90
140 75
140 100
143 40
146 108
152 45
154 114
157 54
164 44
164 115
170 36
170 268
172 107
177 84
177 94
178 28
179 273
184 264
186 89
188 24
188 99
189 275
190 109
192 119
194 129
194 262
196 139
198 20
198 149
199 275
200 159
200 242
200 252
202 228
204 169
204 212
206 179
206 189
206 199
208 20
209 275
211 250
211 260
213 236
215 220
217 206
218 20
219 170
219 180
219 190
219 275
227 262
228 23
229 242
229 252
231 224
233 206
235 150
235 160
235 170
235 180
235 190
237 28
237 118
237 128
237 138
246 33
247 121
254 39
255 127
261 47
265 131
267 55
273 63
275 129
279 71
285 79
285 130
291 87
295 131
296 96
301 105
305 115
305 128
