62 86
67 95
70 78
76 70
77 90
82 62
85 84
86 52
92 44
93 78
102 40
102 73
112 38
112 69
122 38
122 65
124 88
126 75
126 98
131 107
132 41
139 113
140 47
146 55
149 115
152 63
156 48
159 113
162 38
166 105
170 32
170 95
171 84
177 76
178 268
179 27
187 79
187 273
189 24
192 264
194 87
197 275
199 21
202 93
202 262
206 103
206 113
207 275
208 123
209 20
210 133
212 143
212 256
214 153
214 244
216 232
217 275
218 163
218 220
219 20
220 173
220 190
220 206
227 252
227 262
229 20
229 240
231 228
233 216
235 202
237 112
237 122
237 132
237 142
237 152
237 162
237 172
237 182
237 192
239 24
247 113
249 28
257 115
259 32
265 121
268 37
275 123
276 43
283 51
285 127
291 58
295 131
298 66
305 128
306 72
314 79
315 127
320 87
325 96
325 131
331 104
335 114
335 129
