48 74
51 84
54 64
60 89
62 54
68 44
70 87
72 22
74 32
80 83
82 20
90 83
92 24
100 81
102 26
110 84
112 29
115 93
118 103
121 34
122 113
126 123
130 39
130 133
135 142
138 45
138 254
140 151
144 242
145 53
146 159
146 169
146 184
147 259
148 194
148 230
150 204
150 214
153 60
157 259
162 65
167 259
171 70
175 246
179 220
179 230
181 74
181 196
181 206
183 178
185 166
191 78
194 161
201 80
204 161
211 82
214 161
221 82
224 161
231 82
234 159
241 82
244 157
251 80
254 155
260 163
261 79
266 171
271 78
272 179
276 252
277 188
281 78
282 242
283 196
284 259
286 206
286 226
288 216
291 82
294 259
301 86
304 259
311 81
314 259
315 154
315 164
315 174
317 184
319 246
321 80
321 210
321 220
321 230
323 194
331 84
333 191
338 92
342 185
343 101
347 111
347 176
351 121
351 144
351 162
353 131
