144 48
144 72
145 82
146 26
146 58
147 36
152 102
152 112
152 122
152 132
152 142
153 89
155 152
156 23
156 162
156 172
156 250
158 182
158 192
158 240
160 202
160 212
160 222
161 259
166 25
171 259
175 196
175 206
176 23
176 216
177 164
177 174
177 184
177 226
177 236
179 33
179 246
185 41
186 254
187 163
188 173
189 51
189 241
190 183
191 231
192 193
192 218
194 60
194 203
195 259
199 69
204 78
205 259
209 208
209 218
209 228
209 238
209 248
211 194
213 162
213 174
213 184
214 78
221 191
224 80
231 193
234 82
234 252
236 202
236 242
238 212
238 222
238 232
239 91
242 259
245 99
251 107
251 150
251 160
251 170
251 180
251 190
252 259
253 117
253 127
253 137
253 200
253 210
253 220
255 230
255 240
257 250
