82 70
82 80
87 61
87 89
92 46
96 22
97 32
97 89
106 23
107 85
116 20
117 83
124 26
127 87
130 97
132 107
134 30
134 117
136 127
138 137
142 147
142 252
143 35
146 157
146 242
148 167
148 177
148 187
150 197
150 228
150 259
151 42
152 207
152 217
157 50
160 259
163 58
169 190
169 200
169 210
169 220
169 230
170 66
170 259
171 166
171 176
179 71
180 259
188 76
189 248
191 224
191 234
193 200
193 210
195 190
197 166
197 176
198 80
206 161
208 82
216 161
218 82
226 159
228 82
234 165
238 80
238 175
240 254
243 184
246 242
248 78
248 193
249 259
250 228
252 203
252 213
258 78
259 259
267 178
267 244
268 81
269 188
269 208
269 218
269 228
271 198
278 82
278 250
281 197
282 240
283 259
284 207
284 217
284 227
288 80
293 259
298 83
301 206
301 216
301 226
301 246
303 190
303 236
303 256
304 91
307 101
311 182
312 110
315 120
315 168
316 145
317 130
317 155
