58 74
60 84
63 65
69 57
69 89
74 46
78 24
79 87
80 36
88 23
89 83
98 23
99 83
108 26
109 81
116 89
118 30
120 99
124 109
128 34
128 119
130 129
134 139
136 40
138 252
139 148
143 243
144 47
144 157
146 167
146 177
146 187
146 259
147 233
148 197
148 220
150 207
151 55
156 259
159 61
166 259
168 66
176 259
177 71
179 246
183 218
183 228
185 196
185 206
186 76
187 176
187 186
189 164
196 78
199 161
206 81
209 161
216 82
219 161
226 82
229 160
236 82
239 158
246 80
248 163
254 171
256 78
260 179
262 254
265 188
266 78
268 244
270 197
271 259
272 232
274 207
274 217
276 80
281 259
286 82
289 244
291 224
291 259
292 234
293 202
293 212
296 84
301 259
306 80
311 259
315 208
315 218
315 228
315 244
316 81
317 194
324 87
326 189
329 96
333 106
334 181
337 116
338 171
339 126
339 144
341 154
