144 72
145 82
146 26
146 44
146 54
152 106
152 116
152 132
153 89
154 142
156 23
156 152
156 252
158 162
158 172
158 182
158 242
159 192
160 202
160 230
162 212
164 259
166 24
174 259
176 23
177 174
177 190
177 200
177 210
177 220
177 230
179 160
179 240
179 250
181 32
183 42
186 52
186 258
188 165
188 245
190 175
191 61
192 185
192 195
192 226
194 205
194 215
195 71
196 259
201 79
206 259
209 216
209 226
209 236
211 78
211 198
211 246
215 184
221 78
223 191
231 80
233 193
234 254
238 88
238 202
238 212
238 222
238 232
238 242
243 259
244 96
250 104
251 164
251 174
251 184
253 114
253 140
253 150
253 194
253 204
253 214
253 259
255 124
255 224
255 234
257 244
