154 240
154 250
156 118
156 128
156 138
156 226
158 148
158 192
158 202
158 212
159 259
160 106
160 158
160 168
160 178
165 97
169 259
171 89
173 206
173 216
173 226
173 236
175 196
175 246
179 81
185 193
188 203
188 242
188 252
189 78
190 213
190 223
196 70
196 259
202 58
206 259
207 49
210 38
212 26
216 259
217 202
218 212
219 188
219 222
222 22
226 259
232 26
236 259
239 196
239 206
239 216
239 226
239 236
240 20
241 88
241 176
241 186
241 246
243 38
243 98
243 150
243 160
245 54
245 64
245 74
245 140
246 108
247 118
247 128
