58 134
60 122
60 144
60 154
60 164
62 174
64 110
67 183
69 101
74 90
75 189
82 82
82 238
83 195
84 205
84 215
84 225
86 248
87 258
92 80
97 259
102 83
103 206
103 216
103 226
103 236
107 246
107 259
112 82
117 259
122 80
125 208
125 218
126 228
127 259
129 196
129 238
132 78
133 248
134 187
139 178
142 78
145 170
151 162
152 80
161 159
162 82
171 161
172 82
181 161
182 82
191 161
192 82
201 161
202 80
210 166
212 76
212 176
212 186
214 196
214 206
216 216
216 226
216 236
219 246
220 256
222 72
230 259
232 68
240 62
240 259
248 56
250 259
251 196
251 206
251 216
251 226
253 168
253 178
253 236
255 158
256 48
257 246
259 148
260 259
264 40
265 140
269 128
272 34
273 114
277 102
281 92
282 30
286 83
292 26
296 81
302 22
306 83
312 22
316 86
319 30
320 40
326 48
326 89
331 57
336 66
336 87
341 75
