124 72
124 82
128 46
128 56
130 24
131 34
132 89
140 23
142 89
148 97
148 107
148 117
150 22
150 127
150 137
152 147
152 254
154 157
156 167
156 177
156 187
156 242
158 197
158 232
160 25
160 207
160 217
161 259
167 33
171 259
173 41
175 194
175 204
175 214
175 224
177 51
177 166
177 176
177 234
177 244
182 60
182 254
185 159
187 239
188 68
189 229
190 168
190 178
190 188
190 216
191 259
192 198
194 76
201 259
204 80
205 226
205 248
206 236
207 204
207 214
209 192
211 259
214 82
215 231
216 219
217 201
221 259
224 80
231 246
231 256
233 154
233 164
233 174
233 184
233 206
233 216
233 226
233 236
234 78
235 194
242 159
242 169
244 80
244 179
244 189
253 194
254 80
254 252
258 203
258 213
258 223
258 233
262 86
262 259
267 95
271 105
271 184
272 259
273 115
274 194
275 125
275 135
275 170
275 204
275 214
275 224
276 234
277 145
277 155
277 244
