76 306
76 316
76 326
77 336
78 290
78 346
82 356
84 280
90 363
94 276
100 367
104 190
104 200
104 276
105 210
106 220
110 370
112 182
112 228
114 276
120 235
120 371
121 177
124 277
129 240
130 371
131 174
134 280
138 245
140 367
141 172
144 266
144 276
146 256
148 108
150 363
151 172
152 98
152 118
152 128
157 137
160 363
161 93
161 170
163 145
170 88
170 362
171 165
172 150
180 86
180 366
186 78
189 371
192 70
198 40
198 50
198 60
199 371
204 30
209 371
212 24
219 371
222 21
229 369
232 22
239 369
242 24
248 32
249 369
258 30
259 371
266 24
269 371
276 20
279 368
286 21
289 364
295 356
296 25
297 346
301 300
301 310
301 320
301 330
303 33
303 50
303 158
305 240
305 250
305 260
305 270
307 148
307 168
307 280
307 290
308 59
309 224
311 178
312 139
313 68
313 214
315 188
317 78
317 128
318 198
321 88
321 98
321 108
321 118
