58 252
58 262
66 269
68 248
76 254
76 269
84 248
86 269
90 188
90 218
92 254
95 227
96 269
98 195
100 218
100 248
103 186
104 22
104 32
104 42
104 52
104 62
104 72
104 82
104 92
104 102
104 112
104 122
104 132
104 142
105 227
106 269
107 152
108 195
108 254
110 218
113 186
114 20
115 227
116 248
116 271
117 153
118 195
120 218
123 186
124 20
125 227
126 248
126 269
127 153
128 195
130 218
133 186
134 20
135 227
136 248
136 269
137 153
138 195
140 218
143 186
144 20
145 227
146 248
146 269
147 153
148 195
150 218
153 186
154 20
155 227
156 248
156 269
157 153
158 163
158 173
158 196
158 206
158 237
164 20
166 269
174 20
176 269
184 20
186 269
194 20
196 269
204 20
206 269
213 154
213 164
213 174
213 184
213 196
213 206
213 216
213 228
213 238
214 20
214 248
216 269
223 153
223 186
223 218
224 20
224 248
226 269
228 195
228 227
233 153
233 186
233 218
234 20
234 248
236 269
238 195
238 227
243 153
243 186
243 218
244 20
244 248
246 269
248 195
248 227
253 153
253 186
253 218
254 20
254 248
256 269
258 195
258 227
263 153
263 186
263 218
264 20
264 248
266 269
268 195
268 227
273 153
273 186
273 218
274 20
274 248
276 273
278 195
278 227
283 153
283 186
283 218
284 20
284 248
286 269
288 195
288 227
292 254
293 25
293 35
293 45
293 55
293 65
293 75
293 85
293 95
293 105
293 115
293 125
293 135
293 145
293 186
293 218
296 269
298 195
298 227
300 248
303 186
303 218
306 269
308 195
308 227
308 254
313 186
313 218
316 248
316 269
318 195
318 227
323 186
323 218
326 248
326 273
328 195
336 248
336 269
341 257
