140 250
140 260
143 270
150 248
153 270
160 248
163 269
166 40
166 50
166 60
166 70
166 80
166 90
166 100
166 110
166 120
166 130
166 140
166 150
166 160
166 170
166 180
166 190
166 200
166 210
166 220
166 230
166 240
173 269
176 40
180 24
183 269
190 20
191 154
191 164
191 174
191 184
191 198
191 208
191 228
191 238
192 218
192 248
193 269
200 20
200 254
201 153
201 186
201 227
203 269
206 195
206 218
208 248
210 22
211 148
211 186
211 227
213 269
215 31
215 41
215 51
215 61
215 71
215 81
215 91
215 101
215 111
215 121
215 131
216 195
216 218
218 248
221 186
221 227
223 273
226 195
226 218
228 248
231 186
231 227
233 269
236 195
236 218
238 248
241 186
241 227
243 269
246 195
246 218
248 248
251 186
251 227
253 270
256 195
256 218
258 248
261 258
