106 250
106 260
111 269
116 248
121 269
124 254
131 269
132 248
140 188
140 218
140 254
141 269
145 227
148 42
148 52
148 62
148 72
148 195
148 248
150 218
151 269
152 24
152 82
152 92
152 102
152 112
152 122
152 132
152 142
153 186
155 152
155 227
156 254
158 195
160 218
161 269
162 20
162 160
162 170
162 180
162 205
162 235
162 245
171 269
172 20
181 269
182 20
191 272
192 20
199 154
199 164
199 174
199 184
199 198
199 208
199 228
199 238
200 218
200 248
201 269
202 20
209 153
209 186
209 227
210 248
211 272
212 20
214 195
214 218
219 153
219 186
219 227
220 248
221 269
222 20
224 195
224 218
228 254
229 153
229 186
229 227
231 269
232 20
234 195
234 218
236 248
239 153
239 186
239 227
241 269
242 22
243 32
243 42
243 52
243 62
243 72
243 82
243 92
243 102
243 112
243 122
243 132
243 142
244 195
244 218
244 254
249 186
249 227
251 269
252 248
254 195
254 218
259 186
259 227
260 254
261 269
264 195
264 218
268 248
269 186
269 227
271 269
274 195
274 218
278 248
279 186
279 227
281 273
284 195
284 218
288 248
291 269
295 256
