48 252
48 262
54 270
58 248
64 188
64 218
64 271
68 248
69 227
72 195
74 218
74 269
77 186
78 248
79 227
82 24
82 34
82 44
82 54
82 64
82 74
82 84
82 94
82 104
82 114
82 124
82 134
82 144
82 195
84 218
84 269
87 153
87 186
88 248
89 227
92 20
92 195
94 218
94 269
97 153
97 186
98 248
99 227
102 20
102 195
104 218
104 269
107 153
107 186
108 248
109 227
112 20
112 195
114 218
114 269
117 153
117 186
118 248
119 227
122 20
122 195
124 218
124 269
127 153
127 186
128 248
129 227
132 20
132 195
134 218
134 269
137 153
137 186
138 248
139 227
142 20
142 195
144 218
144 269
146 254
147 153
147 186
149 227
152 20
152 195
154 218
154 248
154 269
157 153
157 186
159 227
162 20
162 195
162 254
164 218
164 269
167 153
167 186
169 227
170 248
172 20
172 195
174 161
174 171
174 205
174 215
174 236
174 269
182 20
184 269
192 20
194 269
202 20
204 269
212 20
214 269
222 20
224 269
232 20
233 154
233 164
233 174
233 184
233 196
233 206
233 216
233 228
233 238
234 248
234 269
242 20
242 254
243 153
243 186
243 218
244 269
248 195
248 227
250 248
252 20
253 153
253 186
253 218
254 269
258 195
258 227
258 254
262 20
263 153
263 186
263 218
264 269
266 248
268 195
268 227
272 20
273 153
273 186
273 218
274 269
276 248
278 195
278 227
282 20
283 153
283 186
283 218
284 269
286 248
288 195
288 227
292 20
293 153
293 186
293 218
294 269
296 248
298 195
298 227
302 20
303 153
303 186
303 218
304 269
306 248
308 195
308 227
312 20
313 153
313 186
313 218
314 269
316 248
318 195
318 227
321 25
321 35
321 45
321 55
321 65
321 75
321 85
321 95
321 105
321 115
321 125
321 135
321 145
323 186
323 218
324 272
326 248
328 195
331 224
334 270
336 248
344 271
346 248
351 257
