38 224
38 234
39 244
40 190
40 200
40 210
40 254
42 162
42 172
44 128
44 138
44 148
44 264
46 104
46 114
46 274
48 82
48 92
50 64
50 284
54 54
56 292
62 46
64 298
72 44
72 304
80 310
82 40
89 315
90 32
96 323
100 28
101 332
105 342
109 33
109 352
113 362
117 372
118 38
122 381
126 430
128 38
128 389
129 440
134 397
134 422
138 38
139 443
140 405
142 415
148 38
149 445
158 38
159 447
168 30
169 447
178 28
179 447
188 32
189 447
196 38
199 449
201 214
201 224
201 234
201 244
203 46
207 202
209 54
209 447
211 192
211 246
213 64
215 178
217 74
219 84
219 160
219 447
221 94
221 104
221 142
221 246
223 114
223 124
229 447
231 246
239 374
239 384
239 447
241 246
241 394
243 358
247 348
247 402
249 445
251 246
252 339
253 410
257 330
259 418
259 443
261 246
263 322
267 424
269 314
269 438
271 246
275 306
281 246
281 296
286 287
290 277
291 246
292 267
297 258
301 246
307 255
312 246
