80 106
80 116
82 86
82 96
82 126
82 136
84 146
85 156
86 70
86 208
86 218
86 228
86 238
86 252
88 166
88 182
88 192
88 262
90 272
91 61
95 281
96 52
100 290
102 44
107 298
110 38
115 305
120 34
121 313
127 321
128 426
128 436
130 30
132 330
134 340
135 350
136 443
137 360
137 421
139 35
139 370
142 380
142 412
145 390
146 445
147 403
148 40
156 447
158 40
166 447
168 40
176 447
178 40
186 447
188 40
196 447
198 40
206 447
208 36
213 380
213 390
214 400
216 30
216 447
217 366
220 408
221 354
225 344
225 417
226 32
226 445
230 335
233 424
235 37
235 326
235 438
241 316
243 43
247 308
251 50
253 188
253 198
253 208
253 298
255 218
255 228
255 238
256 59
257 178
259 288
261 68
261 164
261 246
263 78
263 276
265 88
265 144
265 154
267 98
267 108
267 118
267 128
267 262
271 246
276 257
