34 204
34 214
34 224
34 234
34 244
35 254
36 176
36 186
38 140
38 150
38 160
38 264
40 112
40 122
41 274
42 90
42 100
44 70
44 80
46 60
46 283
51 51
52 291
60 46
60 298
68 304
70 42
76 310
80 40
85 315
88 34
92 323
97 29
98 331
102 341
106 351
107 28
110 38
110 361
114 371
120 38
120 379
125 388
126 428
127 438
130 38
132 396
134 422
136 443
139 404
140 38
142 414
146 445
150 38
156 446
160 36
166 28
166 447
176 30
176 447
185 35
186 447
191 222
191 236
192 246
193 42
196 213
196 448
199 50
201 200
202 246
203 60
205 188
206 449
207 70
209 80
209 172
211 90
211 160
212 246
213 100
213 110
213 136
213 146
214 120
216 447
222 246
226 447
232 246
236 447
242 246
243 380
245 368
245 390
246 447
249 354
250 399
252 246
253 344
256 407
256 445
258 335
261 416
262 246
263 326
266 443
269 318
269 422
272 246
275 438
277 308
282 246
283 300
289 290
292 246
294 281
297 264
302 246
303 256
312 246
317 255
