44 248
50 256
54 246
60 257
64 246
68 263
70 273
74 246
74 283
78 293
83 302
84 246
89 310
92 426
92 436
94 246
95 318
100 327
100 443
101 421
104 246
106 335
107 413
110 345
110 445
113 405
114 246
114 355
118 365
118 396
120 375
120 447
122 385
124 114
124 124
124 246
125 134
126 92
126 102
126 144
127 154
128 82
128 164
130 447
131 174
132 68
134 184
134 246
136 58
137 194
140 447
141 49
142 203
144 246
146 213
146 223
146 233
149 41
150 447
157 34
160 449
167 29
170 447
177 28
180 447
183 36
190 447
193 38
200 447
203 38
210 445
213 38
213 410
216 420
218 401
220 443
223 38
224 393
225 425
228 437
229 384
233 38
234 375
239 364
243 35
243 354
247 342
251 28
251 330
257 322
261 32
265 314
270 37
273 308
278 44
281 302
288 46
289 296
296 53
297 288
299 63
301 73
301 83
303 93
303 103
303 278
305 113
305 123
307 133
307 143
307 153
307 266
309 163
309 173
309 183
309 246
311 193
311 203
311 213
311 223
311 256
313 233
