38 246
43 255
48 246
53 255
58 246
60 263
62 273
67 282
68 246
70 292
76 300
78 246
82 308
82 430
85 440
88 246
88 316
90 424
94 324
94 445
98 246
98 334
98 414
104 406
104 446
105 342
108 246
108 352
110 398
112 362
114 372
114 447
115 389
118 246
124 447
128 246
132 102
132 112
132 122
132 132
132 142
133 152
134 86
134 162
134 449
136 172
138 72
138 182
138 246
142 192
143 63
144 449
146 202
147 53
148 246
150 212
152 222
152 232
153 45
154 449
161 37
164 449
170 32
174 449
180 28
184 447
187 36
194 447
197 40
204 447
207 40
211 410
214 420
214 445
217 40
217 402
223 394
223 425
224 441
227 40
229 384
235 376
237 40
239 366
244 357
246 30
247 344
251 334
256 30
257 324
265 35
265 316
273 41
273 310
282 46
282 305
290 299
292 47
298 291
300 53
303 63
304 283
305 73
305 83
305 93
308 273
309 103
309 113
311 123
311 133
311 143
311 153
311 262
313 163
313 173
313 183
314 247
315 193
315 203
315 213
315 223
317 233
