26 214
26 224
26 234
26 244
28 180
28 190
28 200
28 254
30 144
30 154
30 164
31 264
32 114
32 124
32 134
34 88
34 98
34 274
36 68
36 78
38 284
40 56
44 292
48 48
51 300
58 46
60 305
68 44
68 311
77 316
78 44
84 36
85 322
91 330
92 30
96 339
100 349
101 35
104 359
109 368
110 40
114 377
120 40
120 385
124 430
126 393
127 440
130 40
132 424
134 400
137 443
140 40
140 408
140 418
147 445
148 30
157 447
158 31
167 36
167 447
172 243
173 228
174 44
177 447
179 53
179 218
182 246
183 63
183 206
187 73
187 192
187 447
189 83
189 182
191 93
191 170
192 246
193 103
193 113
193 123
193 144
193 154
195 133
197 447
202 246
207 449
212 246
217 447
222 246
227 447
232 246
237 447
242 246
247 447
249 378
251 366
251 388
252 246
255 352
256 397
257 445
259 342
262 246
262 405
265 332
267 445
268 413
271 324
272 246
274 421
277 316
277 442
282 246
283 426
285 306
285 436
291 298
292 246
297 288
302 246
302 279
305 264
311 254
317 246
325 253
