34 202
34 212
34 222
34 232
34 242
34 252
36 172
36 182
36 192
38 138
38 148
38 158
38 262
40 110
40 120
40 272
42 88
42 98
44 68
44 78
44 282
48 56
50 290
56 48
57 298
65 304
66 46
74 309
76 44
82 315
84 38
90 321
92 32
96 329
100 339
102 28
104 349
106 38
108 359
113 368
116 40
118 377
123 386
126 40
126 428
127 438
129 394
134 422
136 40
136 402
136 443
142 410
146 40
146 445
156 40
156 447
162 30
166 447
172 31
176 447
182 35
186 447
190 41
191 222
191 232
191 242
196 49
196 213
196 448
201 58
201 200
201 246
205 68
205 188
206 449
207 78
207 178
209 88
209 168
211 98
211 154
211 246
213 108
213 118
213 128
213 138
216 447
221 246
226 447
231 246
236 447
241 246
243 372
243 382
244 392
246 447
247 356
250 400
251 246
251 346
256 337
256 408
256 445
261 246
261 328
261 417
266 443
267 320
269 423
271 246
273 312
275 431
281 246
281 302
287 292
291 246
292 283
295 270
300 261
301 246
308 255
313 246
318 256
