50 248
57 256
60 246
67 257
70 246
74 265
76 275
78 285
80 246
83 294
88 303
90 246
94 311
96 432
100 246
100 319
101 441
102 424
105 328
110 246
110 337
110 418
111 445
115 346
115 409
116 104
116 114
116 124
116 134
118 88
118 144
118 154
119 356
120 78
120 164
120 246
120 400
121 445
122 366
123 174
124 66
124 376
126 184
126 386
128 56
130 194
130 246
131 447
134 48
134 204
136 214
136 224
136 234
140 40
141 447
148 34
151 447
158 30
161 449
168 28
171 447
174 36
181 447
184 38
191 447
194 38
201 447
204 38
211 445
213 406
213 416
214 38
219 396
221 422
221 442
224 38
225 386
228 430
230 377
234 38
235 366
239 354
240 28
243 340
247 328
250 29
253 320
260 33
261 312
268 39
269 306
277 44
277 300
285 294
286 49
291 58
291 286
293 68
295 78
295 88
297 98
297 108
297 276
299 118
299 128
299 138
301 148
301 158
301 168
301 264
303 178
303 188
303 198
303 246
305 208
305 218
305 228
