26 252
34 246
41 254
47 246
47 262
51 272
54 282
57 246
59 291
64 300
67 246
70 308
70 430
73 440
77 246
77 316
78 422
83 324
83 443
86 414
87 246
89 332
92 406
93 445
94 341
97 246
98 351
100 396
102 361
103 447
104 371
104 381
107 246
113 447
117 246
123 447
127 246
133 447
137 246
143 447
147 246
153 449
157 246
160 122
160 132
160 142
162 98
162 108
162 152
162 162
163 172
163 447
164 86
164 182
166 76
166 192
167 246
170 62
170 202
172 212
173 447
175 53
177 221
177 246
180 44
182 230
183 447
188 36
193 447
197 31
203 445
207 30
210 40
213 445
214 411
219 402
219 420
220 40
223 442
227 394
228 425
230 40
231 435
233 386
239 378
240 40
245 368
250 40
251 358
254 30
255 348
260 339
264 32
265 328
271 320
272 38
279 314
280 44
288 309
290 44
296 303
300 46
304 297
310 50
312 289
315 59
318 281
319 69
319 79
321 89
321 99
323 109
323 119
323 129
323 266
325 139
325 149
325 159
325 169
326 247
327 179
327 189
327 199
329 209
329 219
329 229
