66 248
71 257
76 246
81 259
86 246
86 268
87 278
91 288
96 246
96 297
101 306
102 108
102 118
103 128
104 90
104 138
105 148
106 78
106 158
106 246
106 315
109 168
110 66
110 430
112 178
112 323
113 440
115 57
116 188
116 246
116 422
118 331
120 48
120 198
120 208
120 218
120 228
122 341
122 445
124 416
127 350
128 40
129 407
130 360
132 446
134 370
134 398
136 34
136 380
142 447
146 30
152 447
156 28
162 36
162 447
172 38
172 449
182 38
182 447
192 38
192 447
202 38
202 447
212 38
212 445
213 404
215 414
217 394
221 422
222 38
222 385
222 443
226 375
229 428
230 365
232 28
233 352
235 342
239 328
242 28
244 319
252 32
252 311
260 38
260 305
268 44
268 297
274 52
276 289
279 61
281 71
282 281
285 81
285 91
285 126
285 136
287 101
287 111
287 146
287 156
287 166
287 266
289 176
289 186
289 196
289 246
291 206
291 216
291 226
291 236
291 256
