49 737
49 712
54 677
59 652
69 617
79 587
91 565
104 537
116 515
131 495
146 475
161 455
179 437
197 419
215 401
235 386
255 371
277 359
299 347
321 335
344 324
369 317
393 309
418 304
443 299
468 294
493 294
518 294
543 294
564 272
559 247
547 225
529 207
514 187
536 174
556 189
574 207
585 230
609 217
629 202
647 184
665 166
689 157
711 145
736 139
761 139
779 157
777 184
759 202
744 222
726 240
708 258
685 270
665 285
702 289
727 294
752 294
777 299
800 309
825 314
848 324
871 334
893 346
915 359
935 374
955 389
974 406
992 424
1010 442
1025 462
1040 482
1055 502
1067 524
1079 546
1090 569
1095 594
1105 617
1110 642
1115 667
1120 692
1125 717
1125 742
1125 767
1120 800
1115 835
1110 860
1100 895
1090 925
1078 958
1065 980
1050 1005
1035 1025
1020 1045
1005 1065
987 1084
969 1102
949 1117
930 1135
908 1148
886 1160
864 1172
840 1180
817 1190
794 1200
769 1205
744 1210
719 1215
694 1215
669 1215
644 1215
619 1210
594 1212
569 1215
544 1220
519 1220
494 1220
469 1220
444 1215
419 1210
394 1205
370 1197
346 1190
323 1180
301 1168
279 1156
257 1144
237 1129
217 1114
199 1096
181 1078
163 1060
148 1040
133 1020
118 1000
106 978
94 956
84 933
74 910
69 885
59 862
54 837
54 812
49 787
49 762
