89 607
89 582
94 547
99 522
109 487
119 457
129 432
141 410
154 382
169 362
184 337
202 319
217 299
235 281
255 266
275 251
295 236
317 224
339 212
361 200
386 194
409 184
434 179
459 177
484 174
509 174
496 150
473 140
450 130
425 125
402 115
377 110
354 100
334 85
324 62
344 47
364 32
388 24
413 24
438 24
463 30
487 39
507 54
527 69
540 91
564 82
582 64
605 54
635 46
666 44
706 44
721 64
686 60
652 65
626 70
602 79
560 120
555 160
576 174
601 169
626 169
651 169
676 174
701 174
725 182
749 189
772 199
795 209
818 220
839 234
860 248
880 264
899 281
917 299
932 319
947 339
962 359
974 381
985 404
998 426
1007 450
1015 474
1020 499
1030 522
1034 547
1035 572
1040 597
1040 622
1040 647
1035 685
1030 720
1025 745
1015 785
1007 814
998 838
985 860
973 883
960 905
945 925
929 947
914 967
896 985
876 1000
858 1018
836 1030
816 1045
794 1057
770 1065
747 1075
723 1083
699 1090
674 1092
649 1095
624 1095
599 1095
574 1090
549 1085
524 1090
499 1090
474 1090
449 1085
424 1080
399 1075
375 1067
351 1059
329 1047
307 1035
285 1022
265 1007
246 990
226 974
209 955
194 935
179 915
164 895
151 873
139 851
129 828
119 805
114 780
104 757
99 732
94 707
89 682
89 657
89 632
