74 747
74 722
79 682
84 657
94 622
104 592
116 570
125 546
139 522
154 497
169 477
184 457
202 439
220 421
239 402
259 387
279 372
301 359
324 347
346 335
370 326
394 319
417 309
442 304
467 304
492 299
523 299
564 301
544 285
516 275
493 265
468 265
445 255
420 255
395 250
370 250
345 245
320 240
299 226
277 214
259 196
244 176
231 154
219 132
214 107
232 89
252 74
275 64
300 59
325 59
350 59
375 59
399 66
421 79
445 87
467 99
487 114
505 132
523 150
538 170
550 192
560 215
565 240
584 222
599 202
617 184
641 175
666 169
691 169
719 169
747 169
772 169
798 174
829 184
809 200
784 195
759 191
733 190
705 190
671 195
646 200
623 210
600 245
600 270
600 295
625 299
650 294
675 291
700 289
725 289
750 289
775 294
800 294
824 301
848 309
873 315
897 324
919 336
941 349
963 361
983 376
1003 391
1021 409
1039 427
1057 445
1072 465
1087 485
1100 507
1115 527
1125 550
1135 573
1144 597
1150 622
1158 646
1163 671
1165 696
1170 721
1170 746
1170 771
1165 800
1160 835
1155 860
1145 895
1135 925
1123 958
1110 980
1095 1005
1080 1025
1065 1045
1047 1069
1029 1087
1011 1105
991 1120
971 1135
951 1150
929 1162
907 1174
883 1183
859 1192
835 1200
810 1205
785 1210
760 1215
735 1215
710 1215
685 1215
660 1210
635 1215
611 1225
586 1230
561 1235
536 1235
511 1235
486 1235
461 1230
436 1225
411 1220
386 1215
363 1205
340 1195
317 1185
295 1173
275 1158
255 1143
235 1128
217 1110
199 1092
181 1074
166 1054
154 1032
139 1012
127 990
119 966
106 944
99 920
89 897
84 872
79 847
79 822
74 797
74 772
