59 737
59 712
64 677
74 637
84 607
94 582
106 560
119 537
134 512
149 492
167 474
182 454
200 436
220 421
240 406
262 394
282 379
305 369
328 359
351 349
376 344
401 339
426 334
451 329
476 329
501 329
526 329
551 334
576 339
600 347
608 315
588 300
570 282
548 270
528 255
513 235
499 214
485 193
480 168
471 144
464 120
454 97
454 72
476 59
501 59
526 64
549 74
570 88
590 103
605 123
620 143
630 166
637 190
645 214
664 192
679 172
701 159
724 147
755 136
776 150
746 160
701 185
680 212
675 245
665 280
655 305
645 330
645 355
670 351
695 349
720 344
745 344
770 344
795 344
820 349
845 354
870 359
893 369
916 379
940 387
962 399
984 411
1004 426
1024 441
1044 456
1062 474
1077 494
1095 512
1110 532
1122 554
1134 576
1145 599
1155 622
1160 647
1170 670
1175 695
1177 720
1180 745
1180 770
1175 815
1170 845
1160 885
1150 915
1138 948
1125 970
1110 995
1095 1015
1079 1037
1064 1057
1045 1075
1025 1090
1005 1105
985 1120
963 1135
940 1145
917 1155
894 1165
871 1175
846 1180
821 1185
796 1190
771 1190
746 1190
721 1190
696 1185
671 1183
647 1175
622 1170
597 1169
572 1175
547 1180
522 1185
497 1185
472 1185
447 1185
422 1180
397 1175
372 1170
347 1165
324 1155
301 1144
279 1132
257 1120
237 1105
217 1090
197 1075
179 1057
164 1037
146 1019
134 997
119 977
107 955
95 933
86 909
79 885
74 860
64 837
64 812
59 787
59 762
