19 742
19 717
24 687
29 662
39 632
49 607
61 585
74 557
89 537
104 517
119 497
137 479
155 461
174 444
194 429
214 414
236 400
259 389
282 379
305 369
328 359
352 349
377 344
402 339
427 334
452 334
497 329
473 320
434 301
412 289
394 271
381 249
369 227
369 202
391 189
416 184
441 189
466 194
486 209
504 227
520 247
535 267
545 290
550 247
549 222
544 197
574 256
575 281
575 306
585 329
610 329
635 329
660 329
685 334
710 334
735 339
760 344
784 351
808 359
831 369
854 379
877 389
899 401
921 414
941 429
961 444
979 462
997 480
1015 498
1030 518
1045 538
1060 558
1070 581
1080 604
1090 627
1100 650
1105 675
1110 700
1115 725
1115 750
1115 775
1110 800
1105 830
1100 855
1090 885
1080 910
1069 937
1057 959
1042 979
1027 999
1012 1019
994 1037
975 1055
955 1070
935 1085
915 1100
893 1115
870 1125
848 1138
824 1147
800 1155
777 1165
752 1170
727 1175
702 1180
677 1184
652 1185
627 1185
602 1185
577 1184
552 1185
527 1185
502 1185
477 1185
452 1180
427 1180
402 1175
377 1170
352 1165
329 1155
306 1145
283 1135
260 1125
237 1115
217 1100
197 1085
177 1070
157 1054
139 1036
121 1018
106 998
91 978
76 958
64 936
54 913
44 890
34 867
29 842
24 817
19 792
19 767
