4 1757
4 1732
9 1707
19 1682
31 1660
34 1632
46 1610
59 1587
69 1552
84 1532
99 1512
114 1492
132 1474
147 1454
159 1432
174 1407
192 1389
204 1362
224 1347
244 1332
264 1317
284 1302
304 1287
322 1269
342 1254
362 1239
382 1224
402 1209
422 1194
444 1182
464 1167
484 1152
506 1140
529 1127
551 1115
576 1109
597 1094
622 1089
647 1084
672 1079
697 1074
722 1069
747 1064
772 1069
795 1079
818 1089
843 1094
868 1099
891 1109
916 1114
941 1119
964 1129
987 1139
1012 1144
1037 1149
1060 1159
1084 1166
1108 1174
1133 1180
1157 1189
1182 1194
1205 1204
1230 1209
1254 1216
1244 1181
1229 1161
1214 1141
1204 1118
1194 1095
1184 1072
1179 1047
1174 1022
1174 997
1174 972
1189 952
1207 934
1232 934
1257 934
1282 939
1307 939
1329 951
1353 959
1378 964
1401 974
1426 979
1435 1003
1440 1028
1445 1053
1454 977
1466 955
1484 937
1499 917
1517 899
1532 879
1550 861
1569 842
1587 824
1607 809
1627 794
1650 784
1675 787
1699 796
1715 816
1720 841
1725 866
1730 891
1730 916
1735 941
1735 966
1735 991
1735 1016
1730 1060
1725 1085
1746 1099
1767 1084
1779 1062
1791 1040
1804 1017
1816 995
1831 975
1840 951
1852 929
1864 902
1874 877
1886 855
1894 827
1904 802
1914 777
1924 742
1934 702
1944 667
1944 642
1944 617
1944 592
1944 567
1939 542
1939 517
1954 492
1964 467
1988 459
2008 444
2048 414
2068 399
2086 380
2101 360
2119 337
2139 322
2161 310
2181 295
2201 280
2221 265
2241 250
2261 235
2284 222
2306 209
2329 197
2349 182
2369 167
2391 154
2412 139
2432 124
2454 112
2474 97
2498 89
2520 76
2544 69
2569 69
2594 64
2619 59
2644 57
2669 54
2694 49
2719 44
2744 39
2769 34
2794 29
2819 24
2844 22
2869 19
2892 9
2917 9
2942 9
2967 9
2992 14
3017 19
3042 24
3049 60
3026 70
3006 85
2984 97
2966 115
2948 133
2933 153
2918 173
2905 195
2893 218
2880 240
2870 275
2860 305
2855 335
2850 365
2850 390
2845 415
2840 450
2846 485
2824 497
2804 512
2786 530
2774 552
2755 570
2740 590
2725 615
2715 640
2700 670
2685 700
2675 725
2665 770
2655 800
2655 835
2655 860
2650 885
2650 910
2650 935
2648 968
2623 973
2600 985
2582 1004
2562 1019
2544 1037
2526 1055
2514 1077
2499 1097
2480 1115
2470 1140
2455 1160
2440 1180
2430 1205
2415 1230
2400 1255
2390 1280
2380 1305
2370 1330
2365 1365
2360 1400
2358 1448
2345 1470
2345 1495
2345 1520
2330 1540
2330 1565
2330 1590
2335 1615
2342 1639
2355 1661
2360 1686
2350 1715
2335 1740
2325 1770
2320 1815
2315 1850
2315 1875
2320 1900
2320 1925
2325 1950
2330 1975
2325 2010
2306 1993
2294 1971
2281 1949
2266 1929
2246 1914
2229 1895
2206 1884
2184 1872
2162 1860
2137 1854
2113 1845
2088 1840
2063 1835
2039 1842
2014 1839
1993 1825
1970 1815
1947 1804
1923 1795
1899 1787
1875 1780
1850 1777
1825 1772
1801 1765
1776 1765
1751 1765
1726 1763
1704 1750
1681 1740
1658 1730
1638 1715
1615 1705
1592 1695
1569 1685
1546 1675
1523 1665
1500 1655
1475 1650
1452 1640
1427 1635
1402 1630
1377 1629
1352 1630
1327 1630
1307 1645
1283 1638
1258 1643
1234 1652
1210 1660
1190 1675
1170 1690
1150 1705
1135 1725
1115 1740
1100 1760
1085 1785
1079 1822
1054 1822
1042 1800
1027 1780
1005 1768
987 1750
967 1735
947 1720
925 1707
903 1695
881 1683
859 1670
834 1665
810 1657
785 1652
760 1647
735 1647
710 1645
685 1645
660 1650
635 1655
610 1655
587 1665
562 1670
538 1678
514 1687
495 1705
479 1725
459 1710
439 1695
416 1685
393 1675
368 1675
343 1670
318 1670
293 1670
268 1673
243 1680
218 1683
193 1690
169 1697
145 1705
123 1720
100 1730
80 1745
60 1760
37 1770
14 1780
