984 1537
974 1562
994 1577
1016 1590
1036 1605
1061 1610
1084 1620
1106 1633
1130 1640
1153 1650
1178 1650
1201 1660
1226 1665
1251 1670
1275 1677
1300 1682
1324 1690
1349 1690
1369 1705
1369 1730
1384 1750
1404 1765
1429 1765
1450 1750
1465 1720
1465 1695
1490 1690
1515 1685
1540 1680
1565 1675
1590 1670
1614 1662
1638 1655
1661 1645
1686 1640
1711 1635
1735 1625
1760 1620
1783 1610
1808 1605
1833 1598
1845 1574
1834 1551
1822 1529
1810 1507
1804 1482
1799 1457
1787 1435
1780 1411
1770 1388
1765 1363
1755 1340
1745 1317
1739 1292
1730 1268
1725 1243
1720 1218
1715 1193
1710 1168
1702 1144
1695 1120
1690 1095
1685 1070
1675 1047
1675 1022
1670 997
1665 972
1659 947
1655 922
1655 897
1650 872
1649 847
1645 822
1645 797
1645 772
1640 747
1630 724
1610 709
1590 694
1570 678
1560 655
1560 630
1570 590
1563 566
1550 544
1535 524
1518 505
1498 490
1475 479
1450 479
1425 479
1400 479
1377 489
1357 504
1337 519
1319 537
1304 557
1294 582
1289 607
1299 630
1304 655
1294 682
1274 697
1249 702
1229 717
1214 737
1204 762
1204 787
1204 812
1199 852
1194 882
1189 927
1184 952
1174 997
1164 1027
1154 1052
1144 1082
1139 1112
1134 1137
1124 1167
1124 1192
1119 1222
1109 1247
1099 1282
1089 1307
1079 1332
1069 1367
1060 1391
1051 1415
1039 1437
1024 1472
1011 1495
996 1515
