255 486
255 531
255 556
270 576
255 606
273 624
285 646
293 670
300 694
306 719
325 736
330 761
341 784
345 809
359 830
375 850
375 891
390 911
401 934
410 958
420 981
420 1006
415 1051
415 1076
405 1101
405 1146
405 1171
410 1196
430 1211
455 1211
478 1200
500 1185
525 1180
548 1170
571 1160
595 1150
620 1151
643 1140
665 1125
685 1110
708 1098
732 1089
757 1094
782 1100
807 1105
832 1100
855 1090
870 1070
885 1045
890 1020
885 995
909 987
927 969
947 954
965 935
988 923
1012 914
1030 895
1053 885
1065 860
1089 852
1101 830
1116 810
1140 785
1159 767
1163 735
1140 724
1123 705
1103 690
1079 683
1055 676
1030 679
1013 660
989 651
966 640
951 620
934 601
914 586
889 583
871 565
864 541
840 534
831 510
823 486
800 476
789 453
774 433
763 410
743 395
720 384
713 360
689 353
671 335
654 316
630 324
622 300
597 300
572 300
547 295
522 295
497 290
472 285
454 267
439 247
426 225
401 225
376 225
351 230
328 240
305 251
285 266
270 286
260 311
255 336
260 361
268 385
288 400
307 420
289 438
270 456
