934 502
934 477
939 452
939 427
944 382
944 357
944 332
944 307
944 282
944 257
944 232
966 219
990 211
1012 199
1035 209
1040 234
1045 259
1055 282
1065 305
1072 329
1080 353
1085 378
1090 403
1100 426
1107 450
1115 474
1128 496
1137 520
1145 544
1155 567
1159 592
1164 617
1165 642
1170 667
1174 692
1179 717
1185 742
1185 767
1190 792
1190 817
1195 842
1195 867
1200 892
1205 917
1205 942
1205 967
1200 995
1177 1005
1154 1015
1129 1020
1104 1025
1079 1030
1054 1035
1029 1038
1009 1023
999 1000
999 975
989 952
989 927
984 902
979 877
974 852
969 827
969 802
964 777
959 752
954 727
954 702
949 677
944 652
939 627
934 602
934 577
934 552
934 527
