934 542
934 517
944 492
949 467
949 442
949 417
949 392
949 367
949 342
944 317
944 292
939 267
939 242
939 217
959 202
984 199
1009 199
1034 196
1045 219
1045 244
1045 269
1045 294
1055 317
1063 341
1070 365
1077 389
1085 413
1095 436
1105 459
1115 482
1120 507
1125 532
1129 557
1130 582
1135 607
1139 632
1144 657
1145 682
1149 707
1150 732
1155 757
1155 782
1160 807
1160 832
1165 857
1170 882
1175 907
1175 932
1175 957
1174 982
1155 1000
1132 1010
1108 1018
1084 1025
1059 1030
1034 1035
1009 1035
994 1015
984 992
979 967
979 942
974 917
969 892
964 867
959 842
954 817
954 792
954 767
954 742
949 717
944 692
939 667
934 642
934 617
934 592
934 567
