369 1182
364 1157
384 1142
402 1124
425 1114
444 1097
462 1079
482 1064
502 1049
504 1002
504 977
504 952
504 927
526 914
550 906
575 904
600 899
625 899
649 906
667 924
687 939
707 954
729 966
751 979
774 989
799 989
824 982
849 979
874 979
899 979
924 974
949 969
974 964
999 959
1024 957
1049 954
1074 954
1099 954
1124 949
1149 949
1174 954
1194 969
1215 983
1237 995
1259 1007
1283 1014
1308 1014
1333 1014
1358 1014
1383 1014
1408 1014
1433 1014
1458 1014
1483 1014
1505 1027
1509 1052
1518 1076
1525 1100
1530 1125
1529 1162
1509 1177
1489 1192
1470 1210
1452 1229
1432 1244
1414 1262
1395 1280
1402 1304
1410 1328
1419 1352
1430 1375
1409 1400
1386 1410
1361 1415
1338 1425
1313 1420
1298 1400
1280 1382
1262 1364
1242 1349
1220 1337
1198 1325
1174 1317
1150 1310
1125 1310
1100 1310
1075 1310
1050 1315
1025 1320
1000 1325
975 1325
951 1335
926 1340
901 1340
876 1340
851 1345
826 1345
801 1345
776 1345
751 1350
726 1350
701 1350
681 1334
661 1319
644 1300
624 1285
601 1275
579 1262
557 1250
532 1250
507 1250
482 1250
457 1255
432 1260
409 1270
389 1255
379 1232
374 1207
