349 1212
349 1187
367 1169
385 1151
404 1132
424 1117
444 1102
462 1084
479 1063
474 1038
464 1015
459 990
454 965
462 924
487 919
511 910
536 909
561 909
586 909
611 909
634 919
655 933
677 945
699 957
719 972
737 990
762 994
787 994
812 994
837 994
862 989
887 989
912 989
937 984
962 984
985 974
1010 969
1035 964
1060 964
1085 959
1110 954
1135 954
1159 961
1179 976
1199 991
1214 1011
1232 1029
1244 1051
1269 1054
1294 1054
1319 1054
1344 1054
1369 1049
1394 1044
1419 1039
1442 1029
1467 1024
1492 1029
1495 1054
1500 1079
1505 1104
1505 1129
1495 1160
1480 1185
1465 1205
1448 1225
1429 1242
1410 1260
1410 1285
1410 1310
1410 1335
1410 1360
1410 1385
1389 1400
1364 1402
1340 1410
1315 1415
1290 1415
1265 1415
1240 1415
1215 1412
1191 1403
1171 1388
1149 1375
1129 1360
1105 1352
1085 1337
1061 1330
1036 1330
1012 1339
987 1345
962 1345
938 1353
913 1360
888 1360
863 1365
838 1370
813 1373
789 1380
764 1385
739 1385
716 1395
691 1394
669 1382
647 1370
624 1360
604 1345
581 1334
561 1319
540 1305
515 1310
491 1320
466 1320
441 1325
416 1325
391 1330
366 1334
354 1312
354 1287
354 1262
349 1237
