384 1182
397 1139
419 1127
437 1109
455 1091
474 1072
492 1054
509 1012
509 987
509 962
509 937
531 924
556 919
581 914
606 914
631 909
656 904
681 909
699 927
717 945
735 963
753 981
775 993
800 999
823 989
847 979
872 974
897 969
922 964
947 959
972 954
997 949
1022 949
1047 944
1072 939
1097 939
1122 934
1147 939
1167 954
1187 969
1207 984
1227 999
1247 1014
1272 1019
1297 1019
1321 1010
1346 1005
1371 1004
1396 999
1421 999
1446 999
1460 1020
1465 1045
1472 1069
1480 1093
1489 1117
1487 1159
1469 1177
1450 1195
1432 1214
1414 1232
1395 1250
1380 1270
1380 1295
1380 1320
1380 1345
1382 1370
1382 1404
1357 1410
1332 1415
1308 1423
1283 1430
1263 1415
1243 1400
1225 1382
1203 1370
1178 1365
1155 1355
1132 1344
1108 1335
1083 1335
1058 1335
1033 1335
1008 1335
983 1335
958 1340
933 1345
908 1350
883 1355
858 1360
833 1365
808 1365
783 1370
758 1370
733 1375
708 1375
685 1365
662 1355
639 1345
616 1334
599 1315
579 1300
564 1280
539 1275
514 1275
489 1275
464 1280
439 1280
414 1285
389 1282
384 1257
384 1232
384 1207
