534 482
534 457
552 439
570 421
590 406
610 391
624 367
624 342
624 317
624 292
639 272
664 269
689 269
714 264
739 259
764 259
788 266
808 281
830 293
854 301
878 309
903 310
927 319
952 319
977 319
1002 319
1027 319
1052 319
1077 319
1102 319
1127 319
1152 319
1177 314
1202 309
1227 304
1252 299
1277 299
1302 304
1322 319
1342 334
1365 344
1390 344
1415 344
1440 344
1465 344
1490 339
1515 334
1530 354
1540 377
1550 400
1555 425
1549 467
1527 479
1509 497
1490 515
1475 535
1475 560
1485 583
1485 608
1485 633
1469 655
1444 660
1419 665
1394 665
1369 665
1344 665
1319 665
1294 660
1274 645
1251 634
1236 614
1216 599
1195 585
1170 585
1145 585
1120 585
1095 585
1070 585
1045 585
1020 585
995 590
970 595
945 595
920 600
895 600
870 600
845 600
820 600
797 590
779 572
761 554
744 535
719 535
694 535
669 535
644 535
619 535
594 535
569 535
544 530
534 507
