409 537
409 512
431 499
454 487
472 469
494 457
514 442
534 427
534 400
519 380
514 355
504 332
499 307
521 294
546 294
571 294
596 294
621 294
646 294
671 289
696 289
721 294
745 302
767 314
789 326
811 339
836 344
861 344
886 339
911 339
936 334
961 334
986 329
1011 324
1036 324
1061 319
1086 314
1111 309
1136 309
1158 321
1180 334
1203 345
1225 357
1249 366
1271 379
1296 375
1320 366
1344 359
1367 349
1392 344
1417 339
1442 334
1455 356
1469 377
1481 399
1472 444
1454 462
1439 482
1420 500
1402 519
1384 537
1365 555
1375 578
1385 601
1395 624
1410 644
1401 670
1376 675
1351 680
1326 680
1301 680
1276 680
1251 680
1226 685
1201 679
1180 665
1161 648
1141 633
1117 625
1092 620
1067 620
1042 620
1017 620
992 620
967 620
942 620
917 624
892 630
867 635
842 635
817 635
792 635
767 635
742 635
719 625
695 617
673 605
651 593
627 585
602 580
577 575
552 575
527 575
502 575
477 575
452 580
427 580
409 562
