154 1152
154 1127
166 1105
184 1087
196 1065
209 1032
219 1007
229 967
239 927
249 892
259 867
269 832
279 792
289 752
299 727
311 705
329 682
344 662
362 644
384 632
406 620
426 604
447 589
467 574
487 559
471 523
446 519
429 500
419 477
419 452
419 427
424 392
439 372
454 352
476 339
499 329
524 324
547 314
570 304
595 299
618 309
638 324
660 337
672 359
690 377
694 402
716 414
735 396
747 374
749 342
749 317
744 292
762 274
782 259
805 249
830 244
851 230
869 212
891 199
916 194
941 189
966 194
990 202
1010 217
1025 237
1040 257
1048 281
1053 306
1071 324
1066 350
1048 368
1025 380
1025 405
1032 429
1050 447
1072 459
1094 471
1114 486
1139 487
1154 467
1164 442
1174 402
1189 377
1194 352
1204 327
1214 302
1226 280
1239 247
1254 222
1264 197
1269 167
1279 137
1294 117
1316 104
1336 89
1355 71
1380 69
1403 59
1428 65
1452 74
1477 79
1502 84
1522 99
1540 117
1564 124
1589 124
1614 129
1637 139
1657 154
1672 174
1680 198
1680 235
1669 262
1650 280
1634 317
1610 325
1585 325
1590 350
1585 385
1580 425
1580 450
1575 495
1575 520
1565 560
1560 600
1550 630
1545 655
1535 700
1525 725
1515 755
1505 780
1490 810
1477 854
1462 874
1444 892
1425 910
1405 925
1390 945
1372 964
1352 979
1332 994
1317 1014
1292 1019
1267 1020
1242 1015
1217 1015
1192 1015
1172 1000
1148 993
1135 1015
1120 1040
1120 1065
1108 1093
1095 1115
1085 1140
1065 1170
1050 1190
1030 1205
1012 1224
988 1233
973 1253
960 1275
960 1300
965 1325
970 1350
977 1374
1000 1384
1025 1387
1050 1389
1073 1400
1093 1415
1085 1455
1063 1468
1038 1475
1013 1475
988 1475
963 1480
940 1490
915 1495
890 1495
865 1500
840 1500
817 1490
792 1485
769 1475
759 1452
754 1427
754 1402
764 1377
764 1352
776 1330
785 1306
794 1282
804 1238
796 1214
779 1195
769 1172
749 1157
744 1132
744 1107
739 1082
739 1057
744 1032
744 1000
719 995
696 985
673 975
648 970
625 960
600 955
585 975
578 1003
565 1025
550 1050
542 1074
533 1098
520 1120
513 1148
500 1170
495 1200
485 1235
480 1265
475 1295
475 1320
482 1344
505 1354
530 1354
555 1354
580 1359
603 1370
615 1392
605 1425
588 1445
563 1445
540 1455
525 1480
500 1480
475 1480
450 1480
425 1480
400 1480
375 1475
350 1475
326 1468
301 1465
279 1452
279 1427
284 1397
296 1375
301 1350
304 1322
309 1297
309 1272
309 1245
309 1220
303 1195
280 1185
280 1210
260 1225
235 1220
210 1220
186 1213
164 1200
154 1177
