454 717
444 742
456 764
464 788
464 813
464 838
464 863
483 880
499 900
519 915
544 920
569 920
588 903
613 900
638 900
663 900
688 900
713 900
738 900
763 900
788 900
813 905
838 905
863 898
880 917
895 937
919 945
944 950
965 935
978 913
996 895
1021 895
1046 890
1069 880
1094 875
1119 870
1143 863
1168 860
1193 860
1208 880
1230 892
1255 895
1278 883
1298 868
1310 840
1315 810
1339 802
1351 780
1355 750
1365 725
1384 707
1396 685
1383 651
1370 629
1350 614
1325 614
1300 614
1275 614
1250 614
1225 614
1200 610
1193 586
1190 561
1190 536
1177 514
1152 509
1127 504
1102 499
1078 490
1053 485
1028 484
1004 476
979 474
954 474
929 474
904 474
881 485
869 507
859 532
859 557
847 599
825 587
807 569
782 569
757 574
742 594
719 604
694 607
683 634
658 635
633 634
608 634
584 642
562 654
539 664
515 671
491 679
469 692
