444 697
449 747
459 770
454 817
454 842
459 867
481 880
499 898
512 920
536 928
560 935
585 940
610 940
620 905
645 905
670 905
695 905
720 905
745 905
770 905
795 905
820 905
845 900
860 875
869 907
874 932
886 954
911 960
935 950
954 932
965 905
975 875
1000 875
1025 875
1050 875
1075 875
1100 875
1125 875
1150 870
1175 870
1198 880
1204 905
1224 920
1249 917
1269 902
1284 882
1295 835
1319 827
1339 812
1355 790
1365 755
1370 725
1390 710
1390 676
1384 651
1369 631
1345 624
1320 624
1295 624
1270 622
1245 619
1220 614
1195 609
1180 589
1175 564
1170 539
1160 516
1141 499
1118 489
1093 485
1068 484
1043 484
1018 484
993 484
968 484
943 479
918 479
894 487
879 512
869 537
869 562
862 589
837 589
814 579
789 574
766 585
745 599
720 599
697 609
682 629
657 634
632 634
607 639
582 644
557 644
532 649
507 654
486 669
464 682
