469 727
464 702
482 684
505 674
530 669
555 664
580 659
605 654
630 649
655 646
680 644
705 639
722 619
745 609
770 604
787 584
810 574
835 574
855 589
879 567
879 542
889 517
904 492
926 479
951 479
976 479
1001 479
1026 479
1051 479
1076 479
1101 479
1126 484
1151 489
1173 501
1188 521
1195 545
1195 570
1202 594
1222 609
1242 624
1267 624
1292 624
1317 624
1342 629
1365 639
1385 654
1398 676
1400 701
1400 726
1390 755
1380 790
1365 815
1343 828
1320 840
1313 878
1293 893
1271 905
1247 914
1227 899
1215 877
1190 872
1165 870
1140 870
1115 870
1090 870
1065 870
1040 870
1015 870
1006 895
991 915
973 933
949 942
924 945
909 925
896 903
884 881
870 860
845 860
820 865
798 880
775 890
750 895
725 900
700 905
675 905
650 905
625 905
600 905
575 905
561 930
536 930
514 918
504 895
504 870
489 850
479 827
479 802
479 777
474 752
