334 992
324 1017
342 1035
367 1030
387 1014
412 1010
421 1034
429 1058
439 1081
444 1106
444 1131
444 1156
444 1181
439 1217
429 1247
439 1270
464 1275
485 1255
490 1220
490 1195
490 1170
500 1145
523 1133
547 1125
572 1125
597 1125
622 1125
647 1125
664 1144
674 1167
679 1192
679 1217
679 1242
684 1267
708 1275
728 1258
730 1220
730 1195
750 1180
774 1187
779 1212
779 1237
789 1260
804 1280
827 1290
851 1298
875 1305
900 1305
925 1305
945 1285
955 1240
955 1215
955 1190
955 1165
950 1140
950 1115
975 1117
995 1132
1013 1150
1029 1170
1044 1190
1044 1215
1059 1235
1084 1240
1109 1245
1134 1245
1154 1260
1169 1280
1186 1299
1209 1310
1232 1320
1257 1325
1282 1325
1307 1325
1332 1320
1352 1304
1370 1285
1383 1263
1390 1235
1390 1210
1387 1185
1380 1161
1370 1138
1355 1118
1334 1104
1310 1097
1305 1072
1305 1047
1305 1022
1290 1002
1265 999
1240 999
1220 983
1220 958
1208 936
1184 929
1159 932
1136 945
1124 967
1124 992
1101 1015
1081 1030
1069 1052
1049 1069
1024 1064
999 1062
995 1037
995 1012
994 987
985 963
975 940
968 916
955 894
944 871
922 859
897 859
879 877
884 902
892 944
874 962
854 977
839 997
829 1022
828 1064
803 1064
778 1064
754 1057
740 1036
727 1014
702 1009
677 1009
652 1009
627 1009
602 1009
577 1009
552 1009
527 1005
509 987
491 969
471 954
448 944
425 933
404 919
385 936
367 954
349 972
