531 1014
537 974
554 952
569 932
591 919
615 927
630 947
645 967
660 987
684 994
709 999
734 1001
758 1009
783 1014
808 1014
833 1014
858 1014
883 1009
908 1015
930 1027
942 1049
945 1074
964 1091
989 1094
1014 1094
1034 1072
1039 1042
1049 1007
1059 982
1081 969
1094 932
1094 907
1094 882
1118 875
1130 897
1145 917
1157 939
1160 964
1160 989
1183 1000
1195 1022
1195 1047
1195 1072
1203 1096
1228 1099
1253 1099
1274 1077
1274 1052
1284 1027
1306 1015
1326 1000
1334 962
1334 937
1356 924
1381 924
1406 929
1424 947
1442 965
1467 969
1490 979
1513 990
1528 1010
1530 1050
1520 1075
1520 1100
1530 1123
1542 1145
1550 1169
1555 1194
1555 1219
1555 1244
1545 1280
1530 1300
1511 1320
1486 1325
1461 1325
1436 1325
1411 1320
1388 1310
1373 1290
1361 1268
1339 1255
1314 1255
1289 1255
1264 1255
1239 1255
1219 1240
1204 1220
1194 1197
1182 1175
1179 1150
1163 1130
1140 1140
1140 1165
1150 1188
1159 1212
1156 1260
1138 1278
1115 1290
1092 1300
1067 1305
1042 1305
1017 1305
994 1294
984 1271
979 1246
979 1221
979 1196
970 1172
945 1170
920 1165
895 1165
895 1190
895 1215
895 1240
878 1268
856 1280
836 1264
824 1242
824 1217
824 1192
823 1145
798 1140
773 1135
748 1135
723 1135
700 1145
690 1170
690 1195
686 1240
671 1260
646 1259
639 1235
629 1212
629 1187
634 1155
634 1130
634 1105
629 1080
619 1057
614 1032
609 1007
585 1000
565 1015
546 1034
