334 987
337 1025
362 1029
380 1010
403 1000
424 1014
429 1039
434 1064
434 1089
434 1114
426 1160
414 1182
404 1207
404 1232
416 1254
440 1245
453 1223
458 1198
470 1170
495 1165
520 1160
545 1160
570 1160
595 1160
620 1160
643 1170
634 1217
639 1242
663 1250
688 1248
703 1228
705 1190
705 1165
730 1165
755 1165
759 1190
759 1215
762 1240
774 1262
792 1280
814 1292
839 1295
862 1305
887 1299
902 1279
915 1255
920 1225
920 1200
920 1175
920 1150
920 1125
920 1100
945 1100
970 1100
993 1110
1004 1133
1009 1158
1015 1183
1037 1195
1062 1195
1087 1195
1111 1203
1124 1225
1131 1249
1145 1270
1168 1280
1193 1285
1216 1295
1241 1300
1266 1305
1291 1305
1315 1295
1335 1280
1350 1257
1350 1232
1350 1207
1345 1182
1335 1159
1324 1136
1305 1119
1305 1094
1305 1069
1305 1044
1302 1019
1279 1009
1254 1009
1229 1009
1210 992
1197 970
1189 946
1165 939
1140 939
1126 960
1114 982
1104 1019
1080 1026
1060 1041
1041 1059
1016 1059
994 1046
974 1031
960 1010
949 987
945 962
944 937
940 912
925 892
910 872
886 880
874 902
874 927
866 960
846 975
834 997
834 1022
834 1047
825 1074
802 1084
777 1089
752 1089
730 1076
725 1051
720 1026
704 1006
680 999
657 989
632 989
607 989
582 989
557 989
532 989
507 984
482 979
467 959
455 937
437 919
417 904
392 904
374 922
359 942
346 965
