139 257
139 232
151 210
176 204
201 199
226 199
251 199
276 199
301 194
326 194
351 194
376 194
401 189
426 190
451 184
476 184
501 184
526 184
551 184
576 184
601 184
626 179
651 179
676 179
701 179
726 174
751 174
776 174
801 174
826 174
851 174
876 174
901 174
926 174
951 174
976 174
1001 174
1026 174
1051 174
1076 174
1101 174
1126 174
1151 174
1176 174
1201 174
1226 179
1251 174
1276 174
1301 174
1326 174
1351 174
1376 174
1401 174
1426 174
1451 174
1476 174
1501 174
1526 174
1551 174
1576 169
1601 169
1626 169
1651 164
1676 164
1701 164
1726 164
1751 164
1776 164
1801 169
1826 169
1851 169
1876 169
1901 169
1925 177
1950 179
1975 184
2000 184
2025 184
2050 189
2075 189
2100 194
2125 199
2140 219
2150 242
2150 267
2155 292
2155 317
2155 342
2155 367
2155 392
2155 417
2155 442
2160 467
2160 492
2160 517
2160 542
2160 567
2160 592
2160 617
2155 645
2155 670
2155 695
2155 720
2145 765
2125 785
2100 790
2075 790
2050 795
2025 795
2000 800
1975 800
1950 805
1925 810
1900 810
1875 815
1850 815
1825 815
1800 815
1775 815
1750 820
1725 820
1700 820
1675 820
1650 820
1625 817
1600 815
1575 815
1550 812
1525 810
1500 810
1475 810
1450 810
1425 810
1400 810
1375 810
1350 810
1325 810
1300 815
1275 815
1250 815
1225 810
1200 810
1175 815
1150 815
1125 815
1100 815
1077 825
1052 825
1027 825
1002 825
977 820
952 820
927 825
902 825
877 825
852 825
829 815
804 815
779 815
754 810
729 810
704 810
679 810
654 810
629 805
604 805
579 805
554 805
529 800
504 795
481 784
461 769
446 749
439 725
429 702
424 677
419 652
414 627
414 602
409 577
409 552
409 527
409 502
409 477
409 452
409 427
409 402
414 367
419 337
416 305
391 305
366 300
341 300
316 300
291 300
266 300
241 300
216 300
191 295
166 295
144 282
