94 292
94 267
104 237
116 215
124 172
134 137
152 119
164 97
179 77
194 47
212 29
237 29
262 34
287 39
312 34
337 39
362 39
387 39
412 39
437 39
462 39
482 54
495 76
519 84
538 101
553 121
570 140
580 163
585 188
585 213
585 238
585 263
590 288
600 311
617 330
632 350
644 372
659 392
679 407
701 419
726 424
751 429
776 429
801 429
826 424
850 416
872 404
897 399
922 399
947 394
972 389
997 389
1022 384
1047 384
1072 384
1097 384
1122 389
1147 389
1154 355
1149 330
1139 307
1139 282
1139 257
1139 232
1139 207
1149 177
1149 152
1164 132
1179 112
1199 97
1219 82
1234 62
1252 44
1269 22
1287 4
1312 4
1335 14
1360 9
1385 9
1410 9
1435 9
1450 45
1430 60
1449 77
1471 89
1491 104
1513 116
1530 135
1525 160
1500 160
1475 165
1450 170
1465 190
1445 220
1410 195
1420 218
1430 241
1433 266
1435 291
1440 316
1440 341
1440 366
1435 400
1440 425
1442 450
1445 475
1450 500
1455 525
1460 550
1465 575
1460 620
1460 645
1450 680
1440 715
1429 747
1417 769
1402 789
1387 809
1369 827
1351 845
1333 863
1310 875
1290 890
1268 903
1243 910
1220 920
1196 930
1173 940
1150 950
1125 955
1100 960
1075 960
1050 960
1025 960
1000 965
975 970
950 975
925 980
905 995
905 1020
907 1045
919 1067
925 1092
935 1115
942 1139
960 1157
975 1177
980 1202
1005 1196
1030 1194
1055 1189
1080 1184
1104 1191
1075 1215
1096 1229
1121 1230
1146 1224
1171 1229
1185 1250
1160 1255
1139 1277
1114 1275
1065 1265
1089 1274
1072 1305
1047 1310
1024 1300
1001 1290
979 1277
959 1262
935 1255
912 1244
887 1245
862 1245
844 1227
864 1207
889 1140
869 1073
864 1048
859 1023
842 1004
818 995
793 995
770 1005
760 1050
755 1075
762 1099
787 1099
812 1099
837 1099
860 1109
840 1130
864 1137
852 1174
832 1190
807 1189
782 1185
757 1185
739 1167
729 1144
706 1134
685 1120
662 1130
637 1130
619 1112
637 1094
660 1084
684 1077
704 1062
714 1022
722 990
697 985
672 979
650 967
626 958
602 949
580 937
558 925
538 910
519 893
501 875
479 862
460 845
439 831
429 808
419 785
399 770
379 755
364 735
349 715
336 693
318 675
295 665
272 655
260 633
259 608
248 585
224 592
205 610
190 630
167 640
149 622
144 597
144 572
144 547
141 510
119 497
119 472
119 447
119 422
119 392
119 367
119 342
106 314
