189 542
189 517
201 495
216 475
239 462
249 436
236 414
221 394
209 372
204 347
204 322
216 300
234 282
256 269
281 264
306 264
331 269
356 274
378 286
396 304
408 326
410 351
410 376
405 420
395 450
405 473
420 493
425 518
434 542
430 570
432 595
444 617
450 642
455 667
465 690
470 715
469 762
450 780
449 807
430 825
435 850
430 880
415 905
410 930
400 960
390 985
397 1009
417 1024
442 1029
464 1041
443 1075
420 1085
396 1095
371 1095
346 1095
321 1090
296 1085
274 1072
269 1047
274 1000
264 977
259 952
259 927
269 897
274 860
259 840
240 823
229 800
224 775
219 750
219 725
214 700
204 677
199 652
194 627
199 590
189 567
