184 542
184 517
196 495
211 475
231 460
244 438
236 414
219 395
209 372
204 347
204 322
216 300
234 282
256 269
281 264
306 264
331 264
354 274
377 284
395 302
410 322
410 365
410 390
405 420
395 445
402 469
417 489
420 514
430 537
425 575
432 599
440 623
449 647
455 672
465 695
470 720
469 762
450 780
449 807
430 825
430 850
428 883
415 905
410 940
400 970
390 995
407 1014
427 1029
450 1039
450 1070
428 1083
405 1095
380 1095
355 1095
330 1092
306 1085
281 1079
269 1057
269 1032
274 1005
264 982
259 957
254 932
264 907
274 870
264 847
244 832
232 810
224 786
214 763
214 738
209 713
201 689
194 665
194 640
194 615
194 590
184 567
