184 547
184 522
196 500
211 480
231 465
246 445
236 414
221 394
209 372
204 347
204 322
216 300
234 282
256 269
281 264
306 264
331 264
355 272
377 284
395 302
410 322
410 365
410 390
405 420
395 455
405 478
420 498
425 523
430 548
425 575
432 599
444 621
450 646
457 670
465 694
470 719
469 762
450 780
449 807
430 825
430 850
425 885
415 915
410 945
400 975
390 1000
411 1014
431 1029
454 1039
453 1070
430 1080
410 1095
385 1095
360 1095
335 1095
311 1088
287 1080
269 1062
269 1037
274 1005
264 982
259 957
254 932
264 907
274 878
270 853
250 838
235 818
230 793
219 770
219 745
214 720
209 695
199 672
194 647
194 622
194 597
189 572
