194 542
194 517
206 495
221 475
241 460
254 433
244 410
224 395
214 372
209 347
209 322
221 300
239 282
261 270
285 261
310 259
335 264
359 271
381 284
399 302
415 322
415 365
415 390
410 420
400 455
414 476
425 499
430 524
435 565
435 590
445 613
454 637
460 662
470 685
477 709
485 733
475 765
455 780
445 815
425 830
428 878
415 900
410 925
405 955
395 990
402 1014
422 1029
442 1044
462 1074
438 1083
413 1090
388 1095
363 1095
338 1095
313 1090
289 1082
269 1067
269 1042
274 1000
264 977
259 952
259 927
269 902
279 874
272 850
252 835
239 813
235 788
229 763
224 738
224 713
221 688
214 664
207 640
204 615
204 590
194 567
