194 547
189 522
201 500
216 480
236 465
249 431
236 409
219 390
209 367
209 342
209 317
224 297
242 279
264 267
289 264
314 264
339 266
363 275
384 289
403 306
415 328
415 353
415 378
410 415
400 445
405 470
420 490
425 515
432 539
430 575
437 599
449 621
455 646
462 670
470 694
480 717
474 762
455 780
450 810
430 825
430 850
428 883
415 905
415 930
405 960
395 990
402 1014
422 1029
442 1044
465 1054
444 1080
421 1090
396 1095
371 1095
346 1095
321 1090
296 1085
274 1072
269 1047
279 1020
274 995
264 972
259 947
259 922
269 897
272 855
254 837
239 817
234 792
225 768
219 743
219 718
219 693
209 670
204 645
204 620
204 595
194 572
