189 547
184 522
196 500
211 480
231 465
249 439
242 415
224 397
209 377
204 352
204 327
216 305
234 287
254 272
278 264
303 264
328 264
351 274
375 282
395 297
410 317
415 342
410 370
412 395
405 425
395 455
409 476
420 499
425 524
430 570
432 595
444 617
450 642
455 667
465 690
472 714
480 738
470 765
450 780
444 812
425 830
430 855
428 883
415 905
410 940
400 975
390 1005
409 1022
431 1034
455 1042
461 1075
436 1080
413 1090
388 1095
363 1095
338 1095
313 1090
289 1082
269 1067
269 1042
274 1005
269 980
259 957
254 932
266 910
274 879
271 854
251 839
239 817
230 793
224 768
219 743
219 718
209 695
204 670
199 645
199 620
199 595
189 572
