184 542
184 517
199 492
217 474
237 459
249 436
236 414
219 395
209 372
204 347
204 322
216 300
234 282
256 270
281 264
306 264
331 269
356 274
378 286
396 304
410 325
410 350
410 375
405 420
395 450
405 473
420 493
425 518
430 543
425 575
432 599
440 623
445 648
455 671
460 696
467 720
465 755
450 775
445 810
425 825
427 850
428 878
415 900
410 935
400 970
390 995
404 1016
426 1029
451 1034
443 1073
420 1085
396 1095
371 1095
346 1095
321 1090
296 1085
274 1072
269 1047
279 1020
274 995
264 972
259 947
259 922
269 897
274 862
256 844
239 825
229 802
214 782
209 757
209 720
199 697
194 672
189 647
189 622
194 590
184 567
