394 902
394 877
399 847
409 817
424 792
439 772
457 754
472 734
490 716
509 697
529 682
549 667
571 654
592 639
616 630
641 624
666 619
690 611
715 609
740 604
765 604
790 604
815 599
834 572
829 505
804 500
781 490
759 477
794 467
818 459
841 449
866 449
890 457
910 472
890 500
870 530
870 555
875 580
899 589
924 589
944 574
969 574
994 574
1018 581
1038 596
1063 599
1088 604
1113 604
1138 604
1163 610
1180 629
1160 665
1135 670
1110 675
1127 694
1152 699
1177 699
1202 694
1227 694
1252 689
1277 689
1302 684
1327 679
1352 674
1377 669
1402 669
1427 664
1452 664
1477 664
1502 664
1527 664
1552 664
1577 664
1580 700
1560 715
1537 725
1514 735
1491 745
1468 755
1444 762
1420 770
1395 775
1372 785
1349 795
1326 805
1304 817
1280 825
1255 830
1230 830
1205 835
1180 835
1155 840
1130 845
1105 850
1105 875
1130 874
1155 874
1170 894
1170 919
1153 950
1128 955
1103 960
1078 965
1053 970
1028 975
1003 978
978 983
953 988
930 1000
930 1025
921 1050
896 1055
871 1060
846 1060
821 1065
796 1065
771 1070
746 1070
721 1075
696 1075
671 1080
646 1080
621 1080
596 1080
562 1085
534 1085
491 1085
466 1085
456 1050
479 1039
503 1046
515 1068
548 1064
576 1064
601 1055
626 1049
649 1025
634 1005
609 1005
584 1005
559 1000
534 1000
509 995
484 990
459 990
434 985
411 974
399 952
394 927
