499 1062
494 1037
509 1017
534 1021
549 1041
567 1059
592 1054
615 1044
638 1034
663 1029
686 1019
707 990
682 990
657 989
632 984
607 980
582 975
557 975
534 965
514 950
504 927
504 902
504 877
504 852
509 817
519 782
529 752
544 727
559 707
579 692
594 672
612 654
629 632
649 617
669 602
693 594
718 589
743 584
768 584
793 584
818 584
842 574
867 574
889 557
881 530
867 480
842 475
824 457
846 444
867 429
891 420
916 414
940 406
965 404
960 435
938 450
915 460
929 481
920 515
930 538
955 544
980 539
1005 539
1030 539
1055 539
1079 546
1099 561
1123 569
1148 569
1173 569
1196 579
1195 615
1190 645
1170 665
1125 670
1149 679
1194 674
1219 674
1244 674
1269 674
1294 674
1319 674
1344 669
1369 664
1394 664
1419 664
1444 659
1469 659
1494 654
1519 654
1543 661
1536 690
1516 705
1494 717
1472 730
1448 738
1426 750
1402 759
1379 770
1356 780
1332 789
1308 798
1283 803
1258 810
1233 815
1208 820
1185 830
1192 854
1217 859
1230 881
1230 906
1238 933
1213 940
1188 940
1163 940
1138 943
1113 945
1088 948
1063 950
1038 955
1013 960
990 970
965 970
965 995
956 1035
931 1040
906 1040
881 1040
856 1045
831 1045
806 1050
781 1055
756 1060
731 1065
706 1070
681 1075
656 1080
631 1080
606 1080
581 1080
546 1080
521 1075
