404 867
404 842
409 812
419 787
431 765
446 745
464 727
479 707
499 692
517 674
539 662
559 647
581 635
604 622
626 609
649 599
672 589
697 589
722 589
747 589
772 589
797 589
822 589
842 570
824 552
824 527
824 502
802 490
779 480
769 457
791 444
816 444
841 444
866 444
891 449
908 478
885 490
892 514
895 545
895 570
895 595
920 599
939 582
963 574
988 574
1013 574
1038 575
1062 584
1087 589
1112 589
1137 594
1162 594
1187 599
1190 630
1173 650
1148 655
1123 660
1085 665
1106 679
1126 694
1151 694
1176 694
1201 689
1226 689
1251 689
1276 684
1301 684
1326 684
1351 679
1376 674
1401 669
1424 659
1449 654
1474 649
1499 649
1524 649
1549 649
1572 659
1568 703
1544 710
1519 715
1494 720
1469 725
1446 735
1423 745
1400 755
1376 765
1351 770
1327 779
1303 788
1279 795
1254 800
1231 810
1208 820
1185 830
1163 843
1138 850
1115 860
1145 874
1155 897
1163 923
1143 938
1118 943
1093 945
1068 950
1043 950
1018 950
994 957
970 965
945 970
945 995
932 1035
907 1040
882 1044
857 1045
832 1050
807 1050
782 1055
757 1055
732 1060
707 1060
682 1060
657 1060
633 1068
609 1075
584 1080
559 1085
534 1085
509 1085
484 1082
464 1067
494 1059
519 1059
544 1059
569 1057
591 1044
614 1032
638 1024
653 1004
631 990
606 990
581 990
556 990
531 985
506 985
483 975
460 965
437 955
419 937
404 917
404 892
