514 842
509 867
514 892
532 910
554 922
576 934
601 938
626 940
651 940
676 940
689 962
689 987
669 1022
647 1034
667 1050
692 1044
716 1035
741 1030
766 1025
791 1025
816 1025
841 1025
866 1025
891 1020
916 1015
940 1005
950 960
973 950
998 945
1023 940
1048 935
1073 930
1098 925
1123 925
1148 925
1173 925
1198 925
1223 920
1225 871
1224 846
1199 842
1175 835
1175 810
1198 800
1223 795
1248 790
1273 785
1296 775
1321 770
1341 755
1363 743
1385 730
1405 715
1430 710
1455 705
1480 700
1504 692
1524 677
1507 654
1482 654
1457 654
1432 654
1407 659
1382 664
1357 664
1332 669
1307 674
1282 674
1257 679
1232 684
1207 684
1182 684
1157 684
1132 684
1114 666
1100 645
1124 637
1148 628
1166 610
1155 569
1130 569
1105 569
1080 569
1055 564
1048 540
1028 524
1003 524
980 534
955 539
935 524
935 499
930 474
930 449
929 424
904 424
879 424
854 424
829 427
827 460
852 465
869 484
876 508
899 518
899 543
876 555
852 564
827 564
802 564
777 564
752 569
727 569
703 579
679 587
659 602
639 617
620 636
602 654
587 674
569 692
554 712
544 737
534 767
524 807
