494 1032
494 1007
512 989
537 984
560 994
580 1009
603 999
628 999
653 994
664 960
644 945
620 937
596 930
571 930
546 929
529 910
519 887
519 862
519 837
519 812
519 787
524 757
534 722
544 697
544 672
556 650
569 627
587 609
607 594
627 579
647 564
671 555
696 549
721 544
746 539
771 534
796 529
821 524
846 519
869 500
864 475
844 460
838 435
814 427
809 402
829 387
854 384
879 379
904 374
927 364
945 382
928 405
905 415
905 440
915 463
924 487
936 509
959 519
984 519
1009 519
1034 512
1058 504
1075 523
1095 539
1115 554
1138 565
1143 608
1123 625
1095 625
1109 646
1133 654
1156 644
1181 639
1206 639
1231 639
1256 634
1281 629
1304 619
1329 619
1354 614
1377 604
1402 599
1427 594
1450 604
1442 649
1424 667
1400 675
1376 685
1351 685
1326 690
1301 695
1279 707
1259 722
1239 737
1220 755
1198 770
1175 780
1155 795
1176 809
1201 809
1226 814
1245 831
1260 851
1260 876
1255 910
1235 925
1210 930
1185 935
1160 940
1135 945
1110 945
1085 945
1060 945
1035 945
1010 945
985 945
960 950
935 950
911 960
896 980
878 998
853 1003
828 1005
803 1005
778 1010
753 1010
728 1015
703 1018
678 1020
653 1020
628 1025
603 1028
579 1035
554 1040
531 1050
506 1054
