69 812
69 787
94 784
99 747
99 722
99 697
99 672
99 647
94 622
94 597
94 572
94 547
94 522
109 482
133 474
158 474
183 474
208 474
219 442
214 417
214 392
209 367
204 342
199 317
199 292
194 267
189 242
189 217
184 192
179 167
179 142
179 117
201 104
226 99
250 91
275 89
300 84
325 79
350 79
375 74
400 74
425 69
450 64
475 64
500 64
525 64
550 64
575 64
600 59
625 59
650 59
675 59
700 59
725 59
750 64
775 64
800 59
825 64
850 64
875 64
900 64
925 69
950 69
975 69
1000 72
1025 74
1050 74
1075 74
1100 77
1125 79
1150 79
1175 84
1200 84
1225 89
1250 89
1275 94
1300 94
1325 99
1350 99
1375 104
1400 104
1425 109
1450 114
1475 114
1500 119
1525 124
1550 127
1575 129
1600 134
1625 134
1650 139
1675 142
1700 144
1725 147
1750 149
1770 164
1780 187
1760 205
1735 205
1735 230
1740 255
1750 278
1755 303
1770 323
1770 348
1775 373
1784 397
1808 404
1833 404
1858 404
1883 404
1908 399
1933 399
1958 399
1983 404
2008 404
2033 404
2058 404
2083 404
2108 404
2133 404
2158 404
2183 404
2208 404
2233 404
2258 404
2278 389
2303 389
2328 389
2353 389
2360 413
2380 428
2395 448
2407 470
2410 495
2435 499
2460 494
2485 494
2509 501
2527 519
2535 543
2540 568
2560 584
2585 587
2609 596
2633 605
2655 617
2677 629
2697 644
2712 664
2708 703
2689 720
2672 739
2690 757
2705 777
2715 800
2725 823
2745 839
2770 839
2795 839
2810 859
2815 884
2838 895
2840 920
2834 947
2810 955
2785 957
2760 960
2735 960
2730 990
2720 1025
2708 1058
2695 1080
2680 1100
2660 1120
2643 1143
2620 1155
2598 1168
2575 1180
2550 1185
2525 1190
2500 1190
2475 1190
2450 1185
2427 1175
2404 1165
2381 1154
2359 1142
2340 1125
2318 1113
2306 1135
2294 1157
2275 1175
2258 1198
2238 1213
2216 1225
2196 1240
2171 1245
2147 1254
2122 1255
2097 1255
2072 1255
2047 1250
2022 1244
1998 1235
1975 1225
1954 1211
1934 1196
1916 1178
1899 1159
1885 1138
1874 1115
1861 1093
1849 1071
1840 1047
1818 1035
1793 1035
1768 1035
1743 1030
1718 1025
1693 1020
1668 1015
1643 1010
1618 1010
1593 1010
1568 1010
1543 1005
1518 1005
1493 1005
1468 1005
1443 1000
1418 1000
1393 1000
1368 1000
1343 1000
1318 1000
1293 1000
1268 1000
1243 1000
1218 1000
1193 995
1168 995
1158 1018
1146 1040
1134 1062
1119 1082
1100 1100
1080 1115
1060 1130
1038 1143
1014 1150
991 1160
966 1160
941 1160
916 1155
891 1150
868 1140
846 1128
826 1113
806 1098
789 1079
772 1060
754 1042
735 1025
710 1030
702 1059
693 1083
681 1105
666 1125
651 1145
631 1160
613 1178
590 1190
568 1203
543 1210
520 1220
495 1220
470 1220
445 1220
422 1210
397 1205
374 1195
354 1180
334 1165
314 1150
299 1130
284 1110
269 1090
259 1067
249 1044
244 1019
235 995
211 988
187 979
163 970
144 953
144 928
134 905
109 910
84 910
74 887
69 862
69 837
