34 1177
24 1217
39 1237
61 1249
86 1255
111 1255
136 1255
160 1262
178 1280
184 1305
191 1329
199 1353
212 1375
224 1397
236 1419
251 1439
266 1459
286 1474
306 1489
326 1504
346 1519
369 1530
394 1535
417 1545
442 1545
467 1545
492 1545
517 1545
540 1535
565 1530
590 1530
609 1512
628 1495
650 1480
670 1460
689 1442
704 1422
715 1395
728 1373
740 1340
750 1315
765 1295
790 1295
815 1295
840 1300
865 1295
889 1302
901 1324
910 1348
929 1365
944 1385
964 1400
984 1415
1004 1430
1027 1440
1050 1450
1075 1455
1100 1460
1125 1460
1150 1460
1175 1455
1200 1455
1223 1445
1248 1438
1272 1429
1293 1415
1310 1395
1333 1385
1347 1364
1362 1344
1377 1324
1394 1305
1414 1290
1439 1290
1464 1290
1489 1295
1514 1295
1539 1295
1564 1295
1589 1295
1614 1300
1639 1300
1664 1300
1689 1300
1714 1300
1739 1300
1759 1315
1782 1305
1807 1305
1832 1305
1857 1305
1882 1305
1907 1310
1932 1310
1957 1310
1982 1315
2007 1315
2032 1310
2057 1310
2082 1310
2107 1310
2132 1310
2157 1310
2182 1305
2207 1305
2232 1300
2257 1300
2280 1290
2305 1285
2328 1275
2356 1265
2349 1289
2356 1313
2380 1320
2405 1325
2430 1325
2455 1327
2469 1348
2474 1373
2484 1396
2494 1419
2504 1442
2516 1464
2529 1486
2544 1506
2561 1525
2577 1545
2592 1565
2612 1580
2634 1592
2654 1607
2678 1615
2698 1630
2721 1640
2744 1650
2769 1655
2794 1660
2819 1660
2844 1660
2869 1660
2894 1655
2919 1650
2940 1635
2963 1625
2986 1615
3008 1603
3030 1585
3050 1570
3069 1552
3084 1532
3096 1510
3110 1485
3123 1463
3148 1460
3168 1475
3186 1493
3206 1508
3228 1520
3250 1532
3274 1540
3297 1550
3322 1555
3347 1560
3372 1560
3397 1565
3422 1560
3447 1560
3470 1550
3495 1545
3515 1530
3535 1515
3555 1500
3578 1490
3598 1473
3613 1453
3628 1433
3645 1410
3660 1380
3670 1355
3680 1325
3690 1285
3695 1240
3695 1215
3695 1170
3690 1145
3685 1120
3680 1095
3670 1072
3660 1049
3649 1026
3634 1006
3622 984
3659 1000
3684 1005
3708 998
3710 955
3705 918
3695 895
3688 871
3670 853
3658 831
3640 813
3619 799
3596 789
3576 774
3553 764
3530 754
3507 744
3482 739
3475 715
3475 690
3468 666
3460 642
3450 619
3435 599
3412 589
3387 594
3362 599
3337 599
3312 604
3290 616
3272 644
3265 620
3265 595
3265 570
3250 550
3235 530
3221 509
3201 494
3181 479
3160 465
3169 431
3145 422
3121 414
3096 419
3074 432
3074 459
3049 454
3024 454
2999 454
2974 449
2949 449
2924 449
2899 449
2874 449
2849 449
2824 449
2799 449
2774 449
2749 449
2724 449
2699 449
2674 449
2649 449
2624 449
2599 449
2574 449
2549 449
2524 449
2499 449
2474 449
2449 444
2424 444
2399 444
2375 436
2400 419
2377 409
2355 421
2344 444
2320 435
2320 410
2320 385
2320 360
2320 335
2315 310
2320 280
2320 255
2320 230
2335 210
2358 200
2383 200
2408 200
2433 200
2458 200
2483 200
2505 180
2491 159
2469 146
2445 139
2422 129
2397 124
2372 119
2348 111
2324 104
2299 99
2274 94
2250 87
2225 82
2200 77
2175 72
2150 69
2125 64
2100 59
2075 54
2050 54
2025 49
2000 49
1975 44
1950 44
1925 39
1900 39
1875 34
1850 34
1825 29
1800 29
1775 27
1750 24
1725 19
1700 19
1675 19
1650 19
1625 19
1600 17
1575 14
1550 14
1525 14
1500 14
1475 12
1450 9
1425 9
1400 9
1375 9
1350 9
1325 9
1300 9
1275 9
1250 9
1225 9
1200 9
1175 4
1150 4
1125 4
1100 4
1075 4
1050 4
1025 4
1000 4
975 4
950 4
925 4
900 9
875 4
850 9
825 9
800 9
775 9
750 4
725 9
700 9
675 9
650 9
625 9
600 9
575 9
550 12
525 14
500 14
475 14
450 14
425 14
400 19
375 19
350 19
325 24
300 19
275 24
250 24
225 24
200 29
175 31
151 39
129 52
109 67
99 102
94 127
94 152
89 177
94 202
99 227
99 252
104 277
104 302
104 327
104 352
104 392
104 417
109 442
109 467
104 492
109 517
109 542
109 567
109 592
109 617
109 652
99 687
94 712
89 737
79 772
84 797
84 822
84 847
84 872
81 945
69 967
64 992
59 1027
49 1062
39 1092
39 1117
39 1142
