4 967
9 992
31 1005
56 1000
78 988
74 1018
59 1042
51 1070
39 1092
29 1132
29 1157
19 1187
19 1212
19 1237
24 1262
29 1287
34 1312
39 1337
49 1360
59 1383
69 1406
84 1426
99 1446
114 1466
132 1484
152 1499
176 1508
198 1520
213 1540
238 1545
260 1557
285 1560
310 1560
335 1565
360 1560
385 1555
410 1550
435 1545
459 1537
481 1525
504 1515
523 1498
543 1483
563 1468
578 1448
597 1465
609 1487
621 1509
634 1531
649 1551
667 1569
687 1585
707 1600
729 1612
751 1624
775 1632
795 1647
819 1655
844 1660
869 1660
894 1660
919 1660
944 1655
969 1650
993 1643
1015 1630
1038 1618
1062 1609
1082 1594
1103 1580
1123 1565
1140 1545
1155 1525
1174 1507
1190 1485
1203 1463
1215 1430
1228 1408
1240 1385
1245 1360
1250 1335
1273 1325
1298 1325
1323 1323
1348 1318
1368 1303
1360 1265
1383 1275
1408 1280
1432 1289
1455 1300
1480 1300
1505 1305
1530 1305
1555 1307
1580 1310
1605 1310
1630 1310
1655 1310
1680 1310
1705 1315
1730 1315
1755 1310
1780 1310
1805 1310
1830 1305
1855 1305
1880 1305
1905 1305
1930 1305
1953 1315
1975 1300
2000 1300
2025 1300
2050 1300
2075 1300
2100 1300
2125 1295
2150 1295
2175 1295
2200 1295
2225 1295
2250 1290
2275 1290
2300 1290
2320 1305
2339 1322
2354 1342
2369 1362
2381 1384
2404 1395
2421 1414
2444 1425
2467 1435
2490 1445
2513 1455
2538 1455
2563 1460
2588 1460
2613 1460
2638 1455
2663 1450
2688 1443
2710 1430
2730 1415
2753 1403
2773 1388
2790 1365
2809 1347
2818 1323
2830 1300
2855 1295
2880 1300
2905 1295
2930 1295
2955 1295
2969 1316
2977 1340
2986 1364
2995 1388
3009 1409
3023 1430
3038 1450
3053 1470
3073 1485
3094 1499
3114 1515
3134 1530
3159 1530
3182 1540
3207 1545
3232 1545
3257 1545
3282 1545
3307 1540
3332 1535
3355 1525
3378 1515
3398 1500
3418 1485
3438 1470
3455 1450
3474 1432
3486 1410
3500 1380
3515 1360
3520 1335
3535 1310
3535 1285
3550 1265
3575 1260
3600 1255
3625 1255
3650 1250
3673 1240
3690 1214
3685 1189
3680 1164
3680 1139
3680 1114
3677 1089
3670 1065
3660 1042
3655 1017
3654 992
3649 967
3637 945
3635 920
3635 890
3635 865
3635 840
3635 815
3635 790
3630 749
3625 724
3620 699
3615 674
3607 650
3605 625
3610 585
3610 560
3610 535
3610 510
3610 480
3610 455
3610 430
3615 400
3610 375
3610 335
3610 290
3615 255
3620 210
3628 176
3625 151
3623 126
3618 101
3610 77
3595 57
3575 42
3551 34
3526 29
3501 24
3476 24
3451 24
3426 19
3401 24
3376 19
3351 19
3326 19
3301 14
3276 14
3251 14
3226 14
3201 14
3176 9
3151 9
3126 9
3101 9
3076 9
3051 9
3026 9
3001 9
2976 4
2951 9
2926 9
2901 9
2876 9
2851 4
2826 5
2801 4
2776 4
2751 4
2726 4
2701 4
2676 4
2651 4
2626 4
2601 4
2576 4
2551 4
2526 9
2501 9
2476 9
2451 9
2426 9
2401 9
2376 9
2351 9
2326 9
2301 9
2276 9
2251 9
2226 14
2201 14
2176 14
2151 14
2126 14
2101 19
2076 19
2051 19
2026 24
2001 19
1976 24
1951 24
1926 29
1901 29
1876 34
1851 34
1826 35
1801 39
1776 44
1751 44
1726 49
1701 49
1676 50
1651 54
1626 59
1601 64
1576 65
1551 69
1526 74
1501 79
1476 84
1451 90
1426 95
1402 104
1377 109
1352 114
1327 119
1304 129
1280 136
1256 144
1234 157
1214 172
1219 197
1244 200
1269 200
1294 200
1319 200
1344 200
1369 200
1389 215
1399 238
1394 287
1399 317
1399 342
1399 367
1399 392
1399 417
1379 444
1365 423
1344 409
1319 412
1338 435
1314 444
1289 444
1264 444
1239 449
1214 449
1189 449
1164 449
1139 449
1114 449
1089 449
1064 449
1039 449
1014 449
989 449
964 449
939 449
914 449
889 449
864 449
839 449
814 449
789 449
764 449
739 449
714 454
689 454
664 457
640 450
621 419
596 414
573 424
549 432
542 474
522 489
502 504
484 522
469 547
454 567
449 602
441 634
426 614
403 604
378 599
353 599
328 594
303 594
279 602
266 630
254 652
244 687
244 712
227 739
204 749
180 756
158 769
134 777
112 789
92 804
72 819
57 839
42 859
24 877
14 912
4 937
