269 382
276 335
296 319
319 309
344 304
369 299
394 292
419 287
444 284
469 279
494 274
519 274
544 269
569 269
594 264
619 264
644 259
669 259
694 259
719 254
744 254
769 254
794 249
819 249
844 249
869 249
894 249
919 249
944 249
969 249
994 249
1019 249
1044 249
1069 249
1094 249
1119 254
1144 254
1169 254
1194 259
1219 261
1244 266
1269 269
1293 276
1315 288
1330 308
1330 333
1330 358
1330 383
1335 408
1335 433
1335 458
1335 483
1347 505
1365 523
1390 529
1415 524
1440 519
1465 519
1488 530
1510 542
1534 551
1558 559
1583 565
1607 574
1629 586
1649 601
1669 616
1689 631
1707 649
1722 669
1737 689
1750 711
1764 732
1775 755
1785 778
1790 803
1795 828
1800 853
1805 878
1805 903
1800 930
1795 960
1787 1004
1778 1028
1765 1050
1750 1075
1735 1100
1720 1120
1702 1139
1684 1157
1664 1172
1645 1190
1623 1203
1601 1215
1581 1230
1557 1239
1533 1248
1509 1255
1484 1260
1459 1265
1434 1270
1409 1270
1384 1267
1369 1247
1369 1222
1374 1192
1374 1167
1374 1142
1379 1117
1404 1114
1427 1124
1452 1129
1477 1134
1502 1139
1527 1134
1547 1119
1567 1104
1587 1089
1607 1074
1622 1054
1637 1034
1654 1012
1669 987
1679 962
1689 922
1694 874
1691 849
1684 825
1678 800
1666 778
1654 756
1636 738
1618 720
1600 702
1580 687
1558 675
1535 665
1512 655
1487 650
1462 645
1437 650
1413 658
1390 670
1365 675
1350 695
1350 720
1350 745
1350 770
1350 795
1350 820
1350 845
1350 870
1350 895
1350 920
1350 945
1350 970
1355 995
1355 1020
1355 1045
1355 1070
1355 1095
1350 1125
1350 1150
1350 1175
1345 1205
1345 1230
1345 1255
1340 1285
1335 1315
1330 1340
1325 1370
1315 1405
1308 1433
1296 1455
1284 1477
1265 1495
1250 1515
1239 1542
1224 1562
1206 1580
1186 1595
1162 1604
1138 1613
1114 1620
1089 1625
1064 1630
1039 1635
1014 1640
989 1645
964 1645
939 1650
914 1655
889 1655
864 1655
839 1655
814 1660
789 1660
764 1660
739 1660
714 1660
689 1660
664 1660
639 1655
614 1655
589 1650
564 1645
539 1642
515 1635
491 1628
469 1615
450 1598
444 1573
444 1548
439 1523
429 1500
410 1483
395 1463
380 1443
369 1420
354 1400
339 1380
329 1357
324 1332
319 1307
319 1282
319 1257
314 1232
314 1207
314 1182
309 1157
309 1132
304 1107
304 1082
299 1057
299 1032
299 1007
294 982
294 957
294 932
289 907
289 882
289 857
289 832
284 807
284 782
284 757
284 732
279 707
279 682
284 657
279 632
279 607
279 582
279 557
279 532
279 507
279 482
279 457
279 432
274 407
