369 467
364 442
379 422
399 407
421 394
444 384
469 379
494 374
517 364
542 359
567 354
592 349
617 349
642 349
667 349
692 349
717 344
742 344
767 344
792 339
817 339
842 339
867 339
892 339
917 339
942 339
967 344
992 344
1017 349
1042 349
1067 354
1092 354
1117 359
1142 359
1167 364
1187 379
1205 397
1210 422
1210 447
1210 472
1210 497
1210 522
1225 542
1250 544
1275 541
1300 539
1325 534
1350 534
1375 534
1400 539
1425 544
1448 554
1465 573
1475 596
1485 619
1495 642
1505 665
1515 688
1515 720
1508 748
1495 770
1485 795
1475 820
1464 847
1445 865
1422 875
1398 883
1373 890
1350 900
1325 905
1301 915
1277 924
1252 930
1229 940
1206 929
1204 889
1215 866
1239 857
1264 852
1288 844
1312 834
1335 824
1358 814
1381 804
1404 792
1422 774
1434 747
1444 717
1444 678
1436 654
1428 630
1413 610
1389 602
1365 595
1340 595
1315 595
1290 600
1265 605
1240 610
1215 615
1200 635
1200 660
1195 685
1195 710
1195 735
1190 770
1190 795
1190 820
1185 845
1187 870
1185 915
1180 955
1180 980
1180 1005
1180 1030
1180 1055
1185 1080
1185 1105
1185 1130
1185 1155
1185 1180
1179 1222
1160 1240
1142 1259
1122 1275
1102 1290
1077 1295
1052 1300
1028 1308
1003 1313
979 1320
954 1325
929 1330
904 1335
879 1340
854 1335
829 1335
804 1335
779 1335
754 1335
729 1335
704 1335
679 1335
654 1330
629 1327
605 1320
580 1315
555 1310
530 1305
505 1300
481 1293
459 1281
444 1261
434 1238
424 1215
414 1192
414 1167
414 1142
414 1117
409 1092
409 1067
409 1042
409 1017
404 992
404 967
404 942
404 917
404 892
399 867
399 842
399 817
399 792
394 767
394 742
394 717
394 692
389 667
389 642
389 617
389 592
389 567
384 542
379 517
374 492
