279 887
279 862
284 837
284 812
289 782
299 747
309 722
319 697
334 672
352 654
370 636
392 624
414 612
438 604
463 599
488 599
513 604
538 604
560 591
574 562
579 527
579 502
574 477
569 452
569 427
581 405
596 385
616 370
636 355
659 344
682 334
706 325
731 319
756 314
781 309
806 304
831 304
856 299
881 299
906 299
931 294
956 294
981 294
1006 299
1031 299
1056 299
1081 304
1106 309
1131 314
1156 319
1181 324
1206 329
1230 337
1254 346
1278 355
1300 367
1320 382
1340 397
1355 417
1370 437
1370 462
1365 495
1355 535
1350 560
1350 585
1345 615
1340 645
1335 670
1325 710
1320 740
1315 785
1310 820
1305 850
1305 875
1305 900
1305 925
1305 950
1305 975
1305 1000
1305 1025
1305 1050
1300 1080
1300 1105
1300 1130
1305 1155
1300 1190
1295 1225
1295 1250
1295 1275
1295 1300
1295 1325
1295 1350
1285 1395
1269 1417
1251 1435
1233 1453
1210 1465
1189 1480
1166 1490
1142 1499
1117 1505
1092 1510
1067 1515
1042 1520
1017 1525
992 1525
967 1525
942 1525
917 1525
892 1525
867 1520
842 1515
817 1510
792 1505
769 1495
745 1487
721 1478
699 1466
677 1454
657 1439
639 1421
624 1401
614 1378
609 1353
609 1328
604 1303
604 1278
604 1253
599 1228
599 1203
599 1178
594 1153
594 1128
589 1103
589 1078
589 1053
589 1028
589 1003
589 978
589 953
589 928
589 903
584 878
576 854
564 832
549 812
539 789
532 765
528 740
516 718
498 700
475 690
450 690
428 703
408 718
393 738
380 760
370 785
360 820
355 850
350 880
350 905
345 940
345 965
345 990
345 1015
350 1040
350 1065
355 1090
360 1115
365 1140
372 1164
384 1186
399 1206
419 1221
443 1229
468 1224
492 1214
512 1199
537 1199
552 1219
555 1244
557 1279
542 1299
522 1314
497 1319
472 1320
447 1320
424 1310
400 1303
380 1288
362 1270
344 1252
332 1230
319 1208
309 1185
304 1160
294 1137
289 1112
284 1087
284 1062
279 1037
279 1012
279 987
279 962
279 937
279 912
