64 1677
64 1652
86 1639
111 1644
124 1622
124 1597
148 1589
164 1567
182 1549
207 1544
219 1517
237 1499
260 1509
269 1472
287 1454
312 1454
337 1459
334 1422
358 1414
383 1409
389 1367
414 1369
439 1374
464 1367
479 1332
501 1320
526 1324
551 1320
566 1300
591 1299
615 1291
635 1276
649 1245
649 1220
639 1197
639 1172
651 1150
671 1135
681 1098
669 1076
649 1061
631 1043
611 1028
593 1010
575 992
560 972
548 950
524 942
499 941
481 923
463 905
438 900
424 879
417 855
409 831
395 810
374 796
362 774
338 765
314 757
309 732
322 710
307 690
289 672
289 647
304 625
280 618
265 598
264 573
256 549
244 527
271 529
279 492
279 467
303 459
328 465
329 422
351 409
374 397
374 372
392 354
417 359
424 322
448 314
473 309
474 262
499 259
523 266
547 274
572 274
594 286
618 294
643 299
668 299
688 315
705 334
715 357
737 369
762 369
775 391
797 404
820 414
840 429
860 444
879 461
904 464
910 489
925 509
945 524
965 539
988 549
1000 571
975 575
989 596
1013 605
1034 619
1059 632
1040 650
1050 673
1070 656
1094 664
1119 667
1141 654
1166 659
1191 655
1199 622
1223 630
1245 642
1265 657
1279 632
1289 592
1301 570
1319 547
1309 510
1299 487
1329 494
1352 484
1354 437
1378 430
1384 402
1384 377
1408 369
1433 369
1424 327
1448 319
1464 287
1459 262
1483 254
1508 249
1514 217
1539 214
1549 187
1549 162
1573 154
1598 159
1609 112
1633 104
1654 77
1678 84
1701 94
1724 104
1745 118
1770 119
1795 116
1818 126
1836 144
1856 159
1880 152
1900 167
1918 185
1939 199
1964 199
1978 220
1990 242
2005 262
2005 287
2015 310
2005 355
2000 400
1980 415
1980 440
1985 465
1975 510
1950 515
1955 540
1953 573
1940 595
1928 630
1905 640
1912 664
1915 689
1902 724
1878 733
1855 745
1853 793
1840 815
1828 838
1808 853
1795 875
1775 895
1789 916
1813 925
1820 962
1795 960
1800 985
1817 1004
1839 1016
1857 1034
1865 1058
1880 1078
1905 1079
1930 1079
1953 1089
1976 1099
2001 1104
2026 1104
2042 1084
2064 1096
2082 1114
2107 1119
2119 1097
2141 1109
2156 1129
2166 1105
2191 1104
2213 1116
2231 1134
2246 1154
2269 1164
2289 1147
2314 1146
2325 1169
2340 1189
2363 1199
2386 1189
2404 1207
2424 1222
2448 1214
2470 1227
2488 1245
2505 1264
2520 1284
2530 1307
2538 1331
2547 1355
2545 1380
2525 1395
2532 1419
2544 1441
2535 1475
2510 1470
2510 1495
2505 1520
2512 1544
2510 1575
2510 1600
2502 1629
2479 1640
2456 1650
2438 1668
2423 1688
2398 1688
2374 1695
2349 1697
2325 1690
2300 1690
2275 1690
2250 1695
2257 1729
2235 1717
2217 1699
2192 1704
2167 1710
2142 1705
2117 1709
2093 1700
2070 1690
2045 1690
2023 1720
2001 1708
1986 1688
1968 1670
1944 1677
1919 1682
1900 1665
1875 1660
1852 1674
1837 1654
1820 1635
1795 1630
1783 1653
1768 1673
1748 1688
1731 1708
1708 1718
1695 1740
1700 1765
1675 1772
1650 1775
1635 1795
1649 1816
1664 1836
1675 1859
1675 1884
1680 1920
1682 1945
1680 1975
1690 1998
1705 2018
1700 2045
1675 2050
1680 2075
1697 2094
1709 2116
1700 2140
1700 2165
1700 2190
1700 2215
1700 2240
1707 2264
1693 2295
1670 2305
1680 2328
1695 2348
1685 2395
1675 2425
1650 2430
1655 2455
1643 2488
1621 2500
1598 2510
1575 2500
1555 2485
1530 2485
1531 2520
1507 2529
1485 2517
1460 2515
1442 2540
1417 2540
1392 2540
1367 2540
1342 2540
1319 2530
1294 2535
1269 2537
1251 2519
1239 2497
1234 2472
1222 2450
1210 2428
1199 2405
1194 2380
1189 2355
1174 2335
1159 2315
1149 2292
1157 2255
1144 2233
1136 2209
1121 2189
1109 2167
1110 2123
1099 2100
1089 2077
1099 2020
1089 1997
1084 1972
1084 1945
1069 1925
1059 1902
1083 1894
1081 1868
1061 1853
1037 1845
1017 1830
992 1824
967 1819
949 1801
931 1783
907 1775
883 1783
868 1803
853 1823
830 1835
805 1840
780 1840
765 1860
748 1880
725 1890
705 1905
680 1912
655 1910
635 1925
610 1927
585 1925
595 1948
586 1975
563 1965
540 1955
515 1960
498 1985
474 1977
452 1989
427 1990
402 1994
379 2005
355 2012
335 1997
315 1982
290 1985
295 2015
272 2030
250 2018
232 2000
220 1978
211 1954
199 1932
174 1887
165 1863
157 1839
139 1821
124 1801
114 1778
104 1755
82 1695
