314 987
314 962
332 944
347 924
365 906
384 887
402 869
422 854
442 839
460 821
480 806
500 791
522 779
542 764
567 759
590 769
614 776
638 785
662 794
685 804
708 814
731 824
754 834
775 848
799 856
821 869
843 881
865 894
885 909
908 919
928 934
948 950
970 962
990 977
1010 992
1028 1010
1048 1025
1065 1044
1085 1059
1104 1076
1119 1096
1137 1114
1155 1132
1173 1150
1188 1170
1170 1107
1158 1085
1146 1063
1134 1041
1124 1018
1114 995
1104 972
1094 949
1084 926
1079 901
1069 878
1059 855
1054 830
1049 805
1039 782
1034 757
1029 732
1024 707
1019 682
1019 657
1014 632
1009 607
1009 582
1009 557
1004 532
1004 507
1004 482
1004 457
1004 432
1024 417
1042 399
1062 384
1082 369
1104 357
1124 342
1146 329
1167 314
1190 304
1213 294
1235 281
1257 269
1282 269
1305 279
1328 289
1351 299
1373 311
1395 324
1415 339
1438 350
1459 364
1479 379
1499 394
1518 411
1538 426
1545 450
1545 475
1545 500
1540 540
1540 565
1535 610
1530 650
1525 685
1525 710
1515 735
1510 760
1505 785
1495 820
1485 860
1475 890
1465 915
1458 943
1445 965
1435 990
1423 1023
1410 1045
1395 1070
1380 1100
1368 1123
1355 1145
1340 1165
1380 1146
1395 1126
1415 1111
1434 1092
1449 1072
1467 1054
1487 1039
1505 1021
1525 1006
1544 989
1564 972
1584 957
1606 945
1626 930
1649 917
1669 902
1691 890
1711 875
1734 864
1757 854
1779 842
1801 830
1825 821
1847 809
1870 799
1894 792
1918 784
1941 774
1965 766
1989 759
2012 769
2032 784
2054 796
2074 811
2094 826
2114 841
2132 859
2152 874
2170 892
2188 910
2205 929
2220 949
2235 969
2230 1005
2225 1045
2225 1070
2215 1095
2205 1135
2195 1170
2185 1200
2175 1225
2165 1250
2145 1275
2120 1280
2097 1290
2073 1298
2048 1303
2023 1310
1999 1317
1974 1322
1949 1325
1924 1330
1899 1335
1874 1340
1849 1340
1824 1345
1799 1345
1774 1345
1749 1350
1724 1350
1699 1350
1674 1350
1649 1345
1624 1345
1599 1345
1574 1340
1549 1335
1524 1335
1499 1330
1474 1325
1449 1320
1390 1305
1407 1324
1429 1336
1451 1349
1475 1357
1497 1369
1520 1379
1540 1394
1563 1404
1586 1414
1606 1429
1628 1441
1646 1459
1668 1471
1688 1486
1708 1501
1728 1516
1746 1534
1766 1549
1784 1567
1804 1582
1819 1602
1839 1617
1857 1635
1872 1655
1887 1675
1905 1693
1923 1711
1935 1733
1950 1753
1965 1773
1980 1793
1985 1818
1975 1845
1965 1880
1955 1905
1945 1935
1935 1960
1925 1985
1913 2013
1900 2035
1888 2058
1875 2080
1855 2095
1830 2100
1805 2105
1780 2110
1755 2115
1730 2115
1705 2120
1680 2120
1655 2120
1630 2120
1605 2120
1580 2120
1556 2113
1541 2093
1526 2073
1509 2054
1494 2034
1484 2011
1469 1991
1456 1969
1441 1949
1429 1927
1419 1904
1409 1881
1396 1859
1388 1835
1376 1813
1369 1789
1359 1766
1349 1743
1341 1719
1334 1695
1329 1670
1319 1647
1314 1622
1309 1597
1304 1572
1299 1547
1294 1522
1289 1497
1289 1472
1284 1447
1265 1405
1265 1430
1260 1465
1255 1500
1250 1540
1240 1585
1230 1630
1220 1670
1210 1705
1200 1735
1193 1763
1180 1785
1173 1813
1160 1835
1150 1860
1135 1885
1125 1910
1110 1935
1095 1965
1083 1988
1068 2008
1055 2030
1040 2050
1024 2072
1009 2092
994 2112
970 2120
945 2120
920 2120
895 2120
870 2120
845 2120
820 2117
795 2115
770 2110
745 2105
720 2100
695 2095
674 2081
661 2059
649 2037
637 2015
625 1993
616 1969
607 1945
599 1921
589 1898
579 1875
574 1850
569 1825
574 1782
589 1762
604 1742
616 1720
636 1704
652 1684
667 1664
685 1646
700 1626
719 1609
736 1590
754 1572
774 1557
792 1539
812 1524
832 1509
852 1494
870 1476
892 1464
912 1449
932 1434
954 1422
976 1409
997 1394
1019 1382
1041 1370
1065 1361
1087 1349
1113 1339
1145 1305
1121 1315
1096 1320
1071 1325
1046 1330
1021 1335
996 1335
971 1340
946 1345
921 1345
896 1345
871 1350
846 1350
821 1350
796 1350
771 1345
746 1345
721 1345
696 1340
671 1338
646 1335
621 1330
596 1325
571 1320
546 1315
521 1310
498 1300
473 1295
448 1290
425 1280
401 1273
384 1254
374 1231
364 1208
356 1184
349 1160
344 1135
334 1112
329 1087
324 1062
319 1037
319 1012
