479 1187
479 1162
504 1159
529 1159
554 1159
579 1159
604 1159
629 1159
654 1159
679 1159
704 1159
729 1159
754 1159
779 1159
804 1159
825 1173
843 1191
861 1209
883 1221
905 1234
928 1244
953 1249
978 1249
1003 1249
1028 1244
1052 1234
1075 1224
1098 1214
1118 1199
1138 1184
1156 1165
1164 1132
1164 1107
1164 1082
1164 1057
1164 1032
1164 1007
1164 982
1164 957
1164 932
1164 907
1176 885
1185 861
1194 837
1204 807
1214 762
1214 737
1214 712
1205 688
1196 664
1189 640
1179 617
1174 592
1169 567
1164 542
1164 517
1164 492
1164 467
1189 464
1214 464
1239 464
1264 464
1289 464
1314 464
1339 464
1364 464
1389 464
1414 464
1439 464
1464 464
1489 464
1514 464
1539 464
1564 464
1589 464
1614 464
1610 495
1600 520
1590 545
1580 580
1575 605
1570 640
1570 665
1570 690
1570 715
1575 740
1577 765
1582 790
1590 814
1595 839
1605 862
1615 885
1625 908
1625 933
1625 958
1625 983
1625 1008
1625 1033
1625 1058
1625 1083
1625 1108
1625 1133
1625 1158
1650 1159
1675 1159
1700 1159
1725 1159
1750 1159
1775 1159
1800 1159
1825 1159
1850 1159
1875 1159
1900 1159
1925 1159
1950 1159
1975 1159
2000 1159
2025 1159
2046 1145
2066 1130
2086 1115
2109 1104
2134 1097
2159 1094
2184 1094
2209 1099
2233 1106
2255 1118
2275 1133
2295 1148
2310 1168
2310 1193
2310 1218
2310 1243
2310 1268
2310 1293
2310 1318
2310 1343
2310 1368
2310 1393
2310 1418
2310 1443
2310 1468
2310 1493
2310 1518
2310 1543
2310 1568
2310 1593
2297 1639
2279 1657
2260 1675
2238 1690
2215 1700
2190 1705
2165 1705
2140 1700
2117 1690
2095 1677
2073 1665
2055 1647
2035 1632
2010 1630
1985 1630
1960 1630
1935 1630
1910 1630
1885 1630
1860 1630
1835 1630
1810 1630
1785 1630
1760 1630
1735 1630
1710 1630
1685 1630
1660 1630
1635 1630
1615 1645
1605 1675
1595 1710
1590 1735
1590 1760
1590 1785
1590 1810
1595 1835
1600 1860
1605 1885
1615 1908
1624 1932
1639 1952
1651 1974
1660 1998
1669 2022
1670 2047
1670 2072
1670 2097
1660 2120
1650 2150
1640 2175
1628 2203
1608 2218
1585 2230
1570 2250
1572 2275
1587 2295
1606 2325
1581 2325
1556 2325
1531 2325
1506 2325
1481 2325
1456 2325
1431 2325
1406 2325
1381 2325
1356 2325
1331 2325
1306 2325
1281 2325
1256 2325
1231 2325
1206 2325
1186 2309
1205 2291
1209 2258
1195 2237
1177 2219
1159 2201
1146 2179
1134 2157
1129 2132
1124 2107
1119 2082
1119 2057
1119 2032
1129 1997
1139 1972
1151 1950
1164 1927
1179 1907
1189 1882
1199 1857
1199 1832
1199 1800
1194 1775
1184 1752
1172 1730
1164 1706
1164 1681
1164 1656
1164 1631
1146 1613
1126 1598
1104 1585
1081 1575
1058 1565
1033 1560
1008 1555
983 1560
958 1560
933 1565
909 1572
885 1580
863 1593
840 1605
820 1620
797 1630
772 1630
747 1630
722 1630
697 1630
672 1630
647 1630
622 1630
597 1630
572 1630
547 1630
522 1630
497 1630
479 1612
479 1587
479 1562
479 1537
479 1512
479 1487
479 1462
479 1437
479 1412
479 1387
479 1362
479 1337
479 1312
479 1287
479 1262
479 1237
479 1212
