304 740
319 760
334 780
334 807
339 860
344 885
347 910
359 932
377 950
384 974
391 998
413 1010
435 1022
454 1039
459 1064
476 1083
498 1095
522 1104
547 1099
572 1094
590 1112
610 1127
635 1120
658 1130
678 1145
690 1115
715 1110
736 1124
751 1144
771 1159
795 1150
810 1130
834 1137
854 1152
879 1150
904 1145
924 1160
948 1153
957 1129
982 1134
1002 1149
1025 1160
1044 1142
1063 1125
1087 1134
1112 1140
1130 1120
1154 1127
1178 1134
1180 1100
1174 1179
1149 1182
1154 1207
1159 1232
1164 1257
1164 1282
1149 1302
1159 1325
1174 1345
1159 1374
1134 1417
1134 1442
1144 1465
1149 1517
1134 1547
1144 1570
1144 1601
1119 1602
1124 1627
1124 1662
1124 1687
1134 1710
1124 1777
1124 1802
1133 1830
1109 1837
1114 1862
1124 1885
1119 1912
1124 1937
1134 1960
1134 1985
1129 2012
1131 2064
1135 2089
1109 2087
1114 2112
1124 2152
1124 2177
1136 2199
1144 2223
1150 2248
1144 2287
1154 2310
1169 2330
1179 2353
1179 2378
1189 2401
1199 2424
1216 2443
1234 2461
1244 2484
1261 2465
1284 2455
1307 2465
1330 2475
1354 2467
1363 2443
1387 2435
1412 2434
1437 2435
1462 2435
1482 2450
1507 2455
1532 2454
1554 2466
1572 2484
1592 2500
1615 2490
1634 2472
1635 2425
1655 2410
1679 2402
1685 2375
1690 2346
1677 2324
1670 2300
1695 2295
1710 2268
1700 2245
1700 2220
1700 2195
1705 2150
1718 2126
1710 2102
1692 2084
1685 2060
1710 2055
1720 2028
1710 2005
1710 1980
1710 1955
1705 1930
1710 1905
1720 1875
1710 1852
1692 1834
1685 1810
1710 1810
1719 1777
1707 1755
1705 1730
1705 1695
1705 1670
1705 1645
1700 1602
1682 1584
1675 1560
1700 1555
1705 1518
1695 1495
1695 1470
1690 1445
1690 1415
1690 1385
1685 1350
1670 1330
1665 1305
1685 1285
1674 1262
1665 1238
1660 1213
1650 1190
1674 1182
1675 1135
1675 1100
1700 1102
1722 1114
1742 1130
1760 1148
1783 1138
1805 1125
1828 1135
1848 1150
1873 1148
1898 1150
1918 1165
1943 1158
1961 1140
1982 1154
2005 1165
2028 1175
2048 1158
2070 1145
2091 1159
2116 1155
2141 1150
2164 1160
2187 1149
2192 1124
2217 1124
2240 1135
2264 1127
2286 1115
2311 1110
2332 1124
2355 1105
2374 1087
2398 1078
2422 1070
2445 1060
2445 1020
2468 1010
2490 980
2490 955
2515 950
2512 925
2510 900
2529 882
2530 853
2530 828
2522 804
2515 780
2538 768
2550 740
2550 701
2537 679
2530 655
2550 640
2547 605
2539 581
2527 559
2502 554
2479 544
2454 547
2433 569
2408 564
2383 569
2358 569
2333 569
2308 564
2283 569
2263 584
2243 599
2218 595
2194 586
2170 579
2147 589
2122 584
2097 589
2080 609
2064 589
2039 592
2021 610
1996 614
1971 609
1949 596
1924 594
1904 609
1881 599
1859 612
1837 624
1815 612
1790 614
1767 624
1742 624
1720 612
1698 600
1674 607
1655 632
1637 614
1615 626
1591 634
1571 619
1546 619
1523 629
1498 629
1475 618
1454 604
1429 607
1426 636
1402 629
1381 615
1364 634
1339 631
1317 619
1292 624
1269 634
1245 627
1225 612
1203 600
1179 607
1162 629
1142 614
1120 626
1095 629
1075 614
1050 611
1028 624
1003 620
980 609
957 599
932 594
910 608
889 594
866 605
844 617
826 599
804 587
789 607
765 614
742 604
718 595
695 584
670 584
645 579
620 576
595 579
572 569
547 569
522 569
489 557
499 580
474 584
451 574
428 564
403 564
378 559
354 551
331 540
319 562
309 587
314 612
314 652
324 675
339 695
318 709
294 717
