41 1264
41 1290
62 1304
85 1315
108 1325
130 1337
154 1345
179 1345
202 1355
227 1360
252 1365
277 1365
302 1370
327 1375
352 1379
377 1380
402 1385
427 1385
452 1390
477 1390
502 1395
527 1400
552 1400
577 1405
602 1409
627 1414
652 1415
677 1415
702 1420
727 1420
752 1425
777 1425
800 1441
780 1456
762 1474
742 1489
722 1504
704 1522
684 1537
665 1556
645 1571
627 1589
609 1607
590 1626
570 1641
552 1659
532 1674
514 1692
497 1714
477 1729
459 1747
439 1762
419 1777
404 1797
385 1816
367 1834
349 1852
332 1879
314 1897
302 1919
287 1939
275 1961
266 1985
254 2007
279 2007
303 2000
328 1995
351 1985
374 1975
397 1965
419 1952
443 1943
465 1930
488 1920
508 1905
530 1890
553 1880
573 1865
596 1855
618 1843
640 1830
660 1815
680 1800
703 1790
725 1775
748 1763
770 1750
793 1738
813 1723
835 1710
858 1698
878 1683
900 1670
920 1655
943 1643
961 1625
983 1613
1001 1595
1023 1583
1041 1565
1061 1550
1080 1530
1103 1520
1085 1561
1076 1585
1064 1607
1054 1642
1044 1667
1034 1697
1024 1737
1014 1767
1004 1802
994 1842
984 1882
979 1907
974 1932
964 1977
959 2002
949 2027
939 2067
939 2092
929 2127
919 2167
909 2207
904 2232
894 2272
889 2322
884 2352
879 2382
879 2427
884 2452
909 2452
927 2434
945 2410
964 2392
976 2370
994 2352
1006 2330
1018 2308
1033 2288
1042 2264
1055 2235
1068 2213
1080 2185
1095 2160
1105 2130
1118 2108
1130 2085
1140 2060
1150 2035
1165 2005
1180 1975
1193 1953
1205 1925
1218 1903
1225 1875
1240 1845
1250 1820
1263 1798
1272 1774
1289 1793
1299 1816
1307 1840
1319 1862
1329 1885
1340 1908
1349 1932
1361 1954
1370 1978
1384 1999
1394 2022
1404 2045
1414 2068
1424 2091
1436 2113
1448 2135
1454 2160
1469 2180
1479 2203
1489 2226
1501 2248
1509 2272
1524 2292
1536 2314
1549 2336
1561 2358
1579 2376
1594 2396
1609 2416
1624 2436
1642 2454
1660 2472
1665 2427
1665 2402
1665 2377
1660 2352
1659 2327
1655 2302
1654 2277
1649 2252
1640 2228
1635 2203
1630 2178
1625 2153
1620 2128
1615 2103
1610 2078
1605 2053
1600 2028
1592 2004
1585 1980
1580 1955
1575 1930
1570 1905
1565 1880
1560 1855
1555 1830
1545 1807
1540 1782
1534 1757
1525 1733
1520 1708
1512 1684
1505 1660
1495 1637
1490 1612
1480 1589
1470 1566
1460 1543
1450 1520
1485 1542
1503 1560
1523 1575
1543 1590
1563 1605
1583 1620
1603 1635
1623 1650
1643 1665
1665 1677
1687 1690
1709 1702
1731 1715
1752 1729
1772 1744
1795 1755
1816 1769
1839 1780
1859 1795
1881 1808
1903 1820
1925 1832
1947 1845
1969 1857
1989 1872
2011 1884
2034 1895
2054 1910
2077 1920
2097 1935
2119 1947
2141 1959
2165 1967
2187 1979
2211 1988
2235 1995
2258 2005
2282 2014
2283 1986
2270 1964
2259 1941
2244 1921
2232 1899
2215 1880
2198 1861
2183 1841
2165 1823
2147 1805
2129 1787
2111 1769
2093 1751
2073 1736
2054 1719
2035 1702
2020 1682
2002 1664
1982 1649
1964 1631
1945 1614
1928 1595
1908 1579
1889 1562
1871 1544
1853 1526
1833 1511
1814 1494
1795 1477
1777 1459
1757 1444
1740 1425
1774 1425
1799 1425
1824 1420
1849 1417
1874 1415
1899 1415
1924 1410
1949 1405
1974 1400
1999 1400
2024 1397
2048 1390
2073 1388
2098 1388
2122 1380
2147 1380
2172 1375
2197 1375
2222 1370
2247 1365
2272 1364
2297 1359
2322 1355
2345 1345
2370 1345
2394 1337
2418 1330
2441 1320
2465 1310
2488 1300
2510 1286
2497 1264
2475 1252
2450 1249
2427 1239
2402 1234
2377 1229
2352 1229
2327 1224
2302 1219
2277 1214
2252 1219
2227 1214
2202 1209
2177 1209
2152 1204
2127 1204
2102 1204
2077 1199
2052 1199
2027 1194
2002 1194
1977 1194
1952 1189
1927 1189
1902 1184
1877 1184
1852 1184
1827 1184
1802 1179
1777 1179
1752 1179
1727 1179
1702 1179
1677 1179
1652 1179
1627 1184
1602 1184
1565 1180
1585 1165
1608 1155
1630 1135
1654 1127
1674 1112
1694 1097
1713 1080
1733 1063
1753 1048
1775 1035
1794 1017
1813 1000
1833 983
1853 968
1871 950
1889 932
1909 917
1927 899
1945 880
1968 868
1983 848
2003 833
2021 815
2041 800
2061 785
2076 765
2096 750
2116 735
2134 717
2152 699
2172 684
2187 664
2205 645
2225 630
2240 610
2255 590
2270 570
2280 545
2258 530
2233 534
2210 544
2185 549
2162 559
2137 564
2114 574
2091 585
2069 597
2045 606
2023 619
2003 634
1979 642
1956 654
1936 669
1913 679
1893 694
1869 702
1847 714
1826 729
1804 742
1781 755
1759 767
1736 779
1714 792
1691 804
1671 819
1649 832
1626 845
1604 857
1584 872
1560 880
1570 845
1580 810
1585 780
1595 745
1600 720
1605 695
1610 670
1615 645
1620 605
1630 565
1635 525
1645 485
1650 450
1660 410
1665 375
1675 340
1675 315
1680 270
1680 240
1685 204
1685 179
1680 154
1675 129
1670 104
1666 79
1646 95
1631 115
1619 137
1601 155
1589 177
1574 202
1564 227
1549 247
1534 282
1525 306
1516 330
1504 352
1496 380
1484 402
1476 430
1464 452
1455 476
1446 500
1434 522
1425 551
1416 575
1404 597
1394 627
1379 652
1371 685
1359 707
1349 737
1341 765
1329 787
1319 817
1309 847
1304 872
1294 902
1289 932
1270 967
1265 942
1260 917
1255 892
1245 869
1240 844
1235 819
1225 796
1215 773
1210 748
1200 725
1190 702
1180 679
1172 655
1160 633
1155 608
1140 588
1132 564
1120 542
1114 517
1105 493
1095 470
1085 447
1075 424
1065 401
1055 378
1047 354
1035 332
1030 307
1015 287
1005 264
998 240
980 222
970 199
959 176
945 155
930 135
916 114
901 94
879 82
869 122
864 157
859 212
864 237
864 262
864 287
869 312
874 337
879 362
879 387
889 410
894 435
894 460
901 484
909 508
909 533
919 556
924 581
929 606
929 631
934 656
942 680
947 705
952 730
957 755
964 779
969 804
976 828
973 871
951 859
929 846
909 831
887 819
867 804
844 794
823 780
800 769
780 754
757 744
737 729
713 721
691 709
671 694
648 684
628 669
605 659
585 644
562 634
540 622
518 609
495 599
472 589
449 579
429 564
404 559
380 552
356 544
331 544
308 534
283 529
271 559
284 581
296 603
314 621
332 639
350 657
365 677
384 694
404 710
421 729
441 744
459 762
479 777
497 795
517 810
535 828
555 843
574 860
594 875
614 890
631 909
651 924
669 942
689 957
707 975
725 993
747 1005
765 1023
785 1038
804 1055
824 1070
844 1085
864 1100
884 1115
904 1130
927 1140
947 1155
988 1180
963 1184
938 1184
913 1179
888 1179
863 1179
838 1179
813 1175
788 1179
763 1179
738 1179
713 1179
688 1184
663 1184
638 1189
613 1189
588 1189
563 1194
538 1194
513 1194
488 1199
463 1199
438 1204
413 1199
388 1204
363 1209
338 1209
313 1214
288 1210
263 1214
238 1219
213 1224
188 1224
163 1229
138 1234
113 1239
89 1247
64 1254
