669 1300
680 1323
692 1345
704 1367
714 1390
724 1413
734 1436
742 1460
751 1484
760 1508
769 1532
779 1555
786 1579
794 1603
809 1660
816 1684
821 1709
826 1734
834 1758
839 1783
844 1808
849 1833
850 1858
854 1883
859 1908
860 1933
864 1958
869 2017
869 2042
874 2102
874 2127
874 2152
874 2177
874 2202
874 2227
874 2252
874 2277
874 2302
898 2310
921 2300
946 2295
970 2285
995 2280
1020 2275
1044 2267
1069 2262
1093 2255
1118 2250
1143 2245
1168 2240
1193 2235
1218 2233
1243 2230
1268 2228
1293 2225
1318 2220
1343 2220
1368 2220
1393 2220
1418 2220
1443 2220
1468 2220
1493 2225
1518 2225
1543 2230
1568 2230
1593 2235
1618 2240
1643 2245
1668 2250
1693 2255
1718 2260
1743 2265
1768 2270
1793 2275
1816 2285
1840 2292
1864 2300
1889 2305
1912 2315
1936 2323
1960 2330
1985 2320
1985 2295
1985 2270
1985 2245
1985 2220
1985 2195
1985 2170
1985 2145
1985 2120
1985 2095
1985 2070
1985 2045
1985 2020
1990 1980
1990 1950
1995 1910
2000 1875
2005 1835
2010 1810
2015 1780
2025 1740
2030 1715
2040 1680
2050 1640
2060 1610
2070 1580
2080 1550
2090 1525
2100 1500
2110 1475
2120 1450
2133 1428
2145 1400
2158 1378
2170 1350
2183 1328
2195 1305
2208 1283
2188 1259
2165 1249
2142 1239
2120 1227
2096 1219
2074 1206
2052 1194
2029 1184
2006 1174
1984 1161
1962 1149
1940 1137
1918 1124
1897 1110
1875 1098
1854 1084
1833 1070
1810 1059
1790 1044
1770 1029
1748 1016
1728 1001
1708 986
1688 971
1668 956
1648 941
1628 926
1609 909
1590 892
1570 877
1552 859
1532 844
1514 826
1495 809
1475 794
1459 774
1440 757
1422 739
1400 751
1382 769
1364 787
1345 806
1327 824
1309 842
1289 859
1270 876
1250 891
1232 909
1212 924
1194 942
1174 957
1154 972
1134 987
1114 1002
1094 1017
1074 1032
1054 1047
1032 1059
1012 1074
991 1089
969 1102
949 1117
927 1129
906 1144
884 1157
861 1169
839 1182
816 1195
794 1207
772 1219
749 1229
726 1240
704 1252
681 1264
659 1277
