311 984
299 962
349 972
349 942
373 949
398 949
423 944
448 949
473 954
496 964
521 964
546 964
566 979
586 994
611 999
632 984
657 984
680 994
705 999
719 978
716 953
704 931
691 909
679 887
674 862
698 854
723 859
748 864
770 876
792 889
817 894
835 912
855 927
877 939
901 930
922 944
937 964
962 959
986 944
974 922
974 882
989 862
1014 861
1025 884
1035 907
1050 927
1068 945
1082 924
1107 919
1109 891
1096 869
1084 847
1069 827
1064 802
1079 771
1074 746
1074 721
1061 699
1046 679
1034 657
1049 637
1044 602
1039 577
1034 552
1034 527
1052 509
1074 521
1080 546
1085 571
1090 596
1100 619
1119 636
1141 649
1163 661
1188 664
1194 618
1184 595
1174 572
1198 564
1219 550
1209 527
1209 502
1209 477
1209 452
1224 432
1234 395
1234 370
1224 347
1239 327
1244 302
1239 277
1264 281
1289 284
1305 315
1307 340
1315 364
1320 389
1325 414
1338 436
1350 458
1325 480
1300 485
1317 504
1335 522
1350 542
1355 567
1359 592
1360 617
1372 639
1392 654
1407 634
1429 622
1439 597
1461 584
1474 552
1498 544
1518 560
1515 590
1520 615
1505 645
1485 660
1485 685
1490 710
1488 748
1465 760
1472 784
1474 812
1455 830
1465 853
1443 885
1420 895
1430 918
1445 938
1468 949
1484 917
1504 902
1526 890
1546 875
1564 857
1583 874
1593 898
1568 900
1545 910
1552 934
1565 956
1555 980
1569 1001
1594 999
1614 984
1629 952
1647 934
1672 934
1696 925
1719 912
1739 897
1759 882
1779 867
1801 854
1826 854
1849 842
1873 834
1890 855
1870 870
1875 895
1858 915
1835 925
1842 949
1831 980
1790 975
1809 992
1832 1005
1857 1004
1877 989
1902 984
1927 989
1947 974
1972 974
1997 969
2020 959
2043 970
2064 984
2089 977
2084 952
2109 949
2134 944
2159 944
2184 949
2209 951
2205 980
2194 1007
2170 1015
2155 1035
2135 1050
2110 1055
2088 1068
2063 1070
2040 1080
2033 1108
2013 1123
1988 1125
1964 1117
1940 1125
1928 1148
1905 1160
1905 1185
1912 1209
1932 1224
1955 1214
1978 1225
1995 1244
1998 1270
1975 1260
1977 1285
1954 1305
1929 1300
1906 1290
1886 1305
1861 1310
1838 1320
1813 1325
1788 1325
1763 1320
1740 1310
1715 1315
1690 1310
1665 1315
1665 1350
1672 1374
1695 1384
1720 1389
1743 1400
1760 1419
1750 1445
1725 1450
1702 1440
1677 1434
1653 1425
1628 1430
1580 1425
1601 1439
1621 1454
1636 1474
1654 1492
1674 1507
1696 1519
1720 1527
1740 1542
1755 1562
1745 1585
1762 1604
1787 1604
1809 1616
1825 1636
1835 1659
1848 1681
1866 1699
1866 1725
1843 1715
1820 1705
1818 1745
1795 1735
1770 1730
1745 1725
1715 1705
1720 1730
1730 1753
1735 1778
1747 1800
1759 1822
1771 1844
1789 1862
1790 1890
1810 1905
1829 1922
1844 1942
1825 1960
1800 1955
1807 1979
1825 1997
1847 2009
1860 2031
1859 2077
1844 2098
1829 2078
1819 2055
1804 2035
1775 1995
1785 2018
1772 2040
1750 2028
1732 2010
1719 1988
1709 1965
1694 1945
1669 1945
1650 1928
1632 1910
1619 1888
1605 1867
1585 1852
1565 1837
1540 1840
1545 1865
1530 1885
1532 1910
1547 1930
1544 1965
1519 1962
1504 2015
1494 1965
1479 1945
1460 1928
1440 1913
1422 1895
1410 1873
1409 1848
1401 1824
1414 1794
1400 1773
1382 1755
1369 1733
1365 1708
1354 1685
1338 1645
1315 1635
1315 1660
1329 1681
1310 1700
1285 1705
1290 1730
1302 1775
1277 1785
1259 1767
1284 1757
1266 1739
1249 1720
1239 1697
1249 1658
1238 1635
1213 1633
1200 1655
1195 1680
1180 1705
1165 1730
1159 1777
1140 1795
1150 1818
1159 1847
1135 1840
1110 1840
1110 1865
1115 1895
1090 1907
1065 1905
1072 1929
1083 1968
1059 1975
1034 1970
1019 2020
1009 1997
1009 1970
999 1947
994 1922
1004 1897
1019 1877
1015 1832
993 1820
970 1830
973 1858
950 1870
925 1870
900 1875
905 1900
883 1930
860 1940
860 1965
838 1980
815 1970
790 1970
795 1995
785 2035
760 2035
748 2058
729 2075
704 2070
679 2075
669 2052
691 2039
699 2002
711 1980
727 1934
751 1925
754 1887
764 1862
759 1837
779 1822
801 1810
816 1790
818 1750
803 1730
821 1709
842 1695
800 1695
775 1695
780 1720
756 1734
735 1720
710 1725
698 1749
674 1742
659 1722
684 1694
699 1672
711 1650
748 1619
768 1604
786 1585
799 1562
821 1549
844 1539
864 1522
879 1502
897 1484
922 1479
939 1457
929 1425
904 1427
880 1435
855 1430
830 1435
830 1470
807 1460
789 1412
811 1400
836 1394
861 1394
869 1362
891 1349
879 1325
854 1322
830 1330
805 1327
780 1322
758 1310
733 1310
708 1310
685 1300
660 1300
637 1310
614 1300
589 1295
564 1292
539 1297
524 1277
534 1254
557 1244
572 1224
592 1209
617 1214
642 1214
644 1180
639 1155
615 1147
596 1130
576 1115
551 1110
526 1113
502 1105
480 1092
460 1077
442 1059
418 1050
396 1038
374 1025
351 1015
331 1000
