394 1307
409 1265
399 1242
421 1229
434 1199
431 1174
419 1152
419 1127
443 1119
449 1082
467 1064
469 1035
459 1012
481 999
499 962
509 922
524 902
544 887
554 862
566 840
575 816
595 801
614 762
636 749
654 722
664 699
689 699
704 672
719 647
743 639
763 624
785 611
794 587
812 569
837 564
861 555
881 540
899 517
921 505
946 499
967 484
992 479
1012 464
1037 464
1060 474
1064 432
1088 425
1112 434
1134 422
1139 397
1161 409
1184 419
1209 414
1232 404
1257 399
1282 399
1307 394
1332 399
1355 409
1364 382
1386 369
1406 384
1426 399
1451 399
1476 394
1501 399
1526 399
1551 404
1576 409
1598 421
1622 429
1634 407
1656 419
1678 431
1700 443
1722 455
1746 464
1771 464
1791 479
1809 497
1829 512
1853 519
1878 524
1903 529
1926 539
1940 560
1950 583
1970 598
1993 609
2016 619
2041 624
2065 632
2074 660
2040 660
2057 679
2079 691
2101 704
2121 719
2139 737
2151 759
2169 777
2185 797
2190 825
2204 846
2222 864
2240 882
2252 904
2267 924
2270 949
2275 974
2290 994
2305 1014
2320 1034
2325 1059
2330 1084
2330 1109
2343 1131
2335 1160
2345 1183
2360 1203
2360 1228
2360 1253
2370 1290
2370 1315
2375 1350
2377 1375
2385 1399
2395 1422
2385 1465
2365 1480
2365 1505
2365 1540
2365 1565
2360 1600
2353 1645
2330 1655
2337 1679
2340 1710
2315 1717
2290 1715
2297 1739
2312 1759
2315 1784
2300 1805
2285 1825
2265 1840
2255 1870
2245 1895
2243 1933
2219 1942
2200 1960
2190 1990
2175 2010
2159 2032
2140 2050
2124 2072
2100 2080
2100 2105
2088 2133
2063 2130
2040 2140
2040 2165
2015 2180
1990 2185
1980 2220
1955 2220
1935 2235
1931 2263
1906 2258
1881 2260
1866 2280
1844 2292
1826 2310
1803 2320
1778 2320
1753 2315
1730 2325
1709 2360
1686 2370
1661 2369
1640 2355
1615 2360
1602 2399
1578 2390
1553 2385
1528 2390
1503 2390
1480 2400
1457 2410
1432 2409
1412 2394
1387 2399
1367 2414
1343 2405
1320 2395
1295 2395
1270 2390
1245 2385
1220 2385
1196 2394
1176 2379
1156 2364
1135 2350
1112 2360
1087 2355
1067 2340
1044 2330
1021 2319
1000 2305
975 2305
952 2294
934 2276
912 2264
888 2255
868 2240
846 2253
822 2245
802 2230
784 2180
765 2163
747 2145
734 2123
717 2104
696 2090
674 2077
652 2065
634 2047
616 2029
601 2009
586 1989
574 1967
565 1943
554 1920
535 1903
529 1878
526 1853
511 1833
504 1809
487 1790
467 1775
449 1757
444 1732
456 1699
444 1677
429 1657
414 1637
409 1612
411 1579
417 1539
401 1509
407 1469
419 1438
414 1413
404 1390
399 1332
