404 1307
409 1262
414 1232
419 1197
429 1157
439 1122
449 1087
459 1057
469 1032
479 1007
491 985
500 961
512 939
524 912
536 890
549 867
564 847
579 822
594 802
609 782
624 762
639 742
657 724
675 706
694 682
714 667
732 649
750 631
770 616
789 597
811 584
831 569
852 554
872 539
894 527
916 515
939 502
961 490
984 479
1007 469
1030 459
1054 452
1078 444
1101 434
1126 429
1149 419
1174 414
1199 409
1224 404
1249 401
1274 399
1299 394
1324 394
1330 419
1335 444
1340 469
1345 494
1345 520
1350 545
1355 570
1360 595
1362 620
1367 645
1370 670
1375 695
1380 720
1385 745
1399 702
1399 677
1404 652
1409 627
1414 597
1419 572
1424 547
1429 517
1434 492
1439 467
1444 437
1449 412
1467 394
1492 399
1517 399
1542 404
1567 409
1592 409
1615 419
1640 424
1665 429
1689 436
1713 444
1736 454
1760 462
1782 474
1805 484
1828 494
1850 507
1872 519
1894 531
1916 544
1936 559
1956 574
1978 586
1998 601
2016 619
2036 634
2054 652
2072 670
2090 688
2108 706
2126 724
2141 744
2159 762
2174 782
2189 802
2204 822
2216 844
2230 865
2244 886
2255 909
2268 931
2280 953
2290 976
2300 999
2310 1022
2318 1046
2325 1070
2335 1093
2340 1118
2349 1142
2355 1167
2360 1192
2365 1217
2365 1242
2364 1270
2341 1280
2316 1285
2293 1295
2270 1305
2245 1310
2221 1320
2198 1330
2174 1337
2150 1345
2189 1357
2214 1361
2239 1366
2263 1374
2288 1379
2313 1384
2338 1389
2363 1394
2380 1413
2380 1438
2375 1475
2370 1520
2365 1555
2365 1580
2355 1610
2350 1635
2340 1670
2330 1705
2320 1735
2312 1764
2303 1788
2290 1810
2278 1843
2265 1865
2253 1888
2240 1910
2225 1935
2210 1960
2195 1980
2180 2000
2165 2020
2147 2044
2132 2064
2114 2082
2095 2100
2077 2119
2059 2137
2041 2155
2021 2170
2003 2188
1983 2203
1963 2218
1943 2233
1920 2245
1900 2260
1878 2273
1855 2285
1833 2298
1809 2307
1787 2319
1764 2330
1741 2340
1717 2349
1692 2355
1668 2363
1643 2370
1618 2375
1594 2382
1569 2385
1544 2390
1519 2395
1494 2397
1469 2400
1449 2385
1444 2360
1439 2335
1434 2310
1429 2285
1419 2262
1414 2237
1409 2212
1404 2187
1399 2162
1380 2130
1375 2155
1370 2180
1365 2205
1360 2230
1355 2255
1350 2280
1345 2305
1340 2330
1335 2355
1330 2380
1315 2400
1290 2400
1265 2395
1240 2390
1215 2387
1190 2382
1166 2375
1141 2370
1116 2365
1093 2355
1068 2350
1045 2340
1022 2330
999 2320
976 2310
953 2300
931 2288
909 2275
886 2264
866 2249
844 2237
824 2222
804 2207
784 2192
765 2175
746 2158
728 2140
708 2125
693 2105
675 2087
657 2069
639 2051
624 2031
609 2011
594 1991
579 1971
567 1949
552 1929
540 1907
528 1885
516 1863
504 1841
494 1818
484 1795
474 1772
465 1748
456 1724
449 1700
439 1677
434 1652
429 1627
424 1602
419 1577
414 1552
433 1519
457 1509
482 1504
505 1494
528 1484
553 1479
576 1469
600 1461
628 1454
646 1433
621 1430
596 1425
571 1423
546 1420
521 1415
496 1410
471 1410
446 1405
421 1400
404 1357
404 1332
