37 1305
19 1287
41 1275
64 1264
87 1254
107 1239
130 1229
153 1219
177 1209
200 1199
224 1192
246 1180
271 1174
296 1169
319 1159
344 1154
367 1144
392 1139
417 1134
442 1129
467 1124
492 1119
517 1119
542 1114
567 1109
592 1109
617 1109
642 1109
667 1109
692 1109
717 1109
742 1109
767 1114
792 1114
817 1119
842 1119
867 1124
892 1129
917 1134
942 1139
965 1149
990 1154
1014 1161
1038 1169
1061 1179
1085 1187
1109 1196
1131 1209
1155 1217
1139 1185
1119 1170
1096 1159
1079 1140
1059 1125
1040 1108
1020 1093
1000 1078
982 1060
964 1042
949 1022
934 1002
916 984
899 965
884 945
869 925
854 905
839 885
826 863
814 841
799 821
786 799
774 777
762 755
754 731
741 709
734 685
724 662
712 640
704 616
694 593
689 568
679 545
674 520
669 495
659 472
654 447
649 422
644 397
644 372
639 347
634 322
634 297
629 272
629 247
629 222
624 197
651 209
673 221
693 236
715 248
735 264
758 275
775 294
795 309
815 324
834 341
854 356
872 374
892 389
910 407
928 425
945 444
960 464
979 481
995 501
1012 520
1025 542
1043 560
1058 580
1073 600
1085 622
1097 644
1110 666
1125 686
1135 709
1145 732
1160 752
1170 775
1180 798
1185 823
1197 845
1205 869
1215 892
1220 917
1230 940
1235 965
1240 990
1245 1015
1250 1040
1255 1065
1260 1090
1260 1115
1265 1140
1283 1104
1284 1062
1289 1027
1294 997
1299 972
1309 932
1319 892
1329 857
1339 827
1349 802
1359 777
1369 752
1381 730
1390 706
1402 684
1414 662
1426 640
1439 617
1451 595
1464 572
1479 547
1497 529
1509 507
1524 487
1542 469
1559 447
1574 427
1592 409
1610 391
1629 372
1647 354
1665 336
1685 321
1704 302
1724 287
1742 269
1762 254
1782 239
1802 224
1824 212
1844 197
1864 182
1880 202
1880 227
1880 252
1875 300
1875 325
1870 355
1865 390
1860 420
1855 445
1855 470
1845 495
1835 535
1825 570
1815 605
1805 635
1795 660
1788 688
1775 710
1763 738
1750 760
1740 785
1728 808
1715 830
1703 853
1691 875
1679 897
1661 915
1649 937
1634 957
1619 977
1600 995
1585 1015
1567 1034
1549 1052
1530 1070
1512 1089
1494 1107
1476 1125
1458 1143
1438 1158
1418 1173
1398 1188
1375 1200
1396 1214
1432 1194
1455 1184
1478 1174
1501 1164
1524 1154
1547 1144
1572 1139
1595 1129
1620 1124
1644 1117
1669 1112
1693 1104
1718 1104
1743 1099
1768 1094
1793 1089
1818 1089
1843 1084
1868 1084
1893 1084
1918 1084
1943 1084
1968 1084
1993 1084
2018 1089
2043 1089
2068 1094
2093 1095
2118 1099
2143 1104
2168 1109
2193 1114
2218 1120
2242 1129
2267 1134
2290 1144
2315 1149
2338 1159
2363 1165
2387 1174
2410 1184
2433 1195
2455 1207
2479 1216
2501 1229
2524 1239
2533 1273
2510 1285
2488 1300
2465 1310
2443 1323
2421 1335
2396 1340
2374 1352
2350 1360
2326 1370
2303 1380
2279 1387
2255 1395
2230 1400
2205 1405
2182 1415
2157 1420
2132 1425
2107 1430
2082 1435
2057 1439
2032 1440
2007 1445
1982 1445
1957 1450
1932 1450
1907 1450
1882 1450
1857 1450
1832 1449
1807 1445
1782 1445
1757 1440
1732 1439
1707 1435
1682 1430
1657 1425
1632 1420
1609 1410
1584 1407
1560 1400
1537 1390
1512 1385
1489 1375
1466 1365
1443 1355
1420 1345
1380 1330
1390 1353
1410 1368
1432 1380
1450 1398
1472 1410
1490 1428
1510 1444
1529 1461
1547 1479
1565 1497
1583 1515
1600 1534
1619 1551
1630 1574
1649 1591
1660 1614
1679 1631
1690 1654
1705 1674
1720 1694
1733 1716
1745 1738
1757 1760
1770 1782
1780 1805
1790 1828
1802 1850
1810 1874
1820 1897
1830 1920
1837 1944
1845 1968
1854 1992
1860 2017
1865 2042
1875 2065
1880 2090
1885 2115
1890 2140
1892 2165
1895 2190
1900 2215
1902 2240
1905 2265
1905 2290
1910 2315
1900 2355
1877 2344
1856 2330
1834 2317
1815 2300
1792 2290
1774 2272
1754 2257
1734 2242
1716 2224
1696 2209
1679 2190
1659 2175
1640 2158
1622 2140
1604 2122
1589 2102
1571 2084
1556 2064
1539 2045
1524 2025
1509 2005
1494 1985
1479 1965
1466 1943
1451 1923
1439 1901
1426 1879
1414 1857
1404 1834
1394 1811
1379 1791
1374 1766
1361 1744
1354 1720
1344 1697
1335 1673
1326 1649
1319 1625
1314 1600
1309 1575
1304 1550
1299 1525
1294 1500
1289 1475
1288 1450
1280 1395
1265 1415
1265 1440
1260 1470
1255 1505
1250 1535
1245 1560
1240 1585
1230 1630
1220 1660
1210 1695
1200 1720
1190 1750
1180 1775
1168 1803
1155 1825
1143 1858
1130 1880
1115 1905
1103 1928
1088 1948
1076 1970
1064 1992
1049 2012
1034 2032
1019 2052
1000 2070
985 2090
967 2109
949 2127
934 2147
916 2165
898 2183
878 2200
859 2217
841 2235
821 2250
801 2265
783 2283
763 2298
743 2313
721 2325
701 2340
679 2352
654 2352
654 2327
654 2302
654 2277
659 2247
659 2222
664 2182
669 2152
674 2122
679 2092
689 2047
699 2012
709 1977
719 1947
729 1917
739 1892
749 1867
759 1842
769 1817
781 1795
794 1772
806 1750
819 1722
834 1697
849 1672
867 1654
879 1632
891 1610
909 1592
924 1572
939 1552
957 1534
974 1512
992 1494
1010 1476
1029 1457
1047 1439
1067 1424
1087 1409
1105 1391
1127 1379
1155 1335
1133 1348
1109 1357
1087 1369
1063 1378
1038 1385
1015 1395
990 1400
967 1410
943 1418
918 1425
893 1430
868 1435
843 1440
818 1445
793 1448
768 1450
743 1455
718 1455
693 1455
668 1455
643 1460
618 1455
593 1455
568 1455
543 1455
518 1450
493 1450
468 1445
443 1440
418 1435
393 1430
368 1425
343 1420
318 1415
295 1405
270 1400
247 1390
222 1384
198 1375
175 1365
152 1355
129 1345
106 1335
83 1325
60 1315
