449 1135
454 1160
461 1184
474 1235
479 1260
484 1285
491 1309
494 1334
501 1358
504 1383
519 1440
519 1465
524 1490
529 1515
534 1540
539 1565
544 1590
544 1615
549 1640
554 1665
559 1690
564 1715
569 1740
574 1765
579 1790
584 1815
589 1840
594 1865
601 1889
609 1913
614 1938
619 1963
625 1988
634 2012
639 2037
644 2062
654 2085
659 2110
669 2133
674 2158
684 2181
689 2206
701 2228
715 2205
730 2180
743 2158
755 2130
768 2108
780 2085
780 2041
775 2016
765 1993
760 1968
755 1943
747 1919
740 1895
735 1870
730 1845
725 1820
720 1795
715 1770
710 1745
705 1720
700 1695
695 1670
690 1645
687 1615
685 1590
680 1565
680 1540
675 1515
670 1490
667 1465
665 1440
662 1415
660 1390
655 1365
652 1340
650 1315
645 1290
640 1265
635 1240
630 1215
655 1212
680 1210
705 1210
730 1212
755 1215
780 1215
805 1215
830 1220
855 1220
880 1222
905 1225
930 1230
955 1235
980 1240
1004 1247
1028 1255
1053 1260
1076 1270
1099 1280
1122 1290
1144 1302
1166 1315
1187 1329
1209 1341
1229 1356
1247 1374
1265 1392
1266 1420
1244 1432
1222 1444
1202 1459
1182 1474
1164 1492
1144 1507
1125 1526
1107 1544
1092 1564
1074 1582
1059 1602
1044 1622
1029 1642
1014 1667
999 1687
986 1710
974 1732
959 1757
949 1782
936 1810
924 1832
914 1857
904 1882
894 1907
886 1935
874 1957
864 1987
854 2017
844 2047
824 2112
814 2142
804 2172
794 2207
784 2237
774 2267
764 2297
782 2315
807 2315
832 2314
857 2314
882 2310
907 2310
932 2310
957 2310
982 2310
1007 2310
1032 2314
1057 2315
1082 2315
1107 2315
1132 2315
1157 2320
1182 2320
1207 2324
1232 2325
1257 2325
1282 2330
1307 2330
1332 2335
1357 2335
1382 2339
1407 2340
1432 2340
1457 2345
1482 2345
1507 2345
1532 2350
1557 2350
1582 2350
1607 2354
1632 2355
1657 2355
1682 2355
1707 2355
1732 2355
1757 2355
1782 2355
1807 2359
1810 2334
1790 2319
1773 2300
1753 2285
1735 2267
1715 2252
1691 2244
1666 2239
1641 2239
1616 2239
1591 2234
1566 2234
1541 2230
1516 2229
1491 2229
1466 2224
1441 2219
1416 2219
1391 2214
1366 2214
1341 2209
1316 2204
1291 2199
1266 2199
1241 2194
1216 2189
1191 2189
1166 2184
1141 2184
1116 2179
1091 2174
1066 2174
1041 2169
1016 2169
991 2169
966 2169
941 2164
916 2164
895 2150
905 2125
915 2090
925 2065
935 2035
945 2010
955 1985
965 1960
975 1935
985 1910
998 1888
1007 1864
1020 1835
1033 1813
1045 1790
1060 1765
1075 1740
1090 1720
1105 1700
1120 1680
1135 1660
1154 1642
1172 1624
1189 1605
1208 1588
1228 1573
1248 1558
1268 1543
1290 1530
1297 1554
1301 1579
1309 1603
1314 1628
1324 1651
1329 1676
1339 1699
1349 1722
1359 1745
1374 1765
1384 1788
1397 1810
1409 1832
1424 1852
1439 1872
1454 1892
1469 1912
1484 1932
1499 1952
1517 1970
1532 1990
1550 2008
1569 2025
1586 2044
1604 2062
1622 2080
1642 2095
1660 2113
1680 2128
1699 2145
1719 2160
1739 2175
1756 2194
1776 2209
1796 2224
1816 2240
1835 2257
1855 2272
1875 2287
1895 2302
1913 2320
1933 2335
1953 2350
1967 2329
1970 2300
1980 2255
1985 2230
1995 2190
2005 2150
2015 2110
2025 2075
2035 2045
2045 2015
2055 1985
2065 1960
2075 1935
2085 1905
2095 1880
2108 1858
2115 1830
2128 1808
2137 1784
2149 1762
2158 1738
2170 1705
2183 1683
2192 1659
2200 1635
2213 1613
2222 1589
2230 1565
2240 1540
2250 1515
2260 1490
2270 1465
2280 1435
2290 1410
2300 1375
2294 1347
2274 1362
2254 1377
2234 1392
2214 1407
2192 1419
2174 1437
2164 1462
2154 1487
2141 1515
2129 1537
2114 1567
2101 1595
2089 1617
2076 1645
2064 1667
2051 1690
2039 1712
2024 1737
2011 1765
1999 1787
1986 1815
1974 1837
1959 1862
1944 1892
1931 1925
1919 1947
1909 1972
1899 1997
1889 2022
1879 2047
1869 2077
1859 2102
1847 2134
1827 2119
1807 2104
1787 2089
1767 2074
1747 2059
1727 2044
1709 2026
1689 2011
1670 1994
1650 1979
1635 1959
1615 1944
1599 1924
1582 1905
1564 1887
1546 1869
1531 1849
1516 1829
1501 1809
1489 1787
1474 1767
1460 1746
1450 1723
1438 1701
1425 1679
1415 1656
1405 1633
1400 1608
1390 1585
1385 1560
1380 1535
1375 1510
1375 1485
1399 1492
1423 1500
1447 1509
1472 1515
1497 1520
1522 1525
1547 1530
1572 1534
1597 1535
1622 1535
1647 1535
1672 1534
1697 1530
1722 1530
1747 1525
1772 1520
1797 1515
1822 1510
1847 1504
1871 1495
1896 1490
1919 1480
1942 1470
1967 1464
1991 1455
2013 1443
2037 1434
2059 1422
2081 1410
2104 1400
2125 1385
2148 1375
2171 1365
2191 1350
2214 1340
2235 1325
2258 1313
2280 1300
2300 1285
2323 1273
2345 1260
2372 1245
2360 1223
2339 1209
2318 1195
2295 1184
2275 1169
2255 1154
2233 1141
2213 1126
2193 1111
2174 1094
2154 1079
2135 1062
2117 1044
2097 1029
2079 1011
2060 994
2040 979
2025 959
2005 944
1990 924
1970 909
1955 889
1938 870
1920 852
1902 834
1884 816
1865 799
1848 780
1830 762
1812 744
1794 726
1775 709
1758 690
1738 675
1720 657
1700 642
1682 624
1662 609
1644 591
1624 576
1604 561
1584 546
1559 550
1564 575
1569 600
1574 625
1581 649
1599 667
1619 682
1637 700
1657 715
1675 733
1694 750
1711 769
1729 787
1747 805
1765 823
1780 843
1799 860
1816 879
1831 899
1849 917
1867 935
1882 955
1900 973
1915 993
1934 1010
1949 1030
1966 1049
1984 1067
1999 1087
2017 1105
2035 1123
2054 1140
2074 1155
2091 1174
2111 1190
2130 1207
2150 1222
2170 1237
2154 1267
2132 1279
2111 1294
2089 1307
2067 1319
2043 1329
2023 1344
2000 1354
1977 1364
1954 1374
1931 1384
1908 1394
1885 1404
1862 1414
1837 1419
1814 1429
1789 1434
1764 1439
1739 1444
1714 1449
1689 1454
1664 1454
1639 1457
1614 1459
1589 1457
1564 1454
1539 1454
1514 1449
1489 1444
1465 1437
1441 1429
1420 1415
1435 1395
1454 1377
1469 1357
1481 1335
1495 1305
1510 1275
1523 1253
1530 1225
1540 1195
1550 1155
1555 1130
1560 1100
1565 1060
1570 1027
1570 1002
1570 977
1570 952
1570 927
1570 902
1565 877
1565 852
1560 827
1559 802
1555 777
1550 752
1545 727
1540 702
1535 677
1530 652
1520 629
1515 604
1510 579
1502 555
1495 531
1490 506
1484 481
1472 459
1450 471
1432 489
1412 504
1392 519
1372 534
1351 549
1329 562
1309 577
1287 589
1266 604
1244 617
1221 630
1199 642
1176 654
1154 667
1132 679
1109 689
1086 700
1064 712
1042 724
1020 736
998 749
975 759
952 769
932 784
909 794
886 805
865 819
842 829
821 844
799 857
776 870
754 882
734 897
712 909
691 924
669 937
649 952
629 967
607 979
587 994
593 1019
618 1020
643 1025
668 1028
693 1030
718 1030
740 1015
760 1000
783 988
805 975
825 960
848 950
870 935
893 925
915 910
938 900
961 890
983 878
1005 865
1028 855
1051 845
1074 835
1097 825
1120 815
1143 805
1166 795
1188 783
1212 774
1234 762
1256 750
1279 740
1302 729
1323 715
1346 705
1366 690
1388 678
1410 665
1430 650
1449 667
1454 692
1459 717
1464 742
1469 767
1469 792
1474 817
1479 872
1479 897
1479 922
1479 947
1479 972
1479 997
1474 1022
1469 1062
1464 1087
1454 1132
1444 1162
1434 1192
1421 1220
1409 1242
1395 1266
1383 1289
1368 1309
1343 1306
1325 1288
1307 1270
1287 1255
1265 1243
1245 1228
1224 1214
1201 1204
1179 1191
1157 1179
1133 1170
1109 1161
1085 1154
1060 1149
1037 1139
1012 1134
987 1129
963 1120
938 1119
913 1114
888 1114
863 1109
838 1109
813 1104
788 1104
763 1104
738 1100
713 1099
688 1099
663 1099
638 1099
613 1099
588 1104
563 1104
538 1104
513 1104
488 1104
463 1104
439 1112
