381 2230
393 2260
418 2258
443 2255
468 2255
493 2250
518 2250
543 2250
568 2245
593 2245
618 2240
643 2240
668 2235
693 2235
718 2235
743 2230
768 2230
793 2230
818 2225
843 2225
868 2225
893 2225
918 2225
943 2225
968 2225
993 2225
1018 2230
1043 2230
1068 2233
1093 2235
1118 2235
1143 2240
1168 2240
1193 2245
1218 2245
1243 2250
1268 2253
1293 2255
1318 2255
1343 2260
1368 2265
1393 2265
1418 2270
1443 2270
1468 2275
1493 2275
1518 2280
1543 2280
1568 2280
1593 2285
1618 2285
1643 2285
1668 2290
1693 2290
1718 2290
1743 2290
1768 2290
1793 2290
1818 2290
1843 2290
1868 2290
1893 2290
1918 2290
1943 2290
1968 2290
1993 2288
2018 2285
2043 2285
2068 2285
2093 2280
2118 2280
2143 2280
2168 2278
2193 2275
2218 2275
2243 2273
2268 2270
2293 2270
2290 2239
2275 2219
2260 2199
2243 2180
2228 2160
2210 2142
2192 2124
2177 2104
2159 2086
2140 2069
2125 2049
2108 2030
2090 2012
2072 1994
2054 1976
2039 1956
2020 1939
2005 1919
1988 1900
1973 1880
1955 1862
1940 1842
1925 1822
1912 1800
1897 1780
1885 1758
1870 1738
1860 1715
1849 1692
1837 1670
1828 1646
1819 1622
1810 1598
1805 1573
1795 1550
1790 1524
1790 1499
1782 1475
1780 1450
1777 1425
1775 1400
1772 1375
1770 1350
1765 1325
1765 1294
1760 1269
1760 1244
1755 1219
1750 1194
1745 1169
1740 1144
1737 1119
1730 1095
1725 1070
1718 1046
1710 1022
1704 997
1695 973
1685 950
1675 927
1665 904
1655 881
1645 858
1633 836
1620 814
1610 791
1600 768
1585 748
1573 726
1560 704
1545 684
1534 661
1519 641
1504 621
1489 601
1474 581
1459 561
1434 562
1424 587
1414 617
1405 641
1396 665
1384 687
1371 715
1359 737
1344 762
1329 787
1314 812
1299 832
1284 852
1265 876
1247 894
1232 914
1214 932
1195 951
1175 966
1157 984
1137 999
1119 1017
1099 1032
1080 1051
1060 1066
1042 1084
1022 1099
1004 1117
984 1134
965 1151
947 1169
929 1187
910 1206
892 1224
877 1244
859 1262
842 1284
827 1304
812 1324
794 1342
779 1367
764 1387
749 1407
734 1432
719 1452
704 1477
691 1500
679 1522
666 1545
654 1567
641 1595
629 1617
619 1642
606 1670
594 1692
585 1716
576 1740
564 1762
554 1787
544 1812
534 1837
524 1862
514 1892
504 1917
494 1947
484 1972
474 1997
464 2027
454 2052
446 2080
434 2102
426 2130
414 2152
404 2177
394 2202
