111 1304
99 1282
114 1262
132 1244
149 1222
169 1207
189 1192
211 1179
231 1164
250 1146
269 1127
287 1109
305 1091
317 1069
329 1047
341 1025
356 1005
374 987
398 979
420 966
444 959
467 949
492 944
517 939
542 934
566 925
591 924
614 902
604 871
591 849
569 795
559 737
559 712
569 687
581 665
590 641
599 612
604 567
604 522
604 497
604 472
604 442
609 417
614 387
626 365
635 341
650 321
670 306
692 294
715 304
740 306
764 314
789 314
814 314
839 309
864 309
889 304
914 304
939 309
963 316
987 324
1009 336
1029 351
1050 370
1071 384
1091 399
1106 419
1128 431
1151 441
1173 454
1198 459
1223 464
1246 474
1271 470
1289 452
1311 439
1335 431
1360 426
1384 419
1407 409
1429 397
1449 382
1469 367
1491 354
1510 336
1530 321
1552 309
1574 297
1598 289
1623 284
1647 274
1672 279
1697 284
1722 289
1747 289
1772 289
1797 284
1822 284
1840 302
1860 317
1875 337
1893 355
1905 377
1915 400
1920 425
1922 450
1925 475
1925 500
1925 525
1925 550
1925 575
1925 600
1930 625
1935 650
1945 673
1954 697
1965 720
1965 755
1955 800
1945 825
1930 855
1937 879
1957 894
1980 904
2003 914
2028 915
2050 927
2075 929
2100 934
2123 944
2148 950
2170 962
2194 971
2212 989
2230 1007
2245 1027
2255 1050
2265 1073
2280 1093
2295 1113
2313 1131
2333 1146
2351 1164
2373 1176
2393 1191
2411 1209
2430 1226
2450 1242
2460 1265
2445 1285
2426 1305
2408 1323
2388 1340
2369 1357
2350 1375
2328 1388
2308 1405
2289 1422
2270 1440
2255 1460
2240 1485
2229 1517
2214 1537
2195 1555
2175 1570
2153 1583
2129 1590
2106 1600
2081 1605
2056 1610
2031 1615
2007 1624
1982 1629
1958 1638
1935 1650
1937 1675
1950 1697
1960 1720
1970 1743
1980 1766
1983 1791
1982 1839
1973 1863
1960 1885
1950 1915
1945 1940
1940 1965
1940 1990
1940 2015
1935 2055
1935 2080
1935 2105
1930 2135
1925 2165
1916 2190
1901 2210
1889 2232
1871 2250
1848 2260
1823 2255
1798 2250
1773 2245
1748 2245
1723 2250
1698 2250
1673 2255
1648 2255
1623 2255
1598 2250
1575 2240
1552 2230
1530 2217
1510 2202
1490 2187
1471 2170
1451 2155
1431 2139
1410 2125
1387 2114
1362 2110
1339 2100
1314 2095
1294 2080
1269 2077
1249 2092
1227 2105
1203 2113
1178 2118
1153 2125
1130 2135
1110 2150
1090 2165
1070 2180
1050 2195
1030 2210
1008 2228
985 2240
963 2253
938 2260
913 2265
888 2265
863 2260
838 2255
813 2255
788 2255
763 2255
738 2258
714 2265
695 2248
675 2233
660 2213
645 2193
634 2170
624 2147
619 2122
614 2097
614 2072
614 2047
614 2022
614 1997
614 1960
612 1935
604 1911
599 1886
589 1863
579 1840
569 1817
569 1792
574 1767
584 1737
594 1712
606 1690
607 1654
586 1640
563 1630
538 1625
515 1615
490 1610
465 1607
440 1602
416 1595
393 1585
371 1573
351 1558
333 1540
319 1519
305 1498
294 1475
281 1453
264 1434
247 1415
227 1400
207 1385
187 1370
167 1355
149 1337
129 1322
