24 1290
14 1267
38 1259
63 1259
87 1249
92 1224
117 1219
140 1229
165 1231
190 1234
213 1224
238 1219
258 1234
281 1244
289 1207
314 1204
339 1204
364 1209
387 1219
412 1219
437 1219
461 1210
486 1209
504 1227
529 1225
519 1197
544 1194
569 1199
592 1189
615 1199
640 1201
652 1179
677 1184
702 1179
720 1161
745 1164
768 1174
793 1179
818 1179
841 1169
859 1187
884 1182
908 1174
928 1190
953 1184
979 1177
1003 1184
960 1160
931 1163
913 1145
895 1127
883 1105
860 1115
841 1098
829 1076
817 1054
806 1019
785 1005
792 1049
767 1044
749 1026
734 1006
724 983
710 962
691 945
674 926
662 904
640 891
616 884
599 865
576 854
556 839
539 820
520 803
509 780
499 757
475 750
464 781
444 766
434 743
423 720
408 700
383 705
363 690
349 669
342 645
324 627
302 615
277 610
264 562
249 542
234 522
282 544
289 502
314 506
329 526
340 549
363 559
385 572
405 587
429 594
454 596
476 609
494 627
503 651
521 669
544 679
567 689
589 701
613 710
635 722
653 740
670 759
689 776
711 789
736 784
754 802
772 820
796 829
818 841
840 854
865 849
889 856
904 876
919 896
937 914
957 929
979 941
997 959
1021 966
1046 969
1061 989
1076 1009
1091 1029
1103 1051
1074 963
1064 940
1049 920
1039 897
1049 872
1037 850
1029 826
1019 803
1009 780
1004 755
999 730
994 705
984 682
979 657
989 620
974 600
964 577
967 540
949 522
944 497
959 462
944 442
926 424
914 402
909 377
909 352
894 332
894 307
894 275
879 255
879 230
874 205
864 182
894 187
889 155
879 132
874 107
874 82
874 57
899 81
917 99
942 104
962 119
940 135
915 130
920 155
937 174
960 184
979 201
990 224
1000 247
1005 272
1015 295
1025 318
1037 340
1049 362
1060 385
1045 405
1055 428
1067 450
1080 472
1085 497
1097 519
1110 541
1120 564
1140 579
1159 596
1150 630
1164 651
1179 671
1190 694
1200 717
1215 737
1220 762
1230 785
1240 808
1235 840
1245 863
1250 888
1260 911
1265 950
1270 975
1290 949
1314 940
1285 911
1304 892
1304 852
1316 830
1329 802
1334 777
1319 757
1328 729
1353 724
1364 687
1386 675
1389 627
1407 609
1414 577
1438 569
1444 532
1439 507
1459 492
1479 462
1479 437
1474 412
1494 397
1514 382
1527 339
1524 302
1524 277
1549 272
1564 237
1564 197
1559 172
1584 169
1609 162
1609 137
1609 112
1633 104
1648 84
1656 60
1670 96
1684 117
1680 155
1675 190
1650 195
1652 220
1655 245
1655 290
1640 310
1647 334
1660 356
1635 362
1610 365
1615 390
1620 415
1605 440
1612 464
1600 495
1590 520
1580 555
1560 570
1567 594
1579 616
1568 645
1545 655
1547 680
1562 700
1560 745
1548 770
1525 780
1530 805
1525 850
1525 875
1505 895
1485 910
1485 940
1479 987
1455 995
1440 1015
1450 1038
1450 1063
1472 1014
1497 1019
1522 964
1545 974
1570 976
1569 947
1576 914
1601 919
1619 897
1619 872
1644 871
1666 884
1689 872
1699 842
1721 830
1744 819
1769 824
1794 819
1814 802
1836 789
1849 752
1873 744
1898 739
1923 734
1945 721
1964 682
1986 669
2009 679
2031 665
2044 642
2068 635
2093 639
2104 602
2128 594
2150 581
2172 569
2197 574
2209 552
2227 534
2250 544
2275 541
2274 492
2294 507
2309 527
2294 558
2273 573
2260 595
2240 620
2220 635
2198 648
2185 670
2165 695
2140 695
2134 722
2110 730
2085 735
2075 780
2050 780
2025 785
2018 825
1993 825
1970 835
1963 875
1940 885
1915 885
1890 890
1895 915
1878 935
1855 945
1850 970
1828 990
1805 980
1780 985
1790 1008
1789 1042
1765 1050
1740 1055
1723 1090
1698 1085
1675 1095
1673 1138
1648 1135
1624 1142
1605 1160
1580 1155
1555 1160
1555 1185
1580 1184
1603 1194
1628 1194
1643 1174
1666 1184
1691 1180
1711 1164
1736 1164
1759 1174
1784 1179
1809 1177
1834 1176
1854 1191
1879 1192
1904 1189
1924 1204
1947 1194
1972 1194
1984 1216
2002 1234
2004 1197
2029 1194
2054 1199
2079 1201
2103 1210
2127 1219
2152 1219
2175 1229
2196 1215
2221 1219
2239 1237
2261 1249
2279 1212
2304 1209
2329 1209
2352 1219
2375 1229
2400 1234
2420 1249
2439 1232
2463 1225
2483 1240
2500 1259
2499 1300
2474 1302
2450 1310
2425 1305
2400 1305
2390 1337
2370 1322
2345 1320
2323 1335
2298 1330
2273 1330
2250 1320
2225 1320
2200 1325
2175 1320
2169 1360
2145 1352
2125 1337
2100 1335
2078 1350
2055 1340
2030 1340
2007 1330
1982 1334
1973 1358
1948 1365
1925 1375
1902 1364
1878 1355
1855 1365
1835 1385
1812 1375
1787 1380
1762 1380
1737 1385
1712 1380
1687 1385
1664 1375
1644 1360
1619 1355
1602 1374
1550 1350
1567 1369
1582 1389
1600 1407
1622 1419
1646 1426
1670 1434
1693 1445
1713 1460
1728 1480
1735 1504
1750 1524
1756 1490
1781 1484
1799 1502
1814 1522
1820 1547
1830 1570
1840 1593
1863 1604
1880 1623
1898 1641
1913 1661
1933 1676
1958 1679
1975 1698
1985 1721
1999 1742
2015 1762
2039 1769
2064 1771
2082 1789
2100 1807
2122 1819
2140 1837
2158 1855
2175 1874
2195 1889
2210 1909
2223 1931
2247 1939
2265 1957
2270 1985
2266 2030
2241 2024
2224 2005
2204 1990
2179 1986
2157 1974
2139 1956
2119 1941
2097 1929
2073 1920
2049 1911
2029 1896
2017 1874
1993 1865
1969 1857
1951 1839
1936 1819
1915 1805
1904 1837
1886 1819
1879 1795
1859 1780
1835 1772
1813 1760
1790 1750
1766 1743
1744 1731
1726 1713
1704 1700
1679 1705
1659 1690
1640 1673
1620 1658
1602 1640
1587 1620
1567 1604
1546 1590
1524 1577
1512 1555
1497 1535
1475 1522
1435 1505
1450 1525
1455 1565
1469 1586
1487 1604
1490 1640
1500 1663
1523 1674
1545 1687
1533 1715
1510 1705
1512 1730
1520 1754
1525 1779
1538 1801
1547 1825
1559 1847
1568 1880
1545 1890
1550 1915
1564 1936
1575 1959
1575 1984
1585 2007
1590 2032
1590 2060
1590 2085
1600 2108
1615 2128
1615 2155
1617 2180
1632 2200
1644 2222
1650 2247
1650 2285
1652 2310
1667 2330
1680 2352
1675 2380
1680 2405
1660 2435
1659 2487
1647 2465
1632 2445
1614 2427
1599 2370
1584 2350
1569 2330
1554 2310
1535 2293
1524 2270
1519 2245
1509 2222
1504 2197
1529 2201
1516 2175
1494 2160
1484 2137
1484 2102
1466 2084
1454 2062
1462 2035
1444 2017
1429 1997
1424 1972
1427 1945
1415 1923
1404 1900
1391 1878
1379 1856
1364 1836
1351 1814
1342 1790
1327 1770
1309 1752
1294 1732
1289 1707
1314 1704
1338 1695
1321 1675
1299 1662
1284 1642
1299 1612
1279 1597
1270 1555
1260 1580
1255 1625
1260 1650
1259 1682
1244 1702
1239 1727
1220 1745
1225 1770
1229 1797
1205 1807
1180 1810
1190 1833
1194 1877
1174 1892
1150 1900
1135 1920
1135 1945
1134 1982
1115 2000
1105 2025
1093 2048
1070 2060
1072 2085
1085 2107
1065 2125
1045 2140
1050 2165
1045 2205
1020 2205
1019 2237
1000 2255
1010 2278
989 2302
970 2320
980 2343
973 2368
950 2380
925 2380
935 2403
930 2440
914 2462
889 2467
869 2497
864 2472
869 2430
859 2407
884 2404
884 2372
879 2347
889 2317
884 2292
894 2257
889 2232
911 2219
930 2201
931 2169
924 2145
914 2122
938 2114
954 2092
949 2067
967 2049
959 2017
954 1992
978 1984
989 1950
984 1925
989 1882
1004 1850
994 1827
1014 1812
1009 1787
1004 1762
1016 1740
1019 1712
1044 1709
1044 1667
1044 1642
1064 1627
1084 1612
1069 1592
1069 1567
1091 1555
1110 1515
1090 1530
1065 1525
1045 1540
1035 1565
1028 1598
1008 1615
983 1615
959 1622
940 1640
925 1660
910 1680
890 1695
865 1700
840 1705
815 1705
790 1710
791 1755
766 1754
745 1740
720 1745
725 1770
703 1790
678 1785
655 1795
668 1839
644 1832
620 1825
600 1840
583 1860
560 1870
538 1883
513 1890
490 1900
480 1925
457 1935
434 1945
411 1955
389 1967
370 1985
346 1999
326 1984
304 1972
299 1997
290 2030
254 2022
234 2007
276 2009
279 1982
274 1957
292 1939
317 1944
324 1907
346 1894
371 1889
374 1857
392 1839
417 1844
429 1807
454 1804
477 1794
479 1747
504 1749
529 1749
552 1739
567 1719
579 1687
597 1669
621 1676
633 1654
648 1634
673 1639
689 1602
684 1577
708 1569
733 1574
739 1537
763 1529
788 1529
789 1497
784 1472
809 1469
832 1479
856 1470
864 1442
888 1434
912 1424
927 1404
962 1394
1002 1379
1020 1361
1000 1345
977 1374
941 1380
916 1374
895 1360
870 1365
855 1395
832 1385
808 1378
783 1380
758 1385
733 1380
708 1380
683 1380
663 1365
643 1350
618 1353
593 1360
571 1348
547 1340
522 1335
498 1328
475 1340
450 1345
426 1360
404 1347
382 1335
357 1339
332 1340
307 1335
284 1325
259 1320
234 1320
209 1317
185 1310
182 1339
157 1335
137 1320
112 1315
89 1325
65 1317
41 1309
