449 1135
456 1159
464 1183
470 1208
479 1232
504 1230
523 1213
541 1195
561 1180
581 1165
601 1150
621 1135
639 1117
661 1105
681 1090
701 1075
721 1060
741 1045
763 1033
785 1020
805 1005
828 993
850 980
873 968
895 955
918 943
940 930
963 920
986 910
1008 898
1032 889
1054 877
1078 868
1100 855
1124 847
1148 838
1170 825
1194 817
1218 808
1240 795
1264 787
1286 775
1309 765
1332 754
1354 742
1378 750
1393 770
1408 790
1423 810
1435 844
1412 854
1389 864
1365 871
1341 880
1317 889
1293 899
1269 907
1245 914
1222 924
1197 929
1173 939
1149 947
1125 956
1101 964
1078 974
1054 982
1030 991
1008 1004
984 1012
962 1024
939 1034
916 1045
894 1057
871 1070
849 1082
827 1094
806 1109
784 1122
764 1137
742 1149
722 1164
702 1179
682 1194
662 1209
642 1224
622 1239
604 1257
584 1272
565 1291
545 1306
527 1324
509 1342
519 1390
522 1415
529 1439
531 1464
539 1488
544 1513
549 1538
554 1563
559 1588
564 1613
569 1638
574 1663
579 1688
584 1713
589 1738
594 1763
599 1788
604 1813
609 1838
615 1863
624 1887
629 1912
634 1937
644 1960
649 1985
656 2009
664 2033
670 2058
679 2082
689 2105
694 2130
704 2153
714 2176
719 2201
729 2224
739 2247
744 2272
754 2295
769 2315
794 2315
819 2312
844 2312
845 2285
835 2262
825 2239
817 2215
808 2191
800 2167
790 2144
782 2120
775 2096
765 2073
760 2048
750 2025
745 2000
738 1976
730 1952
725 1927
715 1904
710 1879
705 1854
700 1829
695 1804
690 1779
682 1755
680 1730
675 1705
670 1680
665 1655
660 1630
655 1605
650 1580
647 1555
645 1530
640 1505
635 1480
632 1455
630 1430
625 1405
620 1380
615 1355
610 1330
630 1315
650 1300
670 1285
693 1273
715 1260
724 1284
729 1342
729 1367
734 1392
734 1417
739 1467
739 1492
744 1547
749 1602
754 1627
754 1652
759 1677
764 1702
764 1727
769 1752
774 1777
779 1802
784 1827
789 1852
794 1877
799 1902
804 1927
809 1952
819 1975
824 2000
831 2024
839 2048
845 2073
854 2097
864 2120
871 2144
879 2168
889 2191
897 2215
906 2239
915 2263
924 2287
936 2309
961 2310
986 2310
1011 2313
1036 2310
1061 2315
1086 2315
1111 2315
1136 2318
1161 2320
1186 2320
1211 2325
1236 2325
1261 2328
1286 2330
1311 2330
1336 2335
1361 2335
1386 2340
1411 2340
1436 2340
1461 2345
1486 2345
1511 2348
1536 2350
1561 2350
1586 2350
1611 2355
1636 2355
1661 2355
1686 2355
1711 2355
1736 2355
1761 2358
1786 2358
1811 2355
1836 2355
1861 2355
1886 2355
1911 2355
1936 2355
1961 2355
1965 2330
1975 2294
1960 2274
1935 2274
1910 2274
1885 2274
1860 2274
1835 2274
1810 2274
1785 2274
1760 2274
1735 2274
1710 2274
1685 2274
1660 2272
1635 2269
1610 2269
1585 2269
1560 2264
1535 2264
1510 2259
1485 2259
1460 2257
1435 2254
1410 2249
1385 2249
1360 2244
1335 2244
1310 2239
1285 2234
1260 2234
1235 2229
1210 2226
1185 2224
1160 2222
1135 2219
1110 2217
1085 2214
1060 2212
1035 2209
1010 2209
985 2209
960 2208
950 2185
945 2160
940 2135
935 2110
960 2110
985 2110
1010 2115
1035 2115
1060 2120
1085 2122
1110 2125
1135 2130
1160 2132
1185 2135
1210 2140
1235 2145
1260 2150
1285 2152
1310 2155
1335 2160
1360 2165
1385 2170
1410 2170
1435 2175
1460 2180
1485 2182
1510 2185
1535 2190
1560 2190
1585 2195
1610 2195
1635 2197
1660 2200
1685 2200
1710 2200
1735 2205
1760 2205
1785 2205
1810 2205
1835 2205
1860 2205
1885 2205
1910 2205
1935 2200
1960 2200
1985 2200
2005 2180
2015 2145
2025 2110
2035 2080
2045 2055
2055 2025
2065 2000
2075 1975
2085 1950
2095 1925
2108 1903
2117 1879
2125 1855
2138 1833
2147 1809
2159 1787
2168 1763
2180 1735
2193 1713
2202 1689
2214 1667
2223 1643
2235 1610
2248 1588
2257 1564
2269 1542
2278 1518
2287 1494
2295 1470
2305 1445
2315 1415
2325 1390
2335 1360
2345 1335
2355 1305
2365 1270
2375 1245
2361 1224
2341 1209
2319 1196
2294 1197
2284 1232
2274 1262
2264 1292
2254 1322
2244 1347
2234 1372
2224 1397
2217 1424
2205 1446
2196 1470
2184 1492
2171 1525
2159 1547
2146 1575
2134 1597
2119 1627
2106 1655
2094 1677
2084 1702
2071 1725
2059 1747
2044 1772
2031 1800
2019 1822
2006 1850
1994 1872
1979 1902
1969 1927
1956 1955
1944 1977
1934 2007
1924 2032
1914 2057
1895 2116
1884 2139
1859 2134
1834 2131
1809 2129
1784 2127
1760 2120
1770 2085
1780 2060
1790 2035
1800 2010
1813 1988
1822 1964
1834 1942
1846 1920
1858 1898
1870 1870
1885 1845
1900 1820
1915 1795
1930 1770
1945 1745
1960 1720
1975 1700
1988 1678
2003 1658
2015 1635
2028 1613
2040 1590
2055 1560
2070 1535
2083 1513
2095 1485
2110 1455
2123 1433
2135 1405
2148 1383
2157 1359
2165 1335
2175 1310
2185 1285
2195 1260
2205 1230
2215 1200
2225 1170
2235 1145
2218 1126
2196 1114
2178 1096
2159 1079
2139 1064
2120 1047
2102 1029
2082 1014
2067 994
2047 979
2029 961
2014 941
1995 924
1975 909
1959 889
1940 872
1925 852
1907 834
1889 816
1870 799
1853 780
1835 762
1817 744
1799 726
1780 709
1760 694
1743 675
1725 657
1705 642
1687 624
1669 606
1649 591
1629 576
1610 559
1590 543
1570 528
1550 513
1530 498
1510 483
1489 469
1465 461
1445 476
1426 494
1404 507
1419 527
1439 542
1461 555
1480 572
1502 585
1520 603
1540 618
1560 633
1579 650
1599 665
1619 680
1636 699
1654 717
1672 735
1690 753
1709 770
1726 789
1744 807
1762 825
1780 843
1795 863
1814 880
1829 900
1846 919
1864 937
1879 957
1897 975
1912 995
1929 1014
1946 1033
1964 1051
1979 1071
1997 1089
2015 1107
2033 1125
2051 1143
2069 1161
2087 1179
2107 1195
2107 1224
2089 1242
2069 1257
2050 1276
2026 1284
2008 1266
1990 1248
1972 1230
1957 1210
1942 1190
1925 1171
1910 1151
1895 1131
1880 1111
1865 1091
1850 1071
1837 1049
1822 1029
1807 1009
1792 989
1777 969
1762 949
1745 930
1728 911
1713 891
1695 873
1680 853
1662 835
1647 815
1629 797
1611 779
1593 761
1575 743
1557 725
1537 710
1519 692
1499 677
1481 659
1461 644
1441 629
1421 614
1401 599
1381 584
1361 569
1339 557
1317 569
1296 584
1274 597
1251 610
1230 624
1207 634
1187 649
1164 659
1141 670
1119 682
1097 694
1075 706
1053 719
1030 729
1007 739
987 754
964 764
941 775
919 787
896 800
874 812
851 825
829 837
807 849
786 864
764 877
742 889
721 904
699 917
677 929
657 944
637 959
617 974
597 989
577 1004
555 1016
537 1034
515 1046
497 1064
477 1079
457 1094
439 1112
