429 1197
424 1172
449 1174
474 1179
499 1184
524 1189
549 1194
573 1201
598 1205
623 1210
647 1219
672 1224
697 1229
722 1234
747 1239
772 1244
797 1249
822 1254
847 1259
872 1264
897 1269
922 1274
945 1284
970 1287
994 1294
1019 1299
1044 1304
1069 1309
1094 1314
1119 1319
1144 1324
1169 1329
1194 1334
1218 1341
1243 1345
1267 1354
1292 1359
1317 1364
1319 1323
1319 1298
1319 1273
1319 1248
1319 1223
1319 1198
1319 1173
1319 1148
1319 1123
1319 1098
1319 1073
1319 1048
1319 1023
1319 998
1319 973
1319 948
1319 923
1319 898
1319 873
1319 848
1319 823
1319 798
1319 773
1319 748
1319 723
1319 698
1319 673
1313 648
1293 663
1273 678
1253 693
1233 708
1213 723
1193 740
1173 755
1153 770
1134 787
1114 802
1094 817
1074 832
1054 847
1034 862
1014 877
994 892
974 907
954 922
934 937
914 952
896 970
876 985
856 1000
836 1015
816 1030
796 1045
776 1060
756 1075
736 1090
716 1105
696 1120
676 1135
651 1140
628 1130
605 1120
581 1113
557 1105
539 1087
559 1072
579 1057
599 1042
619 1027
639 1012
659 997
679 982
699 967
719 952
739 937
759 922
779 907
799 892
821 879
841 864
861 849
881 834
901 819
921 804
941 789
962 774
982 759
1002 744
1022 729
1042 714
1062 699
1082 684
1102 669
1122 654
1142 639
1162 624
1182 609
1202 594
1222 579
1242 564
1262 549
1282 534
1302 519
1322 504
1342 489
1362 474
1384 462
1395 485
1400 510
1400 535
1400 560
1400 585
1400 610
1400 650
1405 675
1405 700
1405 725
1405 750
1405 775
1405 810
1410 835
1410 860
1410 885
1410 910
1410 940
1412 965
1415 990
1415 1015
1415 1040
1415 1065
1415 1100
1420 1125
1420 1150
1420 1175
1420 1200
1420 1225
1420 1265
1425 1290
1425 1315
1425 1340
1425 1365
1425 1390
1450 1394
1473 1384
1497 1374
1521 1365
1546 1359
1569 1349
1592 1339
1617 1334
1640 1324
1663 1314
1688 1309
1711 1299
1734 1289
1757 1279
1782 1274
1805 1264
1828 1254
1853 1249
1876 1239
1899 1229
1922 1219
1947 1214
1970 1204
1993 1194
2018 1189
2041 1179
2064 1169
2089 1162
2113 1154
2154 1139
2135 1122
2115 1107
2095 1092
2075 1077
2055 1062
2035 1047
2013 1035
1993 1020
1973 1005
1953 990
1933 975
1913 960
1893 945
1873 930
1853 915
1833 900
1813 885
1793 870
1773 855
1751 843
1731 828
1711 813
1691 798
1671 783
1651 768
1631 753
1611 738
1591 723
1569 710
1549 695
1529 680
1509 665
1489 650
1469 635
1459 612
1459 587
1459 562
1459 537
1459 512
1481 524
1501 539
1521 554
1541 569
1561 584
1581 599
1601 614
1621 629
1643 641
1663 656
1683 671
1703 686
1723 701
1743 716
1763 731
1783 746
1803 761
1823 776
1845 789
1865 804
1885 819
1905 834
1925 849
1945 864
1965 879
1985 894
2005 909
2025 924
2045 939
2065 954
2085 969
2108 980
2128 995
2148 1010
2168 1025
2188 1040
2208 1055
2228 1070
2248 1085
2268 1100
2288 1115
2309 1129
2329 1144
2345 1180
2321 1190
2297 1199
2272 1205
2248 1213
2224 1220
2201 1230
2176 1235
2153 1245
2129 1252
2105 1260
2080 1265
2057 1275
2033 1283
2009 1290
1986 1300
1961 1305
1938 1315
1914 1322
1890 1330
1865 1335
1842 1345
1818 1353
1794 1360
1771 1370
1746 1375
1723 1385
1698 1390
1675 1400
1650 1405
1627 1415
1603 1423
1579 1430
1556 1440
1531 1445
1508 1455
1483 1460
1460 1470
1435 1475
1449 1496
1464 1516
1479 1536
1497 1554
1512 1574
1527 1594
1545 1612
1560 1632
1575 1652
1590 1672
1608 1690
1623 1710
1638 1730
1655 1749
1670 1769
1685 1789
1704 1806
1719 1826
1734 1846
1750 1866
1767 1885
1782 1905
1800 1923
1815 1943
1830 1963
1845 1983
1863 2001
1878 2021
1893 2041
1911 2059
1926 2079
1939 2052
1949 2022
1959 1992
1969 1962
1979 1927
1989 1897
1999 1867
2009 1832
2019 1802
2029 1772
2039 1737
2049 1707
2059 1677
2069 1642
2079 1612
2089 1582
2099 1547
2109 1517
2119 1487
2129 1452
2139 1422
2149 1392
2159 1362
2169 1327
2184 1307
2206 1295
2229 1284
2252 1274
2275 1264
2298 1254
2300 1279
2290 1305
2280 1340
2270 1375
2260 1410
2250 1445
2240 1475
2230 1510
2220 1545
2210 1580
2200 1615
2190 1650
2180 1685
2170 1720
2160 1755
2150 1790
2140 1820
2130 1855
2120 1890
2110 1925
2100 1960
2090 1995
2080 2030
2070 2065
2060 2100
2050 2135
2040 2170
2030 2200
2020 2235
2010 2270
2000 2305
1991 2335
1974 2316
1959 2296
1944 2276
1929 2256
1911 2238
1896 2218
1881 2198
1866 2178
1851 2158
1836 2138
1821 2118
1804 2099
1789 2079
1772 2060
1757 2040
1742 2020
1727 2000
1712 1980
1697 1960
1679 1942
1664 1922
1649 1902
1634 1882
1619 1862
1604 1842
1589 1822
1574 1802
1556 1784
1541 1764
1526 1744
1511 1724
1496 1704
1481 1684
1466 1664
1449 1645
1434 1625
1418 1605
1403 1585
1380 1575
1365 1595
1350 1620
1335 1640
1320 1665
1305 1685
1290 1710
1275 1735
1260 1755
1245 1780
1230 1800
1218 1823
1203 1843
1190 1865
1175 1885
1160 1910
1145 1930
1130 1955
1115 1975
1100 2000
1085 2025
1070 2045
1055 2070
1040 2090
1025 2115
1010 2135
995 2160
980 2185
965 2205
990 2209
1015 2209
1040 2209
1065 2209
1090 2209
1115 2209
1140 2209
1165 2209
1190 2209
1215 2209
1240 2209
1265 2209
1290 2209
1315 2209
1340 2209
1365 2209
1390 2209
1415 2209
1440 2209
1465 2209
1490 2209
1515 2209
1540 2209
1565 2209
1590 2209
1615 2209
1640 2209
1665 2209
1690 2209
1715 2209
1740 2209
1765 2209
1790 2212
1805 2232
1820 2252
1835 2272
1850 2292
1865 2312
1843 2335
1818 2335
1793 2335
1768 2335
1743 2335
1718 2335
1693 2335
1668 2335
1643 2335
1618 2335
1593 2335
1568 2335
1543 2335
1518 2335
1493 2335
1468 2335
1443 2335
1418 2335
1393 2335
1368 2335
1343 2335
1318 2335
1293 2335
1268 2335
1243 2335
1218 2335
1193 2335
1168 2335
1143 2335
1118 2335
1093 2335
1068 2335
1043 2335
1018 2335
993 2335
968 2335
943 2335
918 2335
893 2335
868 2335
843 2335
818 2335
794 2327
809 2302
824 2277
839 2252
854 2227
869 2207
881 2185
894 2162
909 2137
924 2112
939 2092
951 2070
964 2047
979 2027
991 2005
1004 1982
1019 1962
1031 1940
1046 1920
1059 1897
1071 1875
1086 1855
1099 1832
1111 1810
1126 1790
1139 1767
1154 1742
1169 1717
1184 1692
1199 1667
1214 1642
1229 1622
1241 1600
1254 1577
1269 1557
1281 1535
1296 1515
1307 1475
1282 1470
1257 1465
1232 1460
1207 1455
1182 1450
1157 1445
1132 1440
1107 1435
1082 1430
1057 1424
1032 1419
1007 1415
984 1405
959 1400
934 1395
909 1392
885 1385
860 1380
835 1375
810 1370
785 1365
760 1360
735 1355
710 1350
685 1345
660 1340
635 1335
610 1330
617 1354
625 1378
634 1402
640 1427
648 1451
655 1475
662 1499
670 1523
679 1547
685 1572
693 1596
700 1620
710 1643
715 1668
724 1692
730 1717
738 1741
745 1765
755 1788
760 1813
769 1837
775 1862
783 1886
790 1910
800 1933
805 1958
814 1982
820 2007
830 2030
835 2055
845 2078
850 2103
842 2144
824 2162
805 2180
789 2200
772 2219
754 2237
729 2239
719 2216
714 2191
709 2166
699 2143
694 2118
686 2094
679 2070
674 2045
664 2022
659 1997
651 1973
644 1949
639 1924
629 1901
624 1876
619 1851
609 1828
604 1803
596 1779
589 1755
584 1730
574 1707
569 1682
561 1658
554 1634
549 1609
539 1586
534 1561
529 1536
519 1513
514 1488
506 1464
499 1440
494 1415
484 1392
479 1367
470 1343
464 1318
459 1293
451 1269
444 1245
439 1220
