121 1270
131 1305
147 1325
167 1340
185 1358
210 1362
234 1370
254 1385
277 1395
299 1407
323 1415
345 1427
363 1445
369 1470
334 1487
358 1494
380 1507
404 1515
427 1525
447 1540
459 1562
481 1575
485 1540
509 1547
531 1560
556 1555
581 1558
605 1565
630 1560
653 1570
678 1570
702 1579
724 1602
709 1627
699 1662
683 1689
659 1727
664 1752
664 1797
669 1822
684 1842
684 1887
671 1919
649 1932
659 1955
659 1980
664 2005
649 2042
654 2067
659 2109
634 2107
644 2130
649 2167
659 2190
674 2210
697 2220
722 2225
747 2230
767 2245
792 2239
795 2205
820 2200
845 2200
868 2210
891 2220
916 2220
941 2220
961 2205
986 2200
985 2165
1010 2165
1035 2170
1040 2140
1055 2120
1080 2117
1090 2080
1105 2060
1125 2045
1148 2033
1163 2013
1181 1995
1206 1995
1221 1975
1246 1975
1258 1953
1276 1935
1289 1957
1307 1975
1327 1990
1351 1998
1376 2000
1399 2010
1422 2020
1434 2047
1446 2069
1464 2087
1484 2102
1496 2124
1505 2148
1527 2160
1547 2175
1570 2185
1594 2192
1616 2204
1641 2210
1666 2215
1691 2210
1714 2200
1736 2213
1755 2230
1780 2235
1804 2242
1828 2250
1835 2225
1858 2213
1882 2205
1904 2192
1905 2158
1897 2134
1890 2110
1900 2073
1890 2050
1910 2035
1903 2009
1882 1995
1880 1970
1903 1958
1899 1917
1890 1893
1880 1870
1880 1845
1880 1820
1880 1795
1900 1780
1890 1748
1880 1725
1870 1697
1852 1679
1840 1657
1834 1632
1819 1612
1807 1590
1805 1565
1830 1570
1853 1560
1878 1563
1903 1565
1928 1565
1952 1574
1977 1579
1975 1550
1999 1557
2024 1555
2045 1540
2070 1542
2095 1540
2118 1530
2140 1510
2150 1480
2165 1460
2184 1442
2208 1435
2231 1425
2240 1400
2260 1385
2285 1380
2305 1365
2330 1360
2349 1342
2373 1335
2390 1305
2415 1300
2440 1295
2425 1258
2410 1238
2398 1216
2374 1209
2351 1199
2333 1181
2315 1163
2298 1144
2286 1166
2262 1159
2245 1140
2231 1119
2211 1104
2191 1089
2170 1075
2165 1050
2153 1015
2130 1004
2105 1006
2080 1004
2060 989
2040 974
2015 969
1992 979
1968 970
1943 974
1918 970
1893 964
1869 956
1844 952
1825 935
1820 910
1843 898
1855 865
1870 840
1875 795
1865 763
1860 738
1860 713
1852 689
1845 665
1870 665
1875 635
1870 610
1875 585
1875 560
1882 519
1875 495
1895 480
1905 450
1900 422
1890 399
1880 376
1867 354
1847 339
1825 326
1810 306
1788 319
1763 320
1738 319
1713 324
1689 316
1667 304
1645 316
1621 324
1596 330
1576 345
1552 354
1534 372
1519 392
1496 404
1474 417
1474 442
1452 459
1434 477
1416 495
1394 507
1379 527
1360 546
1336 554
1311 559
1289 572
1276 595
1268 619
1243 616
1223 601
1201 589
1178 579
1155 568
1145 545
1130 519
1105 513
1085 498
1075 475
1065 452
1050 432
1032 414
1012 399
992 384
970 372
945 366
921 374
901 359
878 349
854 357
829 356
805 349
782 339
760 327
736 319
711 314
688 304
664 312
669 337
674 374
649 369
624 372
629 397
629 422
629 447
639 470
644 495
651 519
644 547
649 572
664 592
676 630
666 664
644 682
649 707
649 767
639 802
651 824
666 844
681 864
689 888
699 911
711 933
726 953
734 977
712 989
687 994
662 989
637 994
614 1004
589 1004
569 989
548 975
524 982
515 1022
493 1010
468 1009
444 1017
439 1047
414 1052
394 1067
379 1092
364 1134
339 1129
316 1140
307 1164
283 1174
258 1179
233 1179
218 1199
203 1219
178 1224
158 1239
134 1247
