274 1292
259 1272
277 1254
295 1236
314 1217
334 1202
354 1187
374 1172
394 1157
416 1144
437 1129
459 1117
481 1104
504 1094
527 1084
550 1074
573 1064
597 1054
622 1049
646 1040
671 1034
664 991
651 969
639 947
629 924
619 901
609 878
599 855
594 830
584 807
579 782
574 757
569 732
564 707
559 682
559 657
559 632
554 607
554 582
554 557
579 554
604 554
629 556
654 559
679 559
704 564
729 569
754 574
779 579
804 584
828 591
852 599
875 609
899 616
921 629
944 639
967 649
989 661
1011 674
1031 689
1037 664
1044 627
1054 597
1064 567
1074 542
1086 520
1099 492
1111 470
1124 442
1139 422
1154 397
1169 377
1184 357
1199 337
1214 317
1232 299
1250 281
1269 262
1291 274
1309 292
1324 312
1342 330
1357 350
1375 368
1387 390
1402 410
1415 432
1430 452
1442 474
1450 498
1462 520
1474 542
1483 566
1490 590
1500 613
1505 638
1510 663
1515 688
1537 674
1559 662
1581 650
1604 639
1627 629
1649 617
1673 609
1696 599
1720 591
1744 584
1769 579
1794 574
1819 569
1844 564
1869 559
1894 559
1919 557
1944 554
1969 554
1994 556
1995 581
1990 630
1990 655
1985 685
1980 720
1975 745
1965 790
1955 830
1945 860
1937 884
1928 908
1915 930
1903 958
1890 980
1875 1005
1860 1030
1884 1037
1908 1044
1933 1049
1956 1059
1981 1064
2004 1074
2027 1084
2049 1096
2073 1105
2094 1119
2115 1133
2137 1145
2157 1160
2178 1174
2198 1190
2218 1205
2235 1224
2255 1239
2274 1256
2277 1289
2259 1307
2239 1322
2221 1340
2201 1355
2183 1373
2160 1385
2140 1400
2120 1415
2098 1428
2075 1440
2051 1450
2029 1462
2007 1474
1983 1483
1958 1490
1935 1500
1910 1505
1885 1510
1860 1515
1874 1536
1885 1559
1898 1581
1910 1603
1920 1626
1930 1649
1940 1672
1950 1695
1957 1719
1965 1743
1970 1768
1975 1793
1980 1818
1985 1843
1990 1868
1990 1893
1990 1918
1995 1943
1995 1968
1993 1993
1968 1995
1943 1995
1918 1990
1893 1990
1868 1990
1843 1985
1818 1980
1793 1975
1768 1970
1743 1965
1719 1957
1695 1950
1672 1940
1649 1930
1626 1920
1603 1910
1581 1898
1559 1885
1536 1874
1515 1860
1510 1885
1500 1925
1490 1955
1480 1985
1470 2010
1458 2038
1445 2060
1433 2088
1420 2110
1405 2130
1392 2154
1377 2174
1362 2194
1347 2214
1332 2234
1314 2252
1295 2270
1277 2290
1257 2275
1239 2257
1224 2237
1206 2219
1191 2199
1174 2180
1161 2158
1146 2138
1134 2116
1119 2096
1106 2074
1097 2050
1085 2028
1074 2005
1064 1982
1059 1957
1049 1934
1044 1909
1037 1885
1018 1868
998 1883
976 1895
953 1905
930 1915
908 1928
884 1937
860 1945
837 1955
812 1960
788 1968
764 1975
739 1980
714 1985
689 1985
664 1990
639 1990
614 1995
589 1995
564 1995
554 1972
554 1947
554 1922
559 1892
559 1867
564 1832
569 1807
574 1782
584 1742
594 1707
604 1677
614 1652
626 1630
639 1602
651 1580
664 1552
679 1532
664 1512
640 1505
615 1500
592 1490
567 1484
543 1475
521 1463
499 1450
475 1442
453 1430
433 1415
411 1403
391 1388
369 1375
350 1358
330 1343
312 1325
292 1310
