439 1152
451 1174
469 1192
481 1214
494 1236
509 1256
524 1276
536 1298
556 1313
580 1320
605 1320
630 1322
650 1337
672 1350
697 1349
722 1349
740 1330
765 1330
788 1340
813 1345
836 1355
861 1350
884 1340
904 1355
926 1368
950 1360
975 1360
985 1330
1010 1330
1033 1340
1029 1367
1007 1384
982 1389
962 1404
946 1424
924 1437
904 1452
880 1461
865 1481
846 1499
823 1489
799 1482
804 1507
809 1532
786 1549
766 1565
757 1589
734 1599
709 1602
704 1642
695 1666
676 1684
659 1722
659 1747
649 1792
659 1815
674 1835
691 1854
711 1869
734 1880
751 1899
744 1972
744 1997
762 2015
787 2014
809 2002
834 2005
859 2005
884 2000
909 2005
932 2015
957 2019
982 2015
1005 2025
1025 2000
1020 1975
1045 1970
1068 1980
1091 1970
1082 1934
1075 1910
1102 1919
1124 1907
1125 1880
1125 1855
1150 1857
1175 1860
1167 1824
1160 1800
1180 1785
1205 1785
1200 1740
1205 1715
1210 1690
1220 1665
1240 1635
1240 1605
1250 1565
1255 1535
1280 1535
1295 1515
1294 1587
1306 1609
1319 1631
1324 1656
1336 1678
1349 1700
1331 1724
1304 1722
1316 1744
1339 1755
1359 1770
1369 1793
1379 1816
1389 1839
1396 1863
1408 1885
1420 1907
1440 1922
1462 1935
1477 1955
1489 1977
1494 2002
1512 2020
1532 2004
1525 1980
1550 1982
1565 2002
1580 2022
1604 2030
1628 2023
1646 2005
1666 1990
1691 1985
1711 1970
1734 1980
1757 1969
1777 1954
1801 1945
1815 1923
1805 1900
1825 1885
1845 1870
1855 1845
1875 1830
1885 1795
1904 1764
1885 1747
1875 1724
1873 1699
1854 1682
1842 1660
1835 1636
1822 1614
1810 1592
1798 1570
1774 1562
1754 1547
1736 1529
1718 1511
1699 1494
1676 1484
1661 1464
1641 1449
1621 1434
1599 1421
1575 1414
1555 1399
1540 1379
1529 1356
1515 1335
1549 1340
1572 1350
1597 1354
1618 1340
1641 1350
1662 1364
1687 1364
1712 1360
1730 1335
1755 1332
1779 1340
1804 1345
1829 1350
1852 1339
1877 1335
1900 1345
1915 1310
1940 1312
1965 1310
1988 1300
2005 1275
2030 1270
2055 1265
2070 1230
2070 1188
2060 1165
2085 1165
2095 1135
2084 1112
2072 1090
2070 1065
2089 1047
2111 1035
2105 1002
2080 998
2060 983
2048 961
2036 939
2018 921
2000 903
2000 878
1982 860
1960 848
1943 829
1919 822
1924 847
1900 854
1880 839
1857 829
1836 844
1811 844
1786 844
1761 839
1739 852
1728 879
1705 889
1685 904
1660 902
1635 901
1626 925
1604 937
1574 932
1584 955
1563 985
1539 976
1514 977
1514 1002
1514 1027
1489 1029
1464 1032
1445 1072
1400 1070
1423 1060
1437 1029
1430 1005
1445 985
1465 960
1465 930
1460 905
1480 885
1487 855
1485 830
1509 822
1507 794
1500 770
1510 735
1510 710
1535 715
1529 681
1515 660
1528 638
1528 611
1520 587
1520 562
1505 542
1487 524
1480 500
1471 469
1448 459
1423 459
1398 454
1373 454
1350 444
1328 431
1304 424
1281 414
1259 402
1252 439
1229 449
1204 449
1179 454
1154 449
1131 460
1109 472
1095 496
1071 504
1046 505
1034 527
1034 552
1034 577
1034 607
1036 635
1024 657
1036 679
1051 699
1039 724
1014 722
1024 745
1024 770
1029 795
1044 815
1051 839
1069 857
1078 899
1054 907
1064 930
1081 949
1089 973
1094 1019
1070 1010
1053 991
1029 984
1030 1034
1010 1018
1005 993
993 971
974 954
953 940
929 931
914 911
899 891
874 887
852 910
837 890
823 869
803 854
779 846
759 831
734 832
709 831
687 819
682 844
657 849
637 834
612 834
591 849
569 862
552 889
534 907
544 930
550 957
526 949
504 962
481 984
458 994
434 1002
449 1022
467 1040
464 1067
469 1092
476 1116
457 1134
