299 987
294 962
319 964
344 947
339 922
361 909
397 859
422 864
447 859
439 827
463 819
485 806
489 767
514 769
539 769
564 766
588 774
613 779
636 769
659 779
680 793
700 808
725 814
750 819
770 834
793 845
815 857
833 875
845 897
867 909
874 877
896 889
911 909
926 929
948 941
970 953
990 969
1000 992
1005 1017
1024 982
1049 981
1064 1001
1075 1024
1088 1046
1100 1068
1125 1074
1148 1085
1155 1109
1175 1124
1200 1122
1173 1090
1129 1045
1127 1020
1107 1005
1089 987
1084 962
1069 930
1059 907
1083 899
1081 874
1064 855
1049 835
1039 812
1027 790
1024 765
1014 742
1034 719
1041 690
1021 674
1009 652
1019 612
1014 587
1019 562
1004 542
999 517
1004 492
999 467
994 442
1004 419
1027 409
1047 394
1072 389
1090 371
1102 349
1125 339
1148 350
1154 312
1176 299
1199 309
1224 287
1219 262
1244 259
1264 274
1289 274
1313 281
1335 293
1359 301
1379 316
1390 339
1409 356
1433 349
1455 362
1475 377
1495 392
1517 404
1535 422
1550 442
1560 480
1538 503
1525 525
1530 550
1537 574
1540 599
1545 624
1530 650
1532 675
1533 715
1510 725
1500 770
1510 793
1509 822
1485 830
1487 855
1475 890
1455 905
1462 929
1459 962
1440 980
1425 1000
1430 1025
1425 1050
1400 1055
1385 1080
1375 1105
1375 1130
1335 1150
1337 1175
1359 1162
1383 1154
1399 1114
1422 1104
1434 1082
1458 1074
1469 1037
1494 1034
1517 1024
1514 982
1538 975
1560 987
1585 982
1584 957
1579 932
1603 939
1625 926
1634 902
1659 901
1684 899
1706 885
1730 876
1734 847
1756 834
1781 834
1806 834
1830 826
1850 811
1870 796
1892 784
1917 789
1942 794
1949 757
1971 744
1993 756
2008 776
2026 794
2046 809
2066 824
2088 836
2113 834
2135 847
2150 867
2168 885
2180 907
2195 927
2210 947
2229 964
2245 984
2251 1009
2220 1010
2225 1035
2219 1082
2195 1090
2209 1111
2200 1150
2190 1185
2184 1222
2165 1240
2161 1273
2136 1270
2114 1282
2092 1294
2067 1300
2043 1308
2020 1320
1995 1315
1970 1315
1945 1320
1920 1320
1924 1355
1899 1351
1877 1339
1852 1339
1829 1350
1804 1345
1779 1340
1755 1332
1730 1335
1707 1360
1682 1365
1657 1359
1636 1345
1611 1340
1588 1350
1564 1342
1540 1335
1517 1325
1480 1315
1494 1336
1512 1354
1525 1376
1542 1395
1562 1410
1586 1419
1608 1431
1630 1443
1650 1458
1670 1474
1689 1491
1711 1504
1729 1522
1747 1540
1768 1554
1793 1559
1810 1578
1819 1602
1834 1622
1854 1637
1879 1641
1897 1659
1909 1681
1920 1704
1925 1735
1935 1758
1955 1774
1980 1772
1993 1813
1970 1825
1977 1849
1964 1882
1945 1900
1955 1923
1945 1950
1928 1973
1915 1995
1912 2040
1888 2048
1875 2070
1860 2095
1846 2118
1824 2105
1799 2102
1777 2115
1754 2125
1731 2114
1710 2100
1685 2095
1677 2135
1652 2130
1629 2120
1606 2130
1583 2120
1563 2105
1543 2090
1524 2073
1516 2049
1499 2030
1479 2015
1456 2004
1444 1982
1468 1974
1454 1942
1434 1927
1419 1907
1404 1887
1396 1863
1389 1839
1375 1818
1369 1793
1359 1770
1339 1755
1316 1744
1304 1722
1336 1729
1354 1706
1341 1684
1326 1664
1321 1639
1314 1615
1304 1592
1314 1535
1309 1510
1294 1490
1260 1400
1270 1423
1260 1460
1270 1483
1270 1520
1245 1515
1245 1540
1250 1565
1235 1585
1235 1610
1240 1635
1223 1663
1210 1685
1210 1710
1200 1735
1205 1760
1204 1787
1179 1787
1160 1805
1170 1828
1175 1865
1150 1862
1125 1860
1130 1885
1115 1925
1105 1950
1099 1982
1084 2002
1059 2007
1040 2025
1035 2050
1028 2098
1008 2115
983 2110
963 2095
940 2105
923 2135
901 2123
876 2125
851 2129
830 2115
805 2110
782 2120
757 2115
735 2102
713 2090
689 2082
667 2070
649 2052
644 2027
639 2002
619 1987
621 1955
601 1940
579 1927
586 1894
599 1872
581 1854
566 1834
554 1812
549 1787
573 1779
597 1769
599 1732
621 1719
642 1704
644 1672
666 1659
691 1655
699 1617
699 1592
724 1589
749 1589
760 1566
779 1549
802 1539
804 1507
799 1482
823 1489
846 1499
867 1484
882 1464
905 1454
926 1440
949 1427
969 1412
987 1394
1012 1389
1035 1379
1052 1359
1077 1359
1129 1332
1108 1318
1086 1330
1061 1330
1036 1335
1013 1325
988 1325
965 1335
948 1358
923 1365
903 1350
880 1340
857 1350
832 1354
808 1345
783 1340
760 1330
735 1335
712 1350
689 1360
665 1352
645 1337
623 1325
602 1339
577 1335
554 1325
530 1317
512 1299
487 1300
462 1300
442 1285
420 1272
396 1264
376 1249
374 1224
364 1201
351 1179
342 1155
339 1130
329 1107
329 1082
329 1057
329 1027
314 1007
