621 1239
609 1217
631 1204
654 1194
677 1184
700 1174
723 1164
745 1151
767 1139
790 1129
811 1115
834 1104
856 1090
879 1077
901 1065
924 1052
944 1037
966 1024
987 1009
1009 997
1029 982
1049 967
1069 952
1089 937
1109 922
1129 907
1149 892
1167 874
1187 859
1207 844
1225 826
1244 807
1262 789
1287 784
1305 802
1320 822
1340 837
1358 855
1375 874
1394 891
1412 909
1432 924
1450 942
1469 959
1488 976
1508 991
1526 1009
1546 1024
1566 1039
1584 1057
1604 1072
1624 1087
1644 1102
1664 1117
1684 1132
1704 1147
1724 1162
1746 1174
1766 1189
1786 1204
1806 1219
1831 1214
1852 1199
1874 1187
1855 1152
1833 1140
1813 1125
1791 1113
1771 1098
1749 1085
1729 1070
1709 1055
1689 1040
1669 1025
1649 1010
1629 995
1609 980
1589 965
1569 950
1550 933
1530 918
1512 900
1492 885
1474 867
1454 852
1436 834
1419 815
1400 798
1380 783
1362 765
1347 745
1347 709
1364 687
1382 669
1407 669
1422 689
1440 707
1458 725
1475 744
1494 761
1512 779
1530 797
1550 812
1568 830
1585 849
1605 864
1625 879
1645 894
1664 911
1684 926
1704 941
1724 956
1744 971
1764 986
1786 999
1806 1014
1826 1029
1848 1041
1870 1054
1890 1069
1913 1080
1934 1094
1957 1104
1979 1116
2001 1129
1995 1160
1983 1183
1970 1205
1960 1230
1948 1253
1939 1277
1927 1299
1918 1323
1905 1345
1895 1370
1885 1395
1875 1420
1865 1445
1855 1470
1845 1495
1835 1525
1825 1555
1815 1585
1805 1615
1795 1650
1785 1685
1775 1720
1765 1760
1755 1795
1745 1840
1740 1865
1740 1890
1764 1899
1787 1909
1812 1914
1834 1902
1834 1877
1839 1852
1844 1822
1849 1797
1854 1772
1874 1692
1879 1667
1889 1632
1899 1602
1909 1567
1919 1542
1929 1507
1939 1482
1949 1457
1959 1432
1969 1407
1979 1382
1989 1357
2001 1335
2010 1311
2022 1289
2034 1262
2046 1240
2055 1216
2069 1192
2087 1174
2110 1184
2133 1194
2156 1204
2170 1225
2155 1255
2143 1278
2130 1300
2118 1328
2105 1350
2093 1378
2080 1400
2072 1424
2063 1448
2050 1470
2040 1495
2030 1525
2020 1555
2010 1580
2000 1615
1990 1645
1980 1685
1970 1720
1965 1745
1955 1790
1950 1820
1945 1850
1940 1875
1935 1920
1930 1955
1930 1980
1914 2015
1889 2010
1865 2002
1840 1997
1815 1992
1790 1987
1765 1985
1740 1980
1715 1975
1690 1970
1665 1970
1640 1965
1615 1960
1590 1960
1565 1957
1540 1955
1515 1955
1490 1955
1465 1950
1440 1950
1415 1950
1390 1950
1365 1950
1340 1952
1315 1950
1290 1955
1265 1955
1240 1955
1215 1960
1190 1960
1165 1965
1140 1965
1115 1970
1115 1995
1115 2020
1115 2045
1140 2049
1165 2044
1190 2044
1215 2039
1240 2039
1265 2034
1290 2034
1315 2034
1340 2031
1365 2031
1390 2029
1415 2029
1440 2032
1465 2034
1490 2034
1515 2034
1540 2036
1565 2039
1590 2042
1615 2044
1640 2049
1665 2049
1690 2054
1715 2059
1740 2064
1765 2069
1790 2074
1815 2079
1840 2084
1864 2091
1888 2099
1913 2104
1920 2128
1920 2153
1920 2178
1905 2215
1881 2208
1857 2200
1832 2195
1809 2185
1784 2180
1759 2175
1734 2170
1709 2165
1684 2160
1659 2155
1634 2150
1609 2145
1584 2145
1559 2140
1534 2137
1509 2135
1484 2135
1459 2132
1434 2130
1409 2130
1384 2130
1359 2130
1334 2132
1309 2135
1284 2135
1259 2135
1234 2140
1209 2142
1184 2145
1159 2150
1134 2155
1109 2160
1084 2165
1059 2167
1059 2142
1054 2117
1054 2092
1054 2067
1049 2042
1044 1980
1039 1955
1039 1930
1034 1905
1029 1880
1024 1855
1022 1830
1019 1805
1009 1757
1004 1732
999 1707
990 1683
984 1658
979 1633
974 1608
966 1584
959 1560
954 1535
944 1512
939 1487
929 1464
922 1440
914 1416
892 1404
868 1413
844 1422
820 1430
827 1454
835 1478
845 1501
855 1524
860 1549
870 1572
878 1596
885 1620
892 1644
900 1668
905 1693
910 1718
919 1742
920 1767
930 1790
935 1815
940 1840
940 1865
945 1895
950 1920
955 1945
957 1970
960 1995
965 2020
965 2045
965 2070
970 2095
970 2120
970 2150
975 2175
956 2195
931 2200
908 2210
884 2217
864 2202
864 2177
864 2152
864 2127
859 2042
859 2017
854 1992
854 1967
849 1917
844 1892
839 1835
834 1810
829 1785
824 1760
811 1709
804 1685
799 1660
794 1635
784 1612
779 1587
769 1564
762 1540
754 1516
744 1493
734 1470
724 1447
719 1422
741 1410
764 1399
786 1385
809 1374
831 1360
854 1347
876 1335
896 1320
919 1307
941 1294
962 1279
984 1267
1004 1252
1026 1239
1047 1224
1067 1209
1087 1194
1109 1182
1129 1167
1149 1152
1169 1137
1189 1122
1209 1107
1229 1092
1249 1077
1269 1062
1287 1044
1307 1029
1307 999
1295 977
1283 955
1259 962
1239 977
1219 992
1200 1010
1180 1025
1160 1040
1140 1055
1120 1070
1100 1085
1080 1100
1060 1115
1040 1130
1020 1145
998 1158
978 1173
955 1185
935 1200
913 1213
890 1225
870 1240
848 1253
825 1265
803 1280
780 1290
759 1305
736 1315
714 1327
692 1340
670 1328
659 1305
646 1283
634 1261
