479 1312
484 1337
494 1360
514 1375
539 1375
564 1375
589 1375
614 1375
639 1375
664 1375
689 1375
714 1375
739 1375
764 1375
789 1375
814 1375
839 1375
864 1375
889 1375
914 1375
939 1375
964 1375
989 1375
1014 1375
1039 1375
1064 1375
1069 1400
1064 1429
1039 1429
1014 1429
989 1429
964 1429
939 1429
914 1429
889 1429
864 1429
839 1429
814 1429
789 1429
764 1429
739 1429
714 1429
689 1429
664 1429
639 1429
614 1429
589 1429
564 1429
539 1429
524 1455
531 1479
551 1495
576 1495
601 1495
626 1495
651 1495
676 1495
701 1495
726 1495
751 1495
776 1495
801 1495
826 1495
851 1495
876 1495
901 1495
926 1495
951 1495
976 1495
1001 1495
1026 1495
1051 1495
1064 1517
1054 1544
1029 1544
1004 1544
979 1544
954 1544
929 1544
904 1544
879 1544
854 1544
829 1544
804 1544
779 1544
754 1544
729 1544
704 1544
679 1544
654 1544
629 1544
604 1544
579 1544
554 1547
559 1572
569 1595
576 1619
584 1643
590 1668
599 1692
604 1717
614 1740
621 1764
629 1788
639 1811
644 1836
652 1860
659 1884
669 1907
674 1932
684 1955
689 1980
699 2003
705 2028
714 2052
719 2077
729 2100
734 2125
744 2148
750 2173
759 2197
764 2222
774 2245
781 2269
789 2293
799 2316
804 2341
812 2365
819 2389
839 2405
864 2405
889 2405
914 2405
939 2405
964 2405
989 2405
1014 2405
1039 2405
1064 2405
1089 2405
1114 2405
1139 2405
1164 2405
1189 2405
1214 2405
1239 2405
1264 2405
1289 2405
1314 2405
1339 2405
1364 2405
1389 2405
1414 2405
1439 2405
1464 2405
1489 2405
1514 2405
1539 2405
1564 2405
1589 2405
1614 2405
1639 2405
1664 2405
1689 2405
1714 2405
1739 2405
1764 2405
1789 2405
1814 2405
1839 2405
1864 2405
1889 2405
1914 2405
1939 2405
1964 2405
1989 2405
2014 2405
2033 2388
2040 2360
2050 2330
2060 2295
2070 2265
2080 2235
2090 2205
2100 2170
2110 2140
2120 2110
2130 2080
2140 2045
2150 2015
2154 1969
2129 1969
2104 1969
2079 1969
2054 1969
2029 1969
2004 1969
1979 1969
1954 1969
1929 1969
1904 1969
1879 1969
1854 1969
1830 1960
1830 1935
1830 1910
1855 1910
1880 1910
1905 1910
1930 1910
1955 1910
1980 1910
2005 1910
2030 1910
2055 1910
2080 1910
2105 1910
2130 1910
2155 1910
2180 1910
2193 1888
2200 1860
2210 1825
2220 1795
2230 1765
2240 1735
2250 1700
2260 1670
2270 1640
2272 1604
2247 1604
2222 1604
2197 1604
2172 1604
2147 1604
2122 1604
2097 1604
2072 1604
2047 1604
2022 1604
1997 1604
1972 1604
1947 1604
1922 1604
1897 1604
1872 1604
1847 1604
1830 1585
1830 1560
1830 1535
1855 1535
1880 1535
1905 1535
1930 1535
1955 1535
1980 1535
2005 1535
2030 1535
2055 1535
2080 1535
2105 1535
2130 1535
2155 1535
2180 1535
2205 1535
2230 1535
2255 1535
2280 1535
2305 1530
2315 1500
2325 1465
2335 1435
2345 1405
2355 1370
2365 1340
2375 1310
2385 1280
2395 1257
2385 1234
2362 1224
2337 1224
2312 1224
2287 1224
2262 1224
2237 1224
2212 1224
2187 1224
2162 1224
2137 1224
2112 1224
2087 1224
2062 1224
2037 1224
2012 1224
1987 1224
1962 1224
1937 1224
1912 1224
1887 1224
1862 1224
1837 1224
1820 1205
1820 1180
1845 1180
1870 1180
1895 1180
1920 1180
1945 1180
1970 1180
1995 1180
2020 1180
2045 1180
2070 1180
2095 1180
2120 1180
2145 1180
2170 1180
2195 1180
2220 1180
2245 1180
2270 1180
2290 1164
2270 1149
2250 1134
2230 1119
2210 1104
2190 1089
2170 1074
2150 1059
2130 1044
2110 1029
2090 1014
2070 999
2050 984
2030 969
2010 954
1990 939
1968 926
1948 911
1928 896
1908 881
1888 866
1868 851
1848 836
1828 821
1808 806
1788 791
1768 776
1748 761
1728 746
1708 731
1688 716
1668 701
1646 689
1626 674
1606 659
1586 644
1566 629
1546 614
1526 599
1506 584
1486 569
1466 554
1446 539
1424 527
1424 552
1424 577
1424 602
1424 627
1424 652
1424 677
1424 702
1424 727
1424 752
1424 777
1424 802
1424 827
1424 852
1424 877
1424 902
1424 927
1424 952
1424 977
1424 1002
1424 1027
1424 1052
1424 1077
1424 1102
1424 1127
1424 1152
1424 1177
1424 1202
1424 1227
1424 1252
1424 1277
1424 1302
1424 1327
1424 1352
1424 1377
1424 1402
1424 1427
1424 1452
1424 1477
1424 1502
1424 1527
1424 1552
1424 1577
1424 1602
1424 1627
1424 1652
1424 1677
1424 1702
1424 1727
1424 1752
1424 1777
1424 1802
1424 1827
1424 1852
1424 1877
1424 1902
1401 1929
1380 1915
1380 1890
1380 1865
1380 1840
1380 1815
1380 1790
1380 1765
1380 1740
1380 1715
1380 1690
1380 1665
1380 1640
1380 1615
1380 1590
1380 1565
1380 1540
1380 1515
1380 1490
1380 1465
1380 1440
1380 1415
1380 1390
1380 1365
1380 1340
1380 1315
1380 1290
1380 1265
1380 1240
1380 1215
1380 1190
1380 1165
1380 1140
1380 1115
1380 1090
1380 1065
1380 1040
1380 1015
1380 990
1380 965
1380 940
1380 915
1380 890
1380 865
1380 840
1380 815
1380 790
1380 765
1380 740
1380 715
1380 690
1380 665
1380 640
1380 615
1380 590
1369 567
1349 582
1329 597
1307 609
1287 624
1267 639
1247 654
1227 669
1207 684
1187 699
1167 714
1147 729
1127 744
1107 759
1087 774
1067 789
1047 804
1027 819
1007 834
987 849
967 864
947 879
927 894
907 909
887 924
867 939
846 954
826 969
806 984
786 999
766 1014
746 1029
726 1044
706 1059
686 1074
664 1087
644 1102
624 1117
604 1132
584 1147
564 1162
544 1177
524 1192
504 1207
484 1222
502 1240
527 1240
552 1240
577 1240
602 1240
627 1240
652 1240
677 1240
702 1240
727 1240
752 1240
777 1240
802 1240
827 1240
852 1240
877 1240
902 1240
927 1240
952 1240
977 1240
1002 1240
1027 1240
1052 1240
1074 1252
1074 1277
1054 1309
1029 1309
1004 1309
979 1309
954 1309
929 1309
904 1309
879 1309
854 1309
829 1309
804 1309
779 1309
754 1309
729 1309
704 1309
679 1309
654 1309
629 1309
604 1309
579 1309
554 1309
529 1309
504 1309
