374 2217
379 2192
389 2167
404 2087
409 2037
419 1992
424 1967
434 1927
439 1902
449 1862
459 1827
469 1792
479 1752
489 1722
499 1692
509 1662
519 1632
529 1607
539 1582
549 1557
559 1532
571 1510
584 1482
594 1457
609 1427
624 1402
639 1377
651 1355
666 1335
679 1312
694 1292
709 1267
724 1247
739 1227
754 1207
769 1187
787 1169
802 1149
819 1127
837 1109
855 1091
874 1072
892 1054
910 1036
929 1017
947 999
967 984
985 966
1005 951
1025 936
1044 917
1064 902
1084 887
1104 872
1122 854
1142 839
1162 824
1180 806
1200 791
1219 772
1237 754
1257 739
1275 721
1294 702
1312 684
1330 666
1349 647
1367 629
1385 611
1400 591
1419 572
1437 554
1462 559
1480 577
1498 595
1515 614
1534 631
1550 651
1567 670
1582 690
1600 708
1615 728
1630 748
1645 768
1660 788
1672 810
1685 832
1700 852
1712 874
1725 896
1735 919
1748 941
1760 963
1769 987
1780 1010
1790 1033
1799 1057
1805 1082
1815 1105
1822 1129
1830 1153
1835 1178
1844 1202
1850 1227
1855 1252
1860 1277
1865 1302
1870 1327
1878 1351
1883 1376
1890 1400
1895 1425
1900 1450
1905 1475
1912 1499
1920 1523
1925 1548
1935 1571
1940 1596
1950 1619
1960 1642
1970 1665
1980 1688
1990 1711
2000 1734
2013 1756
2025 1778
2037 1800
2049 1822
2061 1844
2075 1865
2089 1886
2104 1906
2115 1929
2128 1951
2143 1971
2155 1993
2170 2013
2182 2035
2195 2057
2210 2077
2222 2099
2235 2121
2249 2142
2261 2164
2273 2186
2285 2208
2295 2231
2305 2254
2280 2275
2255 2280
2230 2285
2206 2295
2181 2300
2156 2305
2131 2310
2106 2315
2081 2320
2056 2325
2031 2330
2006 2330
1981 2335
1956 2340
1931 2345
1906 2345
1881 2350
1856 2353
1831 2355
1806 2355
1781 2360
1756 2360
1731 2363
1706 2365
1681 2365
1656 2365
1631 2365
1606 2365
1581 2365
1556 2370
1531 2368
1506 2365
1481 2365
1456 2365
1431 2365
1406 2365
1381 2360
1356 2360
1331 2355
1306 2355
1281 2355
1256 2350
1231 2350
1206 2350
1181 2345
1156 2340
1131 2340
1106 2338
1081 2335
1056 2335
1031 2330
1006 2330
981 2325
956 2323
931 2320
906 2318
881 2315
856 2313
831 2310
806 2310
781 2305
756 2305
731 2303
706 2300
681 2298
656 2295
631 2290
606 2290
581 2288
556 2285
531 2283
506 2280
481 2275
456 2273
431 2268
406 2265
381 2264
