389 2287
389 2312
401 2334
424 2345
430 2300
455 2305
480 2300
505 2295
529 2302
550 2280
575 2277
600 2280
623 2270
646 2260
671 2260
694 2270
719 2267
715 2235
740 2230
761 2244
784 2255
807 2244
820 2215
845 2210
870 2215
895 2220
920 2222
945 2220
968 2208
992 2215
1012 2230
1025 2200
1050 2195
1075 2190
1100 2192
1124 2200
1149 2205
1169 2220
1186 2239
1207 2225
1232 2229
1252 2244
1272 2259
1297 2260
1321 2268
1345 2275
1369 2267
1391 2255
1415 2262
1437 2275
1457 2260
1455 2235
1480 2230
1503 2240
1525 2220
1545 2205
1565 2190
1590 2190
1613 2200
1638 2205
1662 2214
1687 2214
1711 2205
1734 2215
1754 2230
1779 2235
1804 2235
1815 2210
1840 2207
1862 2219
1885 2230
1906 2244
1926 2259
1950 2235
1975 2230
1994 2247
2014 2262
2039 2265
2064 2265
2087 2275
2112 2279
2137 2274
2162 2280
2182 2295
2207 2300
2232 2300
2254 2312
2276 2325
2288 2303
2300 2276
2290 2253
2272 2235
2257 2215
2255 2190
2252 2160
2240 2138
2235 2113
2220 2093
2210 2070
2223 2031
2210 2009
2205 1984
2205 1959
2197 1935
2195 1910
2190 1885
2180 1845
2165 1825
2160 1800
2160 1758
2148 1736
2139 1712
2127 1690
2125 1665
2130 1620
2155 1620
2164 1596
2150 1575
2145 1550
2160 1530
2160 1505
2160 1480
2175 1460
2188 1438
2195 1405
2209 1383
2202 1359
2187 1339
2180 1315
2205 1315
2215 1291
2205 1268
2200 1243
2195 1218
2185 1195
2177 1155
2175 1130
2170 1097
2152 1079
2145 1055
2160 1015
2155 990
2150 965
2145 940
2170 935
2180 895
2187 859
2172 839
2165 815
2190 810
2210 794
2202 770
2200 745
2205 710
2215 685
2235 670
2235 640
2235 615
2240 590
2245 560
2265 545
2280 512
2267 490
2265 465
2288 455
2313 458
2300 432
2278 419
2254 427
2237 449
2212 449
2187 449
2162 449
2137 454
2119 472
2101 490
2079 504
2056 494
2034 481
2009 482
2009 507
1996 529
1976 514
1951 514
1926 519
1901 524
1878 534
1854 542
1829 544
1804 539
1784 554
1759 559
1734 557
1718 589
1695 579
1670 579
1645 574
1625 559
1602 549
1582 534
1567 514
1549 496
1524 492
1525 539
1502 529
1482 514
1462 499
1437 504
1414 494
1389 497
1366 510
1341 514
1319 501
1299 486
1274 487
1275 536
1250 534
1227 524
1207 539
1186 554
1161 560
1140 574
1115 569
1090 574
1067 564
1042 564
1017 564
995 552
970 551
984 575
959 574
938 560
913 554
888 551
864 544
841 534
823 516
804 499
779 502
766 539
744 526
722 514
697 509
673 500
649 492
624 492
601 504
579 491
559 476
540 459
515 464
490 458
468 446
444 439
409 417
419 440
412 479
394 497
409 517
431 530
433 559
409 567
424 587
438 620
414 627
419 652
434 672
452 690
462 724
444 742
449 767
464 787
464 827
474 850
477 889
474 927
486 949
495 973
474 1007
489 1027
504 1047
484 1077
494 1100
502 1124
484 1142
479 1185
484 1210
462 1224
444 1242
444 1267
426 1294
404 1307
404 1347
404 1372
414 1395
429 1415
444 1435
464 1450
479 1470
454 1482
464 1505
484 1520
504 1535
509 1562
489 1577
501 1599
489 1637
484 1680
494 1703
488 1739
464 1747
474 1770
469 1812
474 1837
468 1879
444 1887
454 1910
469 1930
462 1964
444 1982
444 2007
452 2049
438 2104
414 2112
419 2137
429 2160
430 2201
411 2219
389 2232
399 2255
