339 1362
339 1337
364 1334
389 1334
414 1334
439 1334
464 1334
489 1334
514 1334
539 1334
564 1334
589 1332
614 1332
639 1329
664 1329
689 1329
714 1329
739 1329
764 1329
789 1329
814 1329
839 1329
864 1329
889 1329
914 1329
939 1326
964 1327
989 1324
1014 1324
1039 1324
1064 1324
1089 1324
1114 1324
1139 1324
1164 1324
1189 1322
1214 1321
1239 1319
1264 1319
1289 1319
1314 1319
1339 1319
1364 1319
1389 1319
1414 1317
1439 1317
1464 1314
1489 1314
1514 1314
1539 1314
1564 1314
1589 1314
1614 1314
1639 1312
1664 1309
1689 1309
1714 1309
1739 1309
1764 1309
1789 1309
1814 1306
1839 1304
1864 1304
1889 1304
1914 1304
1939 1304
1964 1299
1989 1299
2014 1299
2039 1299
2064 1299
2089 1294
2114 1294
2139 1292
2164 1289
2198 1289
2181 1270
2144 1267
2117 1265
2092 1265
2067 1264
2042 1260
2017 1260
1992 1260
1967 1255
1942 1255
1917 1255
1892 1255
1867 1250
1842 1250
1817 1250
1792 1250
1767 1250
1742 1249
1717 1245
1692 1245
1667 1245
1642 1245
1617 1245
1592 1244
1567 1244
1542 1240
1517 1240
1492 1240
1467 1240
1442 1240
1417 1239
1392 1239
1367 1235
1342 1235
1317 1235
1292 1235
1267 1235
1242 1230
1217 1234
1192 1230
1167 1230
1142 1230
1117 1230
1092 1230
1067 1230
1042 1229
1017 1229
992 1225
967 1225
942 1225
917 1225
892 1225
867 1225
842 1225
817 1224
792 1224
767 1220
742 1220
717 1220
692 1220
667 1220
642 1220
617 1220
592 1219
567 1219
542 1215
517 1215
492 1215
467 1215
442 1215
417 1215
392 1215
367 1215
354 1167
364 1127
374 1092
384 1052
394 1022
404 997
414 972
424 947
434 922
444 897
456 875
469 852
481 830
504 819
529 822
554 819
579 819
604 819
629 819
654 819
679 819
704 816
729 819
754 814
779 814
804 814
829 811
854 809
879 809
904 809
929 806
954 804
979 804
1004 804
1029 802
1054 799
1079 799
1104 799
1129 797
1154 794
1179 794
1204 794
1229 789
1254 789
1279 787
1304 784
1329 784
1354 779
1379 779
1406 774
1445 769
1424 755
1399 750
1374 750
1349 750
1324 745
1299 745
1274 742
1249 740
1224 740
1199 740
1174 740
1149 740
1124 735
1099 735
1074 735
1049 735
1024 735
999 735
974 735
949 732
924 730
899 730
874 730
849 730
824 730
799 730
774 730
749 727
724 725
699 730
674 725
649 725
624 725
599 725
574 725
564 702
579 682
597 664
622 664
647 664
672 664
697 664
722 664
747 664
772 664
797 664
822 664
847 664
872 659
897 659
922 659
947 659
972 654
997 654
1022 654
1047 649
1072 649
1097 644
1122 639
1147 639
1172 634
1197 634
1221 625
1246 620
1271 619
1295 611
1320 606
1344 599
1369 594
1394 587
1421 579
1463 560
1438 560
1404 560
1379 560
1354 560
1329 560
1304 560
1279 560
1254 560
1229 560
1204 560
1179 560
1154 560
1129 560
1104 560
1079 560
1054 560
1029 560
1004 560
979 560
954 560
929 560
904 560
879 560
854 560
829 560
804 560
779 560
754 560
729 560
699 552
719 537
739 522
757 504
777 489
797 474
817 459
839 447
861 435
884 422
906 409
927 394
950 384
973 374
997 364
1021 355
1044 344
1067 334
1092 329
1116 320
1141 314
1166 309
1189 299
1214 294
1239 289
1264 287
1289 284
1314 279
1339 277
1364 274
1389 274
1414 274
1439 274
1464 274
1489 274
1514 279
1539 281
1564 284
1589 289
1614 291
1639 294
1662 304
1687 309
1712 314
1735 324
1760 329
1783 339
1806 349
1830 357
1854 366
1878 375
1902 384
1922 399
1945 409
1965 424
1988 435
2008 450
2029 464
2050 478
2070 493
2092 505
2110 523
2130 538
2148 556
2166 574
2184 592
2202 610
2220 628
2238 646
2253 666
2268 686
2285 705
2299 726
2314 746
2325 769
2340 789
2353 811
2368 831
2380 853
2390 876
2400 899
2410 922
2420 945
2430 968
2440 991
2447 1015
2455 1039
2460 1064
2470 1087
2475 1112
2483 1136
2490 1160
2492 1185
2495 1210
2500 1235
2502 1260
2505 1285
2505 1310
2505 1345
2507 1370
2497 1395
2472 1395
2447 1395
2422 1395
2397 1395
2372 1395
2347 1395
2322 1399
2297 1400
2272 1400
2247 1400
2222 1400
2197 1400
2172 1400
2147 1400
2122 1400
2097 1404
2072 1404
2047 1405
2022 1405
1997 1405
1972 1405
1947 1405
1922 1405
1897 1405
1872 1405
1847 1409
1822 1410
1797 1410
1772 1410
1747 1410
1722 1410
1697 1410
1672 1410
1647 1414
1622 1410
1597 1415
1572 1415
1547 1415
1522 1415
1497 1415
1472 1415
1438 1415
1404 1415
1370 1415
1331 1420
1289 1420
1247 1420
1205 1420
1163 1420
1138 1425
1090 1425
1065 1425
1040 1425
1015 1425
990 1425
965 1425
1114 1432
1184 1434
1226 1434
1268 1434
1310 1434
1352 1434
1387 1434
1421 1434
1455 1434
1480 1439
1505 1439
1530 1439
1555 1439
1580 1439
1605 1439
1630 1439
1655 1439
1680 1439
1705 1439
1730 1439
1755 1439
1780 1444
1805 1444
1830 1444
1855 1444
1880 1444
1905 1444
1930 1444
1955 1444
1980 1444
2005 1444
2030 1444
2055 1444
2080 1449
2105 1446
2130 1447
2155 1449
2180 1449
2205 1449
2230 1449
2255 1449
2280 1449
2305 1449
2330 1449
2355 1449
2380 1452
2405 1451
2430 1452
2455 1454
2480 1454
2505 1457
2500 1490
2495 1525
2490 1565
2485 1600
2475 1640
2465 1680
2455 1705
2445 1735
2435 1765
2425 1795
2413 1823
2394 1840
2369 1840
2344 1840
2319 1840
2294 1840
2269 1840
2244 1840
2219 1840
2194 1840
2169 1840
2144 1840
2119 1845
2094 1845
2069 1845
2044 1845
2019 1845
1994 1850
1969 1850
1944 1850
1919 1850
1894 1855
1869 1855
1844 1857
1819 1860
1794 1860
1769 1865
1744 1865
1719 1867
1694 1870
1669 1875
1644 1875
1619 1880
1576 1885
1530 1890
1554 1897
1599 1896
1636 1899
1661 1899
1686 1899
1711 1899
1736 1899
1761 1899
1786 1900
1811 1904
1836 1904
1861 1904
1886 1904
1911 1904
1936 1904
1961 1904
1986 1904
2011 1905
2036 1905
2061 1909
2086 1909
2111 1909
2136 1909
2161 1909
2186 1909
2211 1909
2236 1909
2261 1909
2286 1909
2311 1909
2336 1909
2361 1909
2355 1935
2340 1960
2325 1985
2310 2005
2292 2024
2267 2020
2242 2024
2217 2024
2192 2020
2167 2024
2142 2024
2117 2025
2092 2025
2067 2025
2042 2025
2017 2025
1992 2025
1967 2025
1942 2025
1917 2025
1892 2025
1867 2025
1842 2025
1817 2025
1792 2025
1767 2025
1742 2025
1717 2025
1692 2025
1667 2025
1642 2029
1617 2025
1592 2029
1567 2029
1539 2027
1516 2039
1551 2049
1575 2057
1599 2064
1624 2069
1649 2074
1674 2079
1699 2084
1724 2089
1749 2091
1774 2094
1799 2096
1824 2099
1849 2102
1874 2104
1899 2104
1924 2107
1949 2109
1974 2109
1999 2109
2024 2109
2049 2109
2074 2109
2099 2109
2124 2107
2149 2109
2174 2106
2199 2107
2217 2125
2197 2144
2179 2162
2160 2180
2142 2199
2124 2217
2104 2232
2085 2250
2065 2265
2045 2280
2023 2293
2000 2305
1980 2320
1958 2333
1936 2345
1914 2357
1892 2369
1869 2380
1846 2390
1822 2399
1798 2408
1776 2420
1751 2425
1726 2430
1703 2440
1678 2445
1654 2452
1630 2460
1605 2460
1580 2465
1555 2470
1530 2470
1505 2475
1480 2475
1455 2480
1430 2475
1405 2477
1380 2475
1355 2475
1330 2475
1305 2470
1280 2465
1255 2465
1230 2460
1205 2455
1180 2450
1156 2443
1132 2435
1107 2430
1084 2420
1060 2412
1036 2403
1012 2394
988 2385
965 2375
942 2364
920 2352
898 2340
876 2328
856 2313
834 2300
814 2285
794 2270
771 2259
751 2244
734 2225
714 2210
695 2193
677 2175
659 2157
641 2139
624 2120
605 2103
590 2083
575 2063
560 2043
545 2023
530 2003
515 1983
504 1960
491 1938
479 1916
466 1894
454 1872
444 1849
434 1826
424 1803
414 1780
404 1757
395 1733
389 1708
381 1684
374 1660
369 1635
364 1610
354 1587
354 1562
349 1537
349 1512
344 1487
339 1462
339 1437
339 1412
339 1387
