404 1312
404 1337
404 1362
404 1417
404 1442
404 1467
409 1492
409 1517
414 1542
419 1567
419 1592
424 1617
434 1640
439 1665
444 1690
454 1713
460 1738
469 1762
479 1785
489 1808
499 1831
511 1853
523 1875
534 1898
547 1920
559 1942
574 1962
589 1982
601 2004
616 2024
634 2042
649 2062
667 2080
684 2099
704 2115
721 2134
739 2152
757 2170
777 2185
797 2200
817 2215
837 2230
857 2245
879 2257
901 2270
924 2280
944 2295
967 2305
990 2315
1013 2325
1036 2335
1059 2345
1082 2355
1107 2360
1131 2368
1155 2375
1180 2380
1205 2385
1230 2390
1255 2392
1280 2395
1305 2400
1330 2400
1355 2405
1380 2405
1405 2405
1430 2400
1455 2400
1480 2400
1505 2395
1530 2395
1555 2390
1580 2385
1605 2380
1630 2375
1654 2367
1678 2360
1703 2353
1727 2344
1751 2335
1774 2325
1797 2314
1821 2305
1841 2290
1864 2280
1887 2269
1908 2255
1930 2240
1950 2225
1970 2210
1990 2195
2010 2180
2030 2165
2049 2147
2067 2129
2085 2110
2104 2092
2122 2074
2140 2050
2159 2032
2174 2012
2189 1992
2204 1972
2216 1950
2230 1925
2245 1900
2260 1875
2273 1853
2285 1825
2295 1800
2305 1775
2315 1750
2325 1720
2335 1690
2345 1655
2355 1610
2365 1580
2365 1555
2360 1519
2335 1519
2310 1519
2285 1519
2260 1519
2235 1519
2210 1519
2185 1519
2160 1519
2135 1519
2110 1519
2085 1519
2060 1519
2035 1519
2010 1519
1985 1519
1960 1519
1935 1519
1910 1519
1885 1519
1860 1519
1835 1519
1810 1519
1785 1519
1760 1519
1735 1519
1710 1519
1685 1519
1660 1519
1635 1519
1610 1519
1585 1519
1560 1519
1535 1519
1510 1519
1485 1519
1460 1519
1435 1519
1410 1519
1385 1519
1360 1519
1335 1519
1310 1519
1285 1519
1260 1519
1235 1519
1210 1519
1185 1519
1160 1519
1135 1519
1110 1519
1085 1519
1060 1519
1035 1519
1010 1519
985 1519
960 1519
935 1519
910 1519
885 1519
860 1519
835 1519
810 1519
785 1519
760 1519
735 1519
710 1515
710 1490
710 1465
735 1465
760 1465
785 1465
810 1465
835 1465
860 1465
885 1465
910 1465
935 1465
960 1465
985 1465
1010 1465
1035 1465
1060 1465
1085 1465
1110 1465
1135 1465
1160 1465
1185 1465
1210 1465
1235 1465
1260 1465
1285 1465
1310 1465
1335 1465
1360 1465
1385 1465
1410 1465
1435 1465
1460 1465
1485 1465
1510 1465
1535 1465
1560 1465
1585 1465
1610 1465
1635 1465
1660 1465
1685 1465
1710 1465
1735 1465
1760 1465
1785 1465
1810 1465
1835 1465
1860 1465
1885 1465
1910 1465
1935 1465
1960 1465
1985 1465
2010 1465
2035 1465
2060 1465
2085 1465
2110 1465
2135 1465
2160 1465
2185 1465
2210 1465
2235 1465
2260 1465
2285 1465
2310 1465
2335 1465
2360 1465
2380 1428
2380 1403
2380 1378
2380 1353
2380 1328
2375 1303
2370 1278
2370 1253
2365 1228
2360 1203
2355 1178
2350 1153
2345 1128
2337 1104
2330 1080
2320 1057
2314 1032
2305 1008
2293 986
2284 962
2272 940
2260 918
2248 896
2236 874
2224 852
2209 832
2195 811
2182 789
2165 770
2148 751
2133 731
2115 713
2097 695
2079 677
2061 659
2043 641
2024 624
2005 607
1985 592
1965 577
1945 562
1923 549
1902 535
1880 523
1858 511
1836 499
1814 486
1790 477
1768 465
1744 456
1720 449
1697 439
1672 434
1649 424
1624 419
1599 414
1574 409
1549 404
1524 399
1499 399
1474 394
1449 394
1424 391
1399 391
1374 392
1349 394
1324 394
1299 394
1274 399
1249 401
1224 404
1199 409
1174 414
1149 419
1126 429
1101 434
1078 444
1054 452
1030 459
1007 469
984 479
961 490
939 502
916 515
894 527
872 539
852 554
831 569
811 584
789 597
770 616
750 631
732 649
714 667
694 682
675 706
657 724
639 742
624 762
609 782
594 802
579 822
564 847
549 867
536 890
524 912
512 939
500 961
491 985
479 1007
469 1032
459 1057
449 1087
439 1122
429 1157
419 1197
414 1232
414 1257
439 1260
464 1260
489 1260
514 1260
539 1260
564 1260
589 1260
614 1260
639 1260
664 1260
689 1260
714 1260
739 1260
764 1260
789 1260
814 1260
839 1260
864 1260
889 1260
914 1260
939 1260
964 1260
989 1260
1014 1260
1039 1260
1064 1260
1089 1260
1114 1260
1139 1260
1164 1260
1189 1260
1214 1260
1239 1260
1264 1260
1289 1260
1314 1260
1339 1260
1364 1260
1389 1260
1414 1260
1439 1260
1464 1260
1489 1260
1514 1260
1539 1260
1564 1260
1589 1260
1614 1260
1639 1260
1664 1260
1689 1260
1714 1260
1739 1260
1764 1260
1789 1260
1814 1260
1839 1260
1864 1260
1889 1260
1914 1260
1939 1260
1964 1260
1989 1260
2014 1260
2039 1260
2064 1260
2089 1260
2114 1260
2119 1285
2104 1309
2079 1309
2054 1309
2029 1309
2004 1309
1979 1309
1954 1309
1929 1309
1904 1309
1879 1309
1854 1309
1829 1309
1804 1309
1779 1309
1754 1309
1729 1309
1704 1309
1679 1309
1654 1309
1629 1309
1604 1309
1579 1309
1554 1309
1529 1309
1504 1309
1479 1309
1454 1309
1429 1309
1404 1309
1379 1309
1354 1309
1329 1309
1304 1309
1279 1309
1254 1309
1229 1309
1204 1309
1179 1309
1154 1309
1129 1309
1104 1309
1079 1309
1054 1309
1029 1309
1004 1309
979 1309
954 1309
929 1309
904 1309
879 1309
854 1309
829 1309
804 1309
779 1309
754 1309
729 1309
704 1309
679 1309
654 1309
629 1309
604 1309
579 1309
554 1309
529 1309
504 1309
479 1309
454 1309
429 1309
