39 117
39 92
57 74
81 65
106 59
129 47
153 39
176 29
199 19
222 9
247 4
272 4
297 4
320 14
343 24
366 34
386 49
401 69
421 84
443 96
461 114
481 129
496 149
516 164
541 169
566 174
591 179
616 179
641 184
666 179
691 179
716 174
741 174
766 174
791 174
816 174
841 170
866 169
891 164
916 164
941 164
966 164
991 169
1014 179
1038 186
1062 194
1087 199
1112 199
1137 199
1162 199
1187 199
1212 204
1237 209
1260 219
1283 230
1304 244
1327 254
1350 264
1370 279
1390 294
1400 317
1396 360
1381 380
1361 395
1338 405
1318 420
1293 420
1268 415
1248 400
1228 385
1216 363
1199 344
1182 325
1162 309
1142 294
1115 285
1122 309
1130 333
1125 360
1135 383
1130 415
1130 455
1140 495
1155 515
1155 540
1155 565
1155 590
1165 613
1170 638
1165 675
1150 695
1140 725
1131 755
1106 760
1081 759
1069 737
1076 690
1096 674
1089 636
1076 614
1068 590
1053 570
1033 555
1013 540
990 555
994 582
984 605
964 620
957 644
948 668
935 690
920 710
905 730
883 745
859 737
839 722
824 702
842 684
862 669
879 647
884 602
874 566
859 546
846 524
838 500
818 485
795 495
770 495
745 495
722 510
700 497
675 500
653 515
628 520
603 518
580 530
555 530
545 560
525 575
525 600
530 625
520 650
510 680
503 720
480 730
465 750
451 775
426 780
401 779
380 765
355 765
332 755
314 737
324 712
334 682
344 647
354 602
354 577
354 552
359 510
349 487
344 462
329 442
324 410
314 387
294 372
269 375
266 350
244 337
224 322
219 297
219 263
211 239
203 215
180 205
155 200
131 193
109 180
84 177
66 159
49 140
