35 1261
46 1284
60 1305
67 1329
92 1330
108 1350
133 1355
153 1370
176 1380
201 1380
226 1375
249 1365
274 1362
296 1350
308 1328
330 1315
355 1310
378 1298
402 1289
417 1269
435 1250
454 1232
479 1230
504 1230
527 1240
550 1251
572 1264
587 1284
590 1309
606 1329
610 1354
626 1374
651 1380
670 1397
679 1421
690 1444
704 1465
719 1485
734 1505
750 1525
770 1540
791 1554
814 1565
821 1589
841 1605
855 1626
866 1649
889 1660
896 1684
915 1701
935 1716
935 1741
933 1769
910 1781
920 1804
910 1831
910 1856
920 1879
920 1904
936 1924
955 1941
976 1955
986 1978
1008 1990
1026 2008
1044 2026
1053 2050
1071 2068
1086 2088
1105 2105
1126 2119
1149 2130
1172 2140
1193 2154
1216 2165
1239 2155
1264 2155
1285 2140
1280 2105
1284 2076
1270 2055
1261 2025
1255 2000
1240 1980
1270 1980
1280 2003
1286 2028
1304 2046
1305 2101
1315 2141
1319 2166
1325 2191
1333 2215
1350 2234
1360 2257
1370 2280
1377 2304
1380 2329
1390 2352
1399 2376
1405 2421
1405 2446
1395 2481
1380 2521
1391 2544
1405 2565
1419 2586
1443 2593
1455 2565
1478 2555
1500 2540
1500 2515
1513 2493
1522 2469
1544 2457
1556 2435
1570 2413
1555 2393
1545 2370
1545 2345
1545 2320
1545 2280
1545 2255
1558 2233
1570 2193
1565 2168
1555 2145
1560 2115
1545 2095
1555 2060
1560 2025
1545 2005
1560 1975
1545 1955
1560 1923
1548 1901
1530 1883
1520 1860
1520 1835
1520 1803
1510 1780
1533 1768
1545 1745
1568 1733
1585 1710
1610 1705
1630 1690
1653 1680
1678 1680
1700 1665
1715 1643
1705 1620
1728 1608
1745 1627
1770 1625
1793 1613
1775 1595
1802 1589
1820 1555
1843 1545
1866 1535
1880 1505
1905 1505
1928 1493
1953 1490
1976 1480
1996 1465
2018 1453
2040 1440
2063 1428
2081 1410
2099 1392
2124 1390
2149 1387
2170 1401
2192 1414
2200 1438
2225 1440
2245 1455
2270 1461
2295 1461
2320 1465
2345 1466
2366 1480
2389 1490
2414 1490
2429 1510
2454 1515
2479 1515
2499 1530
2524 1535
2546 1548
2571 1553
2593 1565
2611 1583
2623 1605
2626 1640
2620 1665
2600 1681
2600 1706
2590 1731
2607 1750
2628 1764
2653 1763
2671 1745
2694 1755
2713 1738
2735 1725
2740 1695
2750 1653
2740 1630
2755 1590
2765 1555
2788 1543
2800 1505
2810 1468
2800 1445
2797 1420
2779 1402
2757 1390
2734 1380
2709 1376
2686 1365
2664 1352
2645 1335
2625 1320
2648 1309
2673 1315
2698 1315
2718 1330
2743 1330
2768 1330
2788 1345
2811 1355
2834 1365
2859 1365
2882 1355
2904 1342
2929 1340
2949 1355
2972 1344
2997 1340
3022 1340
3047 1340
3071 1333
3094 1322
3119 1322
3143 1330
3168 1330
3188 1345
3210 1357
3220 1380
3241 1394
3264 1405
3285 1390
3308 1378
3330 1365
3349 1347
3340 1322
3340 1297
3330 1274
3319 1251
3296 1240
3290 1215
3287 1190
3269 1172
3245 1165
3220 1160
3195 1160
3170 1161
3148 1174
3128 1159
3103 1155
3078 1150
3055 1140
3040 1120
3036 1095
3020 1075
3018 1045
2993 1040
2970 1030
2990 1015
2980 985
2957 975
2942 955
2920 943
2900 928
2882 910
2865 891
2864 866
2839 866
2829 843
2820 819
2803 800
2783 784
2760 796
2735 800
2720 780
2720 755
2740 740
2732 710
2720 688
2710 665
2697 625
2672 620
2647 620
2622 615
2597 610
2577 595
2557 580
2532 575
2507 575
2490 556
2476 535
2454 523
2436 505
2430 480
2449 462
2445 428
2440 403
2430 380
2430 355
2440 320
2430 297
2430 272
2430 247
2420 224
2411 200
2395 180
2384 157
2360 150
2346 129
2321 125
2299 138
2280 156
2270 191
2278 219
2263 239
2250 261
2235 281
2219 323
2200 341
2200 366
2194 403
2175 421
2167 460
2142 465
2117 465
2094 475
2074 490
2049 493
2026 505
2004 518
1981 530
1963 549
1940 561
1918 574
1893 579
1870 591
1846 600
1821 605
1799 618
1780 636
1758 649
1735 661
1713 674
1688 680
1665 690
1642 700
1624 718
1599 725
1574 725
1551 735
1529 748
1504 748
1482 760
1462 775
1437 775
1412 780
1387 780
1362 780
1339 790
1314 790
1291 780
1268 790
1243 785
1220 775
1197 785
1174 775
1149 775
1124 773
1099 775
1074 775
1053 789
1028 795
1003 800
980 789
972 765
947 760
925 748
903 735
888 715
865 704
858 680
834 673
816 655
795 641
776 624
754 612
732 600
707 600
682 595
657 595
635 583
610 583
586 575
561 575
536 575
514 563
489 562
467 550
444 560
419 565
398 579
375 591
353 604
330 616
323 640
300 650
280 666
258 694
245 716
230 740
210 756
194 788
175 806
165 831
165 856
165 881
165 916
150 936
161 959
150 986
149 1023
130 1041
115 1071
103 1109
88 1129
75 1151
60 1171
60 1196
38 1209
25 1231
