69 797
69 772
74 747
86 725
101 705
124 694
129 657
124 632
119 607
114 582
114 557
109 532
109 507
104 482
104 457
104 432
104 407
104 382
114 352
129 327
139 302
154 282
169 257
187 239
205 221
225 206
247 194
270 184
293 174
317 164
342 164
364 152
388 144
411 134
434 124
456 110
481 104
504 94
529 89
554 89
579 89
604 94
629 99
653 106
675 119
694 136
705 159
730 159
755 159
780 164
800 179
823 190
840 209
863 219
883 235
900 254
910 277
925 297
930 322
935 347
940 372
940 397
940 422
940 447
940 472
940 497
940 522
940 547
945 572
945 597
945 622
945 647
945 672
963 690
975 712
985 735
990 760
990 785
990 810
985 855
975 880
965 920
951 950
933 968
913 983
898 1003
885 1025
885 1050
880 1090
875 1115
866 1145
851 1165
839 1187
820 1205
820 1230
820 1255
810 1280
810 1305
800 1340
790 1370
780 1395
768 1428
753 1448
733 1465
710 1475
690 1490
670 1505
650 1520
628 1533
609 1550
586 1560
566 1575
542 1584
517 1590
492 1585
469 1575
446 1565
423 1555
401 1543
383 1525
365 1507
347 1489
329 1471
311 1453
299 1431
289 1408
279 1385
269 1362
254 1342
254 1317
259 1292
264 1258
264 1233
264 1208
264 1183
264 1158
264 1133
259 1108
244 1088
234 1065
219 1045
203 1025
180 1015
160 1000
146 979
134 957
124 934
110 913
95 893
84 870
74 847
69 822
