254 832
249 807
264 782
288 775
310 787
304 747
299 722
294 697
294 672
294 647
294 622
294 597
294 572
294 547
294 522
304 477
309 452
314 422
324 397
324 372
334 347
346 325
359 297
374 277
389 257
404 232
419 212
439 197
457 179
477 164
499 152
521 140
544 127
568 119
593 114
618 114
643 114
668 109
693 109
718 114
743 119
768 124
791 134
811 149
831 164
851 179
874 169
899 169
924 174
947 184
967 199
989 211
1007 229
1025 247
1037 269
1052 289
1060 313
1072 335
1084 357
1093 381
1100 405
1100 430
1100 455
1100 480
1100 505
1100 530
1100 555
1102 580
1105 605
1105 630
1105 655
1110 680
1117 704
1142 704
1150 740
1145 770
1140 805
1140 830
1140 855
1140 880
1135 905
1130 940
1123 968
1110 990
1090 1010
1065 1010
1065 1035
1060 1065
1055 1090
1050 1115
1035 1145
1020 1175
1010 1200
1010 1225
1010 1250
1010 1275
1005 1315
995 1350
985 1375
971 1400
959 1422
944 1442
929 1462
914 1482
895 1500
875 1515
859 1535
836 1545
816 1560
794 1572
770 1580
746 1590
723 1600
698 1600
678 1585
656 1573
636 1558
616 1543
594 1530
575 1513
557 1495
537 1480
519 1462
501 1444
484 1425
469 1405
459 1382
454 1357
454 1332
454 1307
459 1282
448 1250
433 1230
415 1212
403 1190
389 1169
384 1144
384 1119
384 1094
382 1069
361 1055
341 1039
326 1019
314 997
304 974
297 950
289 926
279 903
269 880
264 855
