249 807
254 832
264 855
269 880
279 903
289 926
297 950
304 974
314 997
326 1019
341 1039
361 1055
382 1069
384 1094
384 1119
384 1144
389 1169
403 1190
415 1212
433 1230
448 1250
459 1282
454 1307
454 1332
454 1357
459 1382
469 1405
484 1425
501 1444
519 1462
537 1480
557 1495
575 1513
594 1530
616 1543
636 1558
656 1573
678 1585
698 1600
723 1600
746 1590
770 1580
794 1572
816 1560
836 1545
859 1535
875 1515
895 1500
914 1482
929 1462
944 1442
959 1422
971 1400
985 1375
995 1350
1005 1315
1010 1275
1010 1250
1010 1225
1010 1200
1020 1175
1035 1145
1050 1115
1055 1090
1060 1065
1065 1020
1090 1015
1110 1000
1123 978
1135 950
1145 925
1150 895
1150 870
1150 845
1155 815
1165 780
1170 741
1165 716
1152 694
1127 694
1110 675
1115 640
1120 610
1125 580
1125 555
1125 530
1130 485
1130 460
1130 435
1125 410
1125 385
1122 360
1113 336
1105 312
1090 292
1085 267
1070 247
1052 229
1037 209
1015 197
995 182
973 169
950 159
925 154
900 154
877 164
854 174
831 164
811 149
791 134
768 124
743 119
718 114
693 109
668 109
643 114
618 114
593 114
568 119
544 127
521 140
499 152
477 164
457 179
439 197
419 212
404 232
389 257
374 277
359 297
346 325
334 347
324 372
324 397
314 422
309 452
304 477
294 522
294 547
294 572
294 597
294 622
294 647
294 672
294 697
291 745
267 754
249 772
