4 372
9 397
24 417
34 440
44 463
60 483
85 485
110 480
133 470
156 460
179 450
204 445
228 438
252 429
276 420
301 415
326 410
351 410
376 410
401 410
426 410
392 434
379 477
391 499
409 517
429 532
453 540
478 545
502 554
527 550
552 550
577 550
602 550
627 545
650 535
675 530
699 522
719 507
737 489
750 465
775 470
792 489
817 490
832 510
857 510
872 530
895 520
920 525
945 530
970 532
992 520
1017 515
1012 544
994 562
1013 579
997 599
979 617
1009 622
1031 610
1046 590
1060 560
1070 535
1080 500
1100 485
1113 463
1137 454
1162 450
1187 450
1212 445
1237 445
1262 439
1286 430
1311 430
1336 425
1361 425
1384 415
1407 404
1415 366
1402 344
1390 322
1378 300
1358 285
1340 267
1315 264
1304 241
1285 224
1265 209
1243 196
1220 186
1195 186
1182 164
1157 159
1132 154
1109 144
1089 159
1065 150
1058 126
1045 104
1037 80
1025 58
1010 38
998 16
975 6
951 14
929 27
904 32
882 44
862 59
844 77
834 102
824 157
829 187
805 199
785 184
765 168
744 154
723 140
703 125
678 124
653 124
628 124
603 120
578 124
553 124
528 129
505 139
480 144
457 154
434 164
411 175
390 189
367 199
352 219
334 237
324 262
334 285
359 290
404 300
383 314
358 319
333 319
308 324
283 329
258 324
234 316
210 309
185 304
162 294
137 289
113 280
88 279
63 274
38 269
14 277
9 317
4 347
