4 287
4 262
14 227
26 205
46 190
69 179
94 184
119 186
144 191
168 199
193 204
218 210
242 219
267 224
292 229
317 220
299 202
319 187
339 172
359 152
377 134
397 119
421 110
446 109
470 117
494 124
518 131
542 139
565 149
588 159
610 172
630 156
649 139
669 122
691 110
714 97
738 89
760 76
784 67
808 59
831 49
855 41
879 34
902 24
927 19
951 10
976 4
994 22
1010 42
1025 62
1035 85
1052 104
1067 124
1087 139
1112 134
1114 107
1139 104
1154 82
1174 97
1199 92
1223 100
1225 125
1225 150
1248 160
1272 169
1297 169
1320 179
1343 189
1363 205
1380 224
1399 241
1415 261
1415 300
1405 325
1383 340
1358 335
1333 338
1308 345
1283 350
1258 355
1234 362
1210 370
1200 405
1187 434
1177 459
1162 479
1142 494
1099 507
1117 489
1132 469
1150 451
1162 429
1174 402
1173 375
1150 385
1130 400
1108 413
1084 420
1059 425
1034 425
1009 420
984 420
959 415
934 412
916 430
896 445
871 450
846 450
821 455
796 455
771 453
746 450
721 450
696 450
671 450
646 450
621 445
596 440
571 435
546 430
521 428
497 420
472 415
447 410
422 405
397 400
374 390
350 382
326 373
302 365
284 347
296 325
262 325
237 330
214 340
189 345
164 350
139 350
114 355
89 355
64 355
41 345
19 332
4 312
