279 1662
274 1687
284 1710
299 1730
314 1750
331 1769
355 1777
379 1785
402 1795
424 1807
448 1815
473 1820
496 1830
521 1835
546 1840
569 1850
589 1865
614 1870
639 1872
663 1880
688 1880
711 1890
735 1897
760 1897
785 1902
810 1905
835 1905
860 1905
885 1910
910 1912
934 1920
959 1925
982 1935
1007 1935
1030 1945
1055 1945
1080 1945
1103 1935
1128 1940
1153 1940
1178 1940
1203 1945
1228 1950
1253 1950
1273 1965
1298 1960
1323 1963
1348 1960
1370 1972
1392 1985
1417 1990
1442 1985
1467 1990
1492 1994
1517 1995
1542 1995
1567 1999
1592 1999
1616 1990
1641 1985
1666 1983
1691 1980
1715 1970
1739 1962
1763 1955
1785 1940
1798 1918
1803 1893
1827 1885
1850 1875
1873 1863
1893 1848
1908 1828
1928 1813
1943 1793
1963 1778
1980 1755
1993 1733
2011 1715
2023 1693
2035 1670
2055 1655
2070 1635
2085 1610
2095 1580
2110 1560
2123 1538
2140 1510
2153 1488
2160 1460
2175 1440
2185 1405
2200 1380
2205 1345
2220 1305
2240 1290
2245 1265
2265 1250
2270 1210
2283 1188
2295 1150
2315 1135
2338 1125
2363 1125
2388 1125
2413 1130
2438 1125
2463 1130
2488 1135
2513 1135
2537 1144
2562 1145
2587 1150
2612 1150
2637 1155
2660 1165
2685 1165
2710 1165
2735 1165
2760 1160
2785 1165
2810 1165
2835 1165
2859 1157
2874 1137
2865 1090
2860 1065
2857 1030
2855 1005
2850 980
2870 960
2870 913
2860 890
2853 866
2845 842
2835 819
2827 795
2820 771
2810 748
2805 723
2785 708
2773 686
2765 662
2755 639
2740 619
2730 596
2725 571
2715 548
2698 529
2673 529
2649 537
2626 549
2601 555
2579 567
2561 585
2537 594
2519 612
2504 632
2481 645
2457 654
2439 672
2420 696
2402 714
2382 729
2364 747
2343 764
2319 772
2299 787
2274 789
2250 782
2240 759
2220 743
2198 731
2179 714
2156 704
2134 691
2112 679
2092 664
2072 649
2054 631
2030 623
2013 604
1989 596
1969 581
1945 574
1925 559
1900 554
1880 539
1857 529
1837 514
1817 499
1797 484
1772 479
1752 464
1729 454
1704 449
1680 442
1656 434
1633 424
1608 419
1584 412
1560 419
1535 419
1512 409
1489 419
1465 426
1441 435
1417 444
1399 462
1379 477
1360 494
1337 504
1312 509
1290 521
1270 536
1246 544
1221 550
1212 574
1190 586
1178 609
1155 619
1132 629
1110 641
1092 659
1070 671
1051 689
1029 702
1010 721
992 739
977 759
955 771
937 789
916 804
891 810
867 819
847 834
824 844
801 854
779 867
762 889
747 909
729 927
714 947
699 977
694 1002
681 1025
676 1050
664 1072
654 1097
635 1116
617 1134
599 1152
586 1174
566 1190
554 1212
544 1242
529 1262
514 1287
497 1309
482 1329
464 1347
449 1367
431 1385
416 1405
401 1425
392 1449
374 1467
359 1487
339 1507
324 1532
309 1552
299 1582
304 1607
294 1642
