964 527
964 502
969 477
969 452
974 412
979 372
984 342
989 317
989 292
989 267
989 242
989 217
1001 195
1019 177
1043 169
1068 175
1083 195
1085 220
1085 245
1085 270
1080 300
1075 335
1075 360
1075 385
1075 410
1070 450
1070 475
1065 510
1065 535
1065 560
1065 585
1065 610
1065 635
1070 660
1075 685
1085 708
1100 728
1118 746
1138 761
1158 776
1169 752
1164 727
1164 702
1164 677
1164 652
1159 627
1159 602
1159 577
1159 552
1159 527
1159 502
1159 477
1159 452
1159 427
1154 402
1154 377
1154 352
1149 327
1149 302
1154 272
1159 237
1164 212
1174 182
1194 167
1218 159
1243 159
1260 178
1265 203
1265 228
1270 253
1275 278
1275 303
1275 328
1270 365
1265 390
1265 415
1260 455
1260 480
1260 505
1260 530
1260 555
1260 580
1260 605
1260 630
1265 655
1272 679
1275 704
1275 729
1294 657
1304 617
1309 592
1319 547
1329 512
1334 487
1339 457
1344 432
1349 397
1354 372
1354 347
1359 302
1359 277
1364 252
1369 222
1374 197
1384 167
1399 147
1421 135
1446 134
1466 149
1475 173
1470 215
1465 245
1460 275
1455 300
1445 330
1440 360
1440 385
1435 410
1430 455
1430 480
1425 515
1420 555
1415 585
1405 625
1395 665
1385 695
1375 730
1382 754
1407 754
1425 736
1440 716
1452 694
1461 670
1469 642
1479 617
1484 592
1494 567
1504 527
1509 492
1509 467
1509 442
1509 417
1509 392
1514 357
1514 332
1519 292
1519 267
1531 245
1544 212
1556 190
1576 175
1596 160
1621 154
1645 162
1655 200
1645 245
1635 275
1630 310
1625 340
1620 365
1625 390
1625 415
1625 440
1620 480
1615 515
1605 540
1598 573
1593 598
1580 620
1572 644
1563 668
1550 690
1541 715
1529 737
1514 757
1499 777
1484 797
1464 812
1440 820
1445 845
1445 870
1445 895
1445 920
1445 945
1445 970
1440 1010
1440 1035
1435 1080
1435 1105
1435 1130
1430 1165
1430 1190
1430 1215
1430 1240
1430 1265
1430 1290
1430 1315
1430 1340
1430 1365
1425 1390
1420 1435
1415 1470
1410 1500
1405 1540
1400 1575
1400 1600
1395 1630
1395 1655
1390 1685
1385 1720
1380 1745
1375 1775
1365 1810
1357 1839
1348 1863
1335 1885
1325 1920
1320 1945
1315 1975
1315 2000
1305 2025
1293 2053
1273 2070
1248 2075
1224 2067
1202 2080
1177 2080
1152 2080
1127 2075
1104 2065
1089 2045
1079 2022
1079 1997
1074 1972
1074 1947
1069 1922
1069 1897
1069 1872
1069 1847
1069 1822
1069 1797
1069 1772
1069 1747
1069 1722
1069 1697
1069 1672
1069 1647
1069 1622
1069 1597
1074 1567
1084 1527
1089 1502
1094 1467
1094 1442
1094 1417
1099 1372
1104 1347
1104 1322
1109 1292
1109 1267
1109 1242
1114 1198
1114 1173
1114 1148
1114 1123
1114 1098
1114 1073
1114 1048
1114 1023
1114 998
1114 973
1114 948
1109 923
1105 898
1099 873
1088 850
1074 829
1060 808
1049 785
1034 765
1024 742
1012 720
1004 696
994 673
984 650
974 627
969 602
964 577
964 552
