414 1017
414 992
426 970
441 950
459 932
481 920
501 905
521 889
541 874
561 859
582 844
607 839
619 817
637 799
660 789
683 779
706 769
730 761
754 754
779 747
804 744
829 744
854 744
869 717
879 677
889 645
889 620
889 595
874 575
851 565
826 560
801 560
779 547
801 534
826 529
851 524
876 524
889 492
889 467
884 442
879 417
897 399
922 394
940 412
945 437
953 461
955 486
960 511
982 524
1007 524
1032 529
1057 529
1051 560
1028 570
1003 575
980 585
960 600
960 625
965 650
965 675
967 700
970 725
977 749
1002 749
1027 749
1052 754
1077 759
1102 759
1124 771
1148 779
1173 780
1198 784
1223 790
1235 812
1240 837
1264 846
1286 859
1306 874
1326 889
1348 901
1372 909
1392 924
1412 939
1425 961
1435 984
1437 1014
1423 1035
1402 1049
1378 1058
1356 1070
1338 1088
1318 1103
1298 1118
1276 1130
1256 1145
1233 1155
1210 1165
1188 1178
1164 1185
1139 1190
1114 1192
1089 1195
1064 1195
1039 1195
1014 1195
989 1195
964 1195
939 1195
914 1195
889 1195
864 1195
839 1195
814 1195
789 1190
764 1190
739 1185
714 1180
689 1180
664 1175
641 1165
616 1160
591 1155
566 1150
541 1150
518 1140
493 1135
471 1123
453 1105
434 1088
424 1065
414 1042
