414 947
409 922
427 904
450 894
467 874
485 856
507 844
529 832
551 820
575 811
594 787
616 775
639 764
661 750
685 741
707 729
732 724
755 714
780 711
805 709
830 709
844 682
854 647
854 622
859 590
844 570
819 565
796 555
776 539
764 517
784 502
809 499
834 499
859 499
864 457
864 432
864 407
864 382
864 357
886 344
911 344
933 356
945 378
945 403
945 428
945 453
945 478
965 494
990 499
1015 504
1040 504
1064 511
1043 535
1020 545
998 558
974 567
955 585
955 610
955 635
950 675
950 700
975 704
1000 707
1025 709
1050 714
1075 719
1100 719
1125 724
1149 731
1171 744
1191 759
1211 774
1226 794
1235 818
1258 829
1280 842
1300 857
1315 877
1335 892
1353 910
1373 925
1390 944
1405 964
1399 1012
1379 1027
1359 1042
1337 1054
1314 1065
1291 1075
1271 1090
1251 1105
1227 1114
1204 1125
1181 1135
1156 1140
1131 1145
1106 1150
1081 1155
1056 1155
1031 1155
1006 1155
981 1155
956 1155
931 1155
906 1155
881 1155
856 1155
831 1155
806 1155
781 1155
756 1155
731 1153
707 1145
682 1140
659 1130
636 1120
613 1110
589 1102
567 1090
545 1077
523 1065
500 1055
476 1048
452 1040
440 1018
429 995
419 972
