419 1012
419 987
431 965
446 945
464 927
488 919
506 900
529 887
553 879
578 874
599 857
609 827
627 809
639 787
661 775
686 774
711 769
736 769
761 765
784 754
809 749
834 744
859 739
876 720
889 692
899 660
899 635
899 610
899 585
884 565
859 565
834 565
809 562
807 529
830 519
855 519
880 519
905 519
909 475
899 452
894 427
916 414
941 409
955 430
955 455
955 480
960 505
977 524
1002 524
1027 524
1052 519
1077 524
1061 545
1037 554
1012 559
988 568
965 580
965 605
970 630
970 655
975 680
977 705
980 730
980 755
1001 769
1026 774
1049 784
1074 784
1098 791
1123 794
1148 799
1173 799
1198 799
1223 799
1245 812
1257 834
1265 858
1279 879
1304 884
1328 891
1348 906
1370 918
1390 933
1408 951
1428 966
1425 1015
1410 1040
1388 1053
1364 1062
1342 1074
1319 1085
1296 1095
1278 1113
1254 1122
1229 1127
1205 1135
1181 1145
1158 1155
1133 1160
1108 1165
1083 1165
1058 1165
1033 1165
1008 1165
983 1160
958 1160
933 1160
908 1160
883 1160
858 1160
833 1160
808 1155
783 1150
758 1145
734 1137
710 1130
685 1125
662 1115
640 1102
620 1087
596 1080
571 1078
546 1075
521 1070
496 1070
471 1065
449 1052
431 1034
