170 396
170 371
180 341
190 316
203 294
221 275
240 256
260 241
283 229
305 216
330 210
355 210
380 210
405 210
430 215
455 215
480 220
505 225
530 230
555 230
580 233
605 238
630 240
655 245
678 255
700 268
720 283
740 298
755 318
759 343
769 366
770 391
773 416
775 441
775 466
775 491
765 520
755 550
744 577
725 595
709 617
690 635
668 650
645 660
620 665
620 690
620 715
639 732
664 736
689 740
714 746
738 755
763 755
788 760
813 765
838 770
863 775
888 780
913 780
938 785
963 785
988 790
1013 790
1038 795
1063 795
1088 800
1113 805
1138 810
1163 810
1188 815
1213 815
1238 820
1263 825
1288 830
1313 835
1338 840
1361 850
1386 855
1411 860
1436 865
1461 869
1486 875
1511 880
1536 885
1561 890
1586 890
1611 895
1636 900
1661 905
1686 910
1711 915
1736 915
1761 919
1786 925
1811 925
1836 930
1860 938
1885 940
1910 945
1935 950
1960 953
1984 960
2009 961
2033 970
2058 975
2083 980
2108 985
2133 990
2158 990
2183 995
2208 1000
2233 1005
2258 1010
2283 1015
2308 1020
2333 1025
2358 1030
2383 1035
2408 1040
2433 1040
2458 1045
2483 1050
2508 1055
2533 1060
2558 1060
2583 1065
2608 1070
2633 1075
2658 1080
2683 1080
2708 1085
2733 1090
2758 1090
2783 1095
2808 1100
2833 1105
2858 1110
2883 1115
2908 1115
2933 1120
2958 1125
2981 1135
3006 1139
3031 1145
3056 1150
3081 1155
3106 1160
3131 1165
3155 1173
3179 1180
3204 1185
3229 1185
3254 1191
3279 1195
3304 1201
3329 1206
3353 1215
3378 1220
3403 1225
3428 1230
3453 1230
3475 1243
3493 1261
3511 1279
3515 1304
3500 1325
3500 1350
3500 1375
3493 1408
3484 1432
3466 1450
3448 1468
3423 1470
3398 1470
3373 1470
3348 1464
3324 1455
3299 1450
3274 1445
3249 1440
3224 1440
3199 1435
3174 1435
3150 1426
3125 1421
3100 1420
3076 1413
3052 1405
3027 1400
3002 1395
2977 1390
2952 1385
2927 1380
2902 1380
2877 1375
2852 1375
2827 1370
2802 1365
2777 1360
2752 1355
2727 1354
2702 1350
2677 1345
2652 1340
2627 1335
2602 1330
2577 1325
2552 1325
2527 1320
2502 1315
2477 1314
2453 1305
2428 1300
2403 1295
2378 1290
2353 1285
2328 1280
2303 1275
2278 1270
2253 1269
2228 1265
2203 1260
2178 1260
2153 1254
2129 1245
2104 1245
2079 1245
2054 1245
2034 1230
2009 1230
1984 1230
1964 1215
1939 1215
1914 1210
1889 1210
1864 1205
1840 1196
1815 1191
1790 1187
1766 1180
1741 1178
1717 1170
1692 1169
1668 1160
1643 1159
1618 1155
1593 1155
1570 1145
1545 1140
1520 1140
1495 1137
1473 1125
1448 1125
1423 1124
1402 1110
1377 1110
1352 1110
1327 1105
1302 1100
1277 1100
1252 1100
1227 1095
1202 1094
1177 1090
1152 1085
1127 1080
1102 1080
1077 1075
1052 1070
1027 1065
1002 1064
977 1059
952 1055
927 1050
904 1040
879 1035
855 1026
830 1020
805 1020
780 1020
760 1005
735 1000
710 995
685 990
660 985
635 980
610 980
585 975
580 1000
570 1030
571 1055
580 1079
585 1104
590 1129
595 1154
604 1178
610 1203
615 1228
625 1251
635 1274
640 1299
649 1323
661 1345
670 1369
677 1404
659 1422
640 1440
615 1440
590 1435
566 1428
542 1419
520 1406
500 1391
477 1380
454 1370
435 1353
417 1335
400 1316
381 1299
364 1280
350 1259
336 1238
321 1218
303 1200
285 1182
270 1162
255 1142
237 1124
225 1102
210 1082
200 1059
190 1036
185 1011
185 986
185 961
185 936
190 901
190 876
190 851
195 821
200 796
200 771
210 736
215 691
215 666
220 641
225 606
230 578
223 554
205 536
186 519
175 496
175 471
175 446
170 421
