119 1032
119 1007
139 992
139 967
139 942
139 917
139 892
139 867
144 842
156 820
165 796
179 772
194 752
206 730
221 710
239 692
259 677
283 669
303 654
326 644
349 634
374 629
365 655
355 690
355 715
345 740
340 770
335 810
335 835
342 859
367 859
392 859
417 859
442 859
467 859
492 859
517 859
542 859
567 859
592 859
617 859
642 859
667 859
692 859
717 859
742 859
767 859
792 859
817 859
842 859
867 859
892 859
917 859
942 859
967 859
980 881
980 906
980 931
980 956
965 980
940 980
915 980
890 980
865 980
840 980
815 980
790 980
765 980
740 980
715 980
690 980
665 980
640 980
615 980
590 980
565 980
540 980
515 980
490 980
465 980
440 980
415 980
390 980
365 980
340 980
347 1004
360 1026
360 1051
360 1076
360 1101
344 1135
319 1135
294 1135
269 1135
244 1135
219 1135
194 1135
169 1135
144 1135
119 1132
119 1107
119 1082
119 1057
