789 1062
789 1037
794 1007
799 982
809 947
819 922
829 897
841 875
854 852
869 832
884 812
899 792
917 774
935 756
955 741
972 720
949 710
926 700
904 687
886 669
874 647
874 622
886 600
904 582
926 569
949 557
973 549
996 539
1020 531
1044 524
1069 519
1094 514
1119 509
1144 509
1169 504
1194 504
1219 499
1244 499
1269 499
1294 499
1319 499
1344 499
1369 504
1394 504
1419 504
1444 509
1469 514
1494 519
1519 524
1544 529
1569 534
1592 544
1615 554
1638 564
1660 577
1680 592
1695 612
1695 650
1681 675
1661 690
1641 705
1618 715
1595 725
1612 744
1632 759
1650 777
1668 795
1683 815
1698 835
1710 857
1725 877
1735 900
1745 923
1754 947
1760 972
1765 997
1770 1022
1775 1047
1775 1072
1775 1097
1770 1130
1765 1160
1755 1205
1747 1234
1738 1258
1725 1280
1725 1305
1720 1340
1720 1365
1715 1400
1710 1440
1705 1470
1700 1495
1690 1540
1680 1580
1670 1615
1660 1645
1652 1669
1643 1693
1630 1715
1620 1740
1608 1763
1596 1785
1584 1807
1569 1827
1554 1847
1539 1867
1520 1885
1539 1902
1557 1920
1562 1949
1544 1967
1522 1980
1499 1990
1476 2000
1451 2005
1426 2010
1401 2015
1376 2015
1351 2020
1326 2020
1301 2020
1276 2020
1251 2020
1226 2020
1201 2015
1176 2015
1151 2010
1126 2005
1101 2000
1078 1990
1054 1982
1032 1970
1014 1952
1009 1927
1027 1909
1045 1887
1027 1869
1012 1849
997 1829
982 1809
970 1787
958 1765
944 1744
934 1721
924 1698
914 1675
904 1652
896 1628
889 1604
882 1580
874 1556
869 1531
864 1506
859 1481
854 1456
849 1431
849 1406
844 1381
844 1356
839 1331
839 1306
839 1281
826 1259
819 1235
809 1212
804 1187
799 1162
794 1137
789 1112
789 1087
