274 522
274 547
274 572
274 597
274 622
274 647
269 687
279 710
296 729
311 749
334 760
354 775
377 785
401 793
425 800
448 810
472 819
497 825
522 830
545 840
570 845
595 845
619 852
643 859
668 855
690 867
715 870
740 875
765 870
790 875
815 875
838 885
863 890
888 895
913 895
938 895
963 895
988 900
1013 893
1033 878
1048 858
1063 838
1075 810
1085 785
1100 765
1120 750
1143 740
1168 735
1190 720
1203 698
1221 680
1241 665
1261 650
1284 640
1309 635
1332 645
1352 660
1377 659
1402 655
1427 659
1452 655
1472 640
1495 630
1520 632
1542 644
1565 655
1590 650
1615 650
1639 657
1664 660
1687 650
1712 644
1734 632
1754 617
1769 597
1781 575
1799 557
1794 526
1775 509
1752 499
1727 494
1702 489
1677 489
1652 489
1627 489
1602 489
1577 489
1552 489
1527 489
1502 489
1477 489
1452 489
1427 489
1402 489
1377 489
1352 489
1327 489
1302 489
1277 489
1252 489
1227 489
1202 489
1177 489
1153 481
1135 463
1114 449
1095 432
1085 409
1075 386
1062 364
1050 342
1038 320
1023 300
1003 285
978 279
953 274
928 274
903 274
878 274
853 274
828 279
803 279
778 279
753 284
728 289
703 294
678 299
653 299
629 307
604 312
579 319
554 324
530 331
506 339
484 352
464 369
440 376
415 381
391 390
369 402
349 417
325 426
307 444
289 462
279 487
