319 662
324 687
319 712
319 737
324 762
324 787
324 817
324 842
334 865
339 890
339 915
356 934
379 945
399 960
422 970
445 980
468 990
491 1000
514 1010
537 1020
561 1028
585 1035
610 1040
635 1040
660 1040
685 1040
710 1040
734 1032
758 1025
783 1020
805 1005
825 990
840 960
853 938
862 914
870 885
880 860
895 840
915 825
939 817
964 815
989 810
1014 810
1039 815
1064 815
1087 804
1109 792
1134 790
1159 785
1184 785
1208 778
1232 770
1257 770
1282 765
1305 755
1325 740
1349 747
1361 769
1386 775
1411 775
1436 775
1460 782
1485 787
1510 792
1535 795
1560 790
1585 790
1610 795
1634 787
1656 775
1681 775
1706 780
1731 780
1756 785
1781 780
1806 780
1830 770
1850 755
1865 730
1884 712
1893 688
1905 652
1905 627
1890 607
1872 589
1850 577
1826 569
1801 564
1776 564
1751 559
1726 559
1701 559
1676 559
1651 559
1626 559
1601 559
1576 554
1551 554
1526 554
1501 554
1476 554
1451 554
1426 549
1401 549
1376 549
1351 549
1326 549
1301 549
1276 549
1251 549
1226 549
1201 549
1176 544
1151 544
1126 544
1101 544
1076 544
1051 539
1026 539
1001 534
976 529
958 511
945 489
930 469
922 445
914 421
902 399
890 377
878 355
860 337
838 325
813 319
788 314
764 322
740 329
715 324
690 329
665 331
641 339
616 339
591 344
566 344
541 344
516 344
491 349
466 355
442 364
418 374
393 379
369 387
354 407
344 432
334 462
339 487
329 512
324 542
319 567
324 592
324 617
