189 612
189 587
194 547
204 512
204 487
214 457
224 432
236 410
249 387
264 367
282 349
300 331
319 314
341 300
361 285
384 274
407 264
432 259
456 250
481 249
506 244
531 244
556 244
581 249
606 254
630 262
654 271
676 284
698 296
718 311
738 326
756 344
771 364
786 384
795 408
807 430
822 450
842 465
867 469
892 469
917 469
942 464
967 464
992 464
1017 464
1042 464
1067 464
1092 464
1117 464
1142 464
1167 464
1192 464
1217 469
1242 469
1267 469
1292 469
1317 469
1342 469
1367 469
1392 469
1417 469
1442 469
1467 469
1492 469
1517 469
1542 469
1567 469
1592 469
1617 469
1642 469
1667 469
1692 474
1717 474
1742 474
1767 474
1792 474
1817 479
1837 494
1850 516
1864 537
1879 557
1890 580
1897 604
1884 637
1862 649
1838 658
1815 670
1793 685
1774 702
1750 710
1725 715
1700 715
1675 715
1650 715
1625 715
1600 715
1575 710
1554 696
1532 684
1508 675
1483 678
1459 685
1434 680
1409 675
1384 675
1359 670
1334 670
1309 675
1286 665
1261 665
1238 675
1215 685
1190 690
1165 695
1140 700
1115 705
1092 715
1069 725
1044 725
1021 735
1006 755
988 773
965 785
940 785
915 785
890 785
865 785
840 785
815 785
790 785
768 798
748 813
725 825
705 840
683 853
660 865
640 880
617 890
593 898
568 900
543 905
518 905
493 900
468 900
444 892
420 885
397 874
373 865
350 855
329 841
311 823
293 805
271 793
259 771
244 751
229 731
216 709
209 685
199 662
194 637
