214 452
214 427
224 387
229 352
229 327
229 302
241 280
259 262
283 254
308 249
333 249
358 249
383 244
408 244
433 239
458 239
483 239
508 239
533 239
558 239
583 234
608 234
633 234
658 234
683 229
708 229
733 230
755 242
770 262
775 287
775 312
780 337
780 362
780 387
780 412
785 437
804 454
829 459
854 459
879 464
904 464
929 459
950 473
950 498
964 519
989 524
1014 524
1039 524
1064 524
1089 524
1114 524
1139 519
1164 519
1189 519
1214 519
1239 519
1264 519
1289 519
1314 519
1339 519
1364 519
1389 519
1414 519
1439 519
1464 519
1489 519
1514 519
1539 519
1564 519
1589 519
1614 519
1639 519
1664 519
1689 524
1714 524
1739 524
1764 524
1789 519
1812 529
1835 539
1854 556
1865 579
1870 604
1870 629
1865 655
1860 690
1849 717
1829 732
1805 740
1780 740
1755 740
1730 740
1705 740
1680 740
1655 740
1630 740
1605 740
1580 740
1555 740
1530 740
1505 740
1480 740
1455 740
1430 740
1405 740
1380 740
1355 745
1330 745
1305 745
1280 745
1255 745
1230 745
1205 745
1180 745
1155 745
1130 745
1105 745
1080 745
1055 745
1030 745
1005 745
980 745
965 765
948 793
923 798
898 803
873 808
848 810
823 815
799 822
780 840
770 880
765 910
760 945
757 979
748 1003
725 1015
700 1015
675 1015
650 1015
625 1015
600 1015
575 1015
550 1015
525 1015
500 1015
475 1015
450 1015
425 1015
400 1015
375 1010
350 1010
325 1005
300 1005
275 1000
252 990
234 972
229 947
229 922
229 897
229 872
229 827
229 802
229 777
229 752
229 727
229 702
229 677
229 652
229 625
229 600
229 575
229 550
229 525
229 500
224 475
