134 152
134 127
152 109
177 109
202 109
227 114
250 124
274 131
296 144
311 164
331 179
351 194
371 209
389 227
407 245
425 263
443 281
458 301
475 320
494 337
518 344
541 354
566 354
590 362
612 374
634 386
654 401
665 424
678 446
690 468
680 495
650 505
671 519
696 524
719 534
742 544
765 554
785 569
805 584
820 604
835 624
850 644
869 661
880 684
895 704
910 724
925 744
940 764
955 784
970 804
985 824
995 847
1000 885
1017 904
1039 916
1059 931
1081 944
1101 959
1121 974
1141 989
1161 1004
1181 1019
1199 1037
1217 1055
1218 1083
1206 1105
1194 1127
1175 1145
1155 1160
1132 1170
1107 1175
1085 1163
1067 1145
1047 1130
1025 1118
1007 1100
989 1082
971 1064
951 1049
934 1030
918 1010
900 992
865 965
875 988
867 1014
845 1002
823 990
800 980
779 966
757 954
736 940
714 927
695 910
676 893
652 885
632 870
612 854
594 836
579 816
570 792
558 770
544 749
534 726
525 702
503 690
488 670
473 650
461 628
425 595
439 616
425 638
407 620
389 602
376 580
356 564
344 542
326 524
319 500
309 477
299 454
285 433
267 415
249 397
234 377
219 357
207 335
194 313
179 293
164 273
156 249
149 225
139 202
134 177
