74 170
84 193
94 216
112 234
127 254
145 272
163 290
179 310
186 334
201 354
216 374
231 394
249 412
267 430
273 405
293 420
314 434
331 453
349 471
364 491
364 516
372 540
379 564
393 585
411 603
429 621
451 633
471 648
493 660
513 675
533 690
556 700
572 679
565 655
597 674
615 692
633 710
645 732
660 752
674 773
687 795
705 813
724 830
741 849
765 857
789 865
814 865
839 870
850 824
840 801
834 776
819 756
805 735
784 721
765 704
745 689
725 674
702 664
682 649
662 634
642 619
624 601
610 580
635 577
659 585
684 582
677 539
662 519
647 499
635 477
615 461
600 441
584 421
564 406
545 389
525 374
501 365
476 369
451 369
430 355
449 337
461 315
468 271
449 254
424 249
399 244
374 249
349 254
324 251
305 234
285 219
269 199
249 184
230 167
210 152
190 137
172 119
147 114
122 109
97 109
79 127
