304 2075
326 2088
346 2103
371 2100
396 2100
421 2100
445 2090
470 2090
495 2085
518 2075
532 2054
556 2045
579 2035
602 2024
619 2005
642 1994
660 1975
684 1967
702 1949
719 1930
739 1915
762 1904
779 1885
795 1865
815 1845
835 1825
855 1805
870 1785
889 1802
911 1814
936 1818
961 1815
981 1800
995 1775
1015 1755
1035 1725
1055 1705
1075 1685
1095 1665
1105 1635
1128 1623
1146 1605
1164 1587
1173 1563
1188 1543
1193 1495
1168 1489
1148 1504
1128 1519
1101 1535
1091 1559
1072 1584
1040 1585
1055 1565
1070 1545
1085 1515
1108 1503
1126 1485
1138 1463
1153 1443
1177 1435
1197 1420
1215 1395
1240 1390
1265 1385
1290 1380
1315 1382
1337 1370
1362 1369
1382 1354
1403 1340
1423 1323
1441 1305
1465 1295
1485 1275
1505 1255
1520 1235
1540 1205
1560 1175
1580 1155
1585 1130
1604 1112
1619 1092
1620 1065
1635 1026
1634 1001
1609 999
1589 1014
1566 1025
1542 1034
1522 1049
1497 1049
1472 1054
1455 1035
1475 1015
1495 1000
1505 975
1524 957
1542 939
1560 905
1575 885
1598 873
1610 845
1623 823
1645 805
1665 785
1684 767
1704 752
1722 734
1744 722
1762 704
1782 689
1799 670
1820 655
1843 643
1855 620
1875 605
1898 595
1915 575
1935 555
1955 535
1975 515
1995 495
2015 475
2030 455
2043 433
2055 405
2055 363
2055 338
2040 318
2032 294
2017 274
2005 252
1985 237
1965 222
1940 219
1917 209
1897 224
1872 229
1847 234
1832 254
1810 266
1795 286
1777 304
1762 324
1747 344
1732 364
1714 382
1702 409
1684 427
1669 457
1651 485
1639 507
1624 527
1612 554
1594 572
1584 597
1564 617
1544 647
1529 667
1522 694
1500 706
1482 724
1467 744
1451 764
1429 777
1414 797
1394 817
1376 835
1358 854
1343 874
1323 889
1300 900
1295 875
1295 840
1305 815
1320 795
1325 765
1340 738
1319 724
1294 722
1269 727
1244 737
1222 754
1197 759
1176 774
1151 779
1126 785
1102 794
1081 809
1061 824
1038 834
1014 842
995 861
977 879
959 897
941 915
926 935
914 957
904 982
894 1007
894 1032
899 1057
899 1082
909 1105
909 1130
929 1145
934 1177
944 1200
955 1226
937 1244
917 1259
892 1259
872 1244
854 1226
835 1209
819 1189
799 1174
779 1159
759 1144
735 1137
710 1134
687 1144
662 1149
637 1154
617 1169
599 1187
579 1207
564 1227
569 1252
569 1297
579 1320
589 1343
604 1363
617 1385
629 1407
644 1427
662 1445
677 1465
676 1490
659 1509
640 1526
622 1544
604 1562
591 1584
569 1597
551 1615
542 1639
524 1657
512 1684
494 1702
484 1727
466 1745
446 1760
437 1784
425 1806
406 1824
384 1837
369 1857
349 1887
334 1927
324 1972
309 2007
309 2032
294 2052
