236 634
239 587
254 567
272 549
292 534
314 522
338 514
363 514
388 514
394 472
394 447
394 422
394 397
394 372
399 332
404 307
414 267
424 237
436 215
445 191
459 167
474 147
489 127
507 109
525 91
545 76
567 64
590 54
615 49
640 44
665 44
690 49
713 59
736 69
756 84
776 99
794 117
812 135
825 157
840 177
852 199
860 223
870 246
880 269
885 294
890 319
895 344
895 369
900 394
900 419
900 444
895 475
890 515
885 540
910 544
935 544
958 554
980 567
1000 582
1018 600
1002 624
987 644
964 654
947 635
927 620
902 620
860 620
881 634
903 646
921 664
926 705
911 725
893 743
820 695
839 712
854 732
869 752
858 783
838 798
814 806
801 784
784 765
759 767
735 775
752 794
765 816
762 850
737 855
712 855
690 842
675 822
653 810
630 800
605 795
585 810
569 840
544 835
519 830
509 807
519 780
518 755
494 762
475 780
467 810
444 800
421 789
409 747
424 727
442 709
453 685
428 685
405 695
385 710
373 733
360 755
337 745
319 727
311 690
324 667
344 652
359 632
383 624
424 609
403 595
378 590
353 590
330 600
310 615
295 635
288 668
264 676
249 656
