69 502
69 477
79 447
91 425
104 402
122 384
140 366
160 351
180 336
200 321
222 309
245 299
268 289
291 279
314 269
339 264
362 254
387 249
412 244
437 239
462 234
487 229
512 229
537 224
562 224
587 219
612 219
637 219
662 219
687 219
712 219
737 224
762 224
787 229
812 229
837 234
862 239
887 244
912 249
935 259
960 264
984 271
1008 280
1032 289
1054 301
1076 314
1098 326
1120 339
1140 354
1159 371
1177 389
1192 409
1205 431
1215 454
1225 477
1225 502
1220 530
1213 558
1200 580
1187 604
1169 622
1150 640
1130 655
1110 670
1089 685
1066 695
1044 707
1020 715
1034 736
1045 759
1055 782
1065 805
1072 829
1080 853
1090 876
1097 900
1105 924
1120 944
1135 964
1155 979
1170 999
1164 1037
1142 1050
1117 1045
1097 1030
1079 1012
1064 992
1049 972
1034 952
1029 927
1021 903
1009 881
1001 853
994 829
984 806
975 782
960 762
935 760
945 783
955 806
960 831
970 854
985 874
990 899
995 924
1005 947
1015 970
1022 994
1030 1018
1035 1043
1047 1065
1067 1080
1069 1122
1049 1137
1024 1135
1001 1124
986 1104
971 1084
964 1060
954 1037
949 1012
944 987
932 965
924 941
919 916
910 892
840 770
854 791
860 816
870 839
880 862
885 887
890 912
895 937
900 962
905 987
905 1012
910 1037
910 1062
915 1087
920 1112
932 1134
940 1175
920 1195
895 1197
875 1182
863 1160
851 1138
844 1114
837 1090
834 1065
834 1040
829 1015
829 990
824 965
819 940
814 915
809 886
800 862
765 810
770 835
775 860
780 885
790 908
795 933
800 958
805 983
805 1008
805 1033
805 1058
800 1095
800 1120
802 1145
805 1170
810 1195
813 1223
798 1243
774 1250
751 1239
739 1217
734 1192
729 1167
724 1142
724 1117
724 1092
729 1057
729 1032
729 1007
724 982
724 957
719 932
709 909
704 884
697 860
694 835
688 810
673 790
648 785
623 785
600 795
600 820
590 850
590 875
590 900
590 925
590 950
590 975
595 1000
595 1025
595 1050
595 1075
595 1100
595 1125
595 1150
585 1195
577 1234
557 1249
532 1245
514 1227
509 1202
519 1167
519 1142
519 1117
519 1092
519 1067
519 1042
519 1017
514 992
514 967
514 942
514 917
514 892
514 867
514 842
524 812
524 787
500 775
475 780
475 805
465 835
465 860
455 890
455 915
455 940
455 965
455 990
455 1015
455 1040
455 1065
460 1090
460 1115
450 1150
444 1177
432 1199
412 1214
387 1210
369 1192
364 1167
376 1145
384 1097
379 1072
379 1047
379 1022
379 997
379 972
379 947
379 917
384 867
389 832
399 805
399 780
395 755
370 750
360 775
360 800
360 825
360 850
360 875
360 900
355 940
355 965
350 995
350 1020
350 1045
340 1080
330 1105
320 1140
307 1164
287 1179
262 1175
244 1157
239 1132
254 1102
264 1067
274 1042
274 1017
274 992
279 962
279 937
284 897
284 872
284 847
284 822
284 797
284 772
294 741
280 720
255 715
245 750
245 775
245 800
245 825
245 850
245 875
240 900
240 925
235 955
233 988
220 1010
210 1045
198 1068
185 1090
172 1114
152 1129
127 1125
109 1107
104 1082
119 1052
134 1027
146 1005
154 977
159 952
164 922
164 897
169 872
169 847
169 822
169 797
169 772
169 747
179 712
189 685
174 665
154 650
135 633
117 615
102 595
89 573
79 550
69 527
