129 972
124 947
139 927
161 914
182 899
194 872
194 847
199 802
194 777
194 752
194 727
194 702
204 662
219 627
229 602
244 582
259 562
277 544
299 532
321 519
346 514
371 514
396 519
394 472
394 447
394 422
394 397
394 372
399 332
404 307
414 267
424 237
436 215
445 191
459 167
474 147
489 127
507 109
525 91
545 76
567 64
590 54
615 49
640 44
665 44
690 49
713 59
736 69
756 84
776 99
794 117
812 135
825 157
840 177
852 199
860 223
870 246
880 269
885 294
890 319
895 344
895 369
900 394
900 419
900 444
895 475
890 515
885 540
910 544
935 544
958 554
980 567
1000 582
1018 600
1030 622
1040 645
1047 669
1050 694
1055 719
1055 744
1055 769
1060 794
1065 819
1075 842
1083 866
1098 886
1110 908
1125 928
1113 963
1090 975
1066 968
1051 948
1036 928
1024 906
1009 886
974 702
974 677
964 654
947 635
927 620
902 620
860 620
881 634
903 646
921 664
935 685
949 706
960 729
965 754
970 779
975 804
980 829
985 854
985 879
985 904
985 929
985 954
985 979
985 1004
985 1029
998 1051
1005 1075
993 1103
971 1115
946 1109
931 1089
919 1067
914 1042
909 1017
909 992
909 931
820 695
839 712
854 732
869 752
881 774
890 798
895 823
900 848
900 873
895 910
890 950
890 975
880 1005
880 1030
880 1055
885 1080
899 1101
910 1124
896 1160
873 1170
849 1161
834 1141
821 1119
809 1097
804 1072
804 1047
804 1022
804 997
814 967
814 942
819 907
824 881
824 856
819 831
814 806
801 784
784 765
759 767
735 775
752 794
765 816
775 839
780 864
785 889
785 914
785 939
785 964
775 1000
765 1025
750 1050
750 1075
750 1100
755 1125
765 1148
780 1168
785 1193
773 1223
751 1235
726 1229
711 1209
704 1185
689 1165
684 1140
674 1117
674 1092
674 1067
674 1042
684 1017
699 992
709 964
709 939
709 914
706 889
702 864
690 842
675 822
653 810
630 800
605 795
585 810
585 835
585 860
585 885
585 910
595 933
600 958
610 981
620 1004
620 1029
620 1054
625 1079
622 1119
613 1143
600 1165
595 1195
578 1215
557 1229
532 1225
514 1207
509 1182
524 1147
539 1122
549 1078
544 1053
544 1028
539 1003
529 980
524 955
514 932
509 907
509 882
509 857
509 832
509 807
519 780
518 755
494 762
475 780
465 815
465 840
467 865
470 890
475 915
489 936
495 961
500 986
503 1011
505 1036
500 1070
490 1115
475 1140
460 1165
442 1184
422 1199
397 1195
379 1177
374 1152
389 1132
407 1114
419 1092
424 1067
429 1023
424 998
419 973
409 950
404 925
392 874
389 837
389 812
399 777
409 747
424 727
442 709
450 685
425 685
403 698
383 713
370 735
360 770
360 795
360 820
360 845
367 869
375 893
380 918
380 943
380 968
375 1005
365 1040
355 1070
340 1090
318 1105
297 1119
272 1115
254 1097
249 1072
264 1052
286 1039
296 1015
304 970
304 945
304 920
299 895
289 872
293 744
299 712
311 690
324 667
344 652
359 632
383 624
405 611
388 590
363 590
338 593
318 608
303 628
290 650
280 680
270 705
270 730
270 755
270 780
275 805
275 830
270 855
265 890
250 925
235 950
215 965
193 980
172 994
147 990
