144 512
144 487
159 467
177 449
195 431
215 416
237 404
260 394
283 384
308 384
333 384
358 384
383 384
408 390
432 399
454 411
472 429
497 429
517 414
537 399
545 367
527 349
512 329
491 315
468 305
448 290
425 280
402 270
377 264
352 260
327 260
302 260
277 260
253 268
229 277
204 282
199 257
194 232
204 207
228 199
251 189
276 184
301 184
326 184
351 184
376 184
400 192
424 199
447 209
470 219
493 230
514 244
535 258
557 270
572 290
592 305
607 325
622 345
639 364
664 364
689 364
700 341
709 312
724 287
739 262
757 244
775 226
795 211
817 199
835 181
859 172
883 164
908 159
933 159
958 160
979 174
1004 179
1028 186
1050 199
1070 214
1090 229
1103 251
1095 295
1087 320
1067 305
1047 290
1027 275
1007 260
984 250
959 245
936 235
911 235
886 240
866 255
846 270
824 282
805 300
790 320
775 345
765 380
779 401
799 416
819 431
843 424
863 409
886 399
911 394
936 394
961 394
986 394
1006 409
1026 424
1046 439
1064 457
1079 477
1091 499
1105 520
1110 545
1117 569
1125 593
1135 616
1125 655
1111 685
1089 672
1071 654
1059 632
1050 608
1044 583
1036 559
1029 535
1014 515
999 495
979 480
956 470
931 470
906 470
884 482
865 500
875 523
884 547
889 572
890 597
885 645
902 664
920 682
940 697
958 715
970 737
985 757
993 781
1000 805
1010 828
1010 853
1010 878
1010 903
1010 928
1022 950
1040 968
1039 1007
1024 1027
999 1032
981 1014
964 995
951 973
939 951
934 926
934 901
934 876
934 851
929 826
919 803
912 779
897 759
877 744
856 730
844 752
829 772
810 790
790 805
809 822
824 842
830 867
845 887
845 912
845 937
830 965
820 1000
820 1025
820 1050
820 1075
815 1110
798 1130
773 1130
749 1122
744 1097
744 1072
744 1047
744 1022
744 997
754 962
764 932
767 905
759 881
741 863
719 850
694 845
669 850
644 850
619 845
594 840
569 837
550 855
540 880
540 905
540 930
545 955
550 980
555 1005
560 1030
565 1055
555 1100
541 1135
529 1157
509 1172
487 1185
466 1199
454 1177
439 1157
434 1132
456 1119
475 1101
484 1077
486 1044
479 1020
479 995
474 970
464 947
464 922
464 897
464 872
474 842
486 820
501 800
488 775
473 755
459 734
449 711
435 690
410 695
390 710
375 730
365 755
365 780
365 805
365 830
365 855
365 880
355 905
346 930
334 952
315 970
297 990
282 1010
264 992
244 977
244 937
262 919
279 897
289 852
289 827
289 802
289 777
289 752
299 717
309 687
329 672
344 652
362 634
386 625
411 619
424 597
424 572
429 547
439 517
427 485
407 470
384 460
359 460
334 460
309 460
284 465
261 475
241 490
223 508
208 528
193 548
169 555
154 535
