396 565
374 577
396 590
421 590
446 590
471 595
496 600
520 607
544 615
569 620
594 625
619 630
644 635
667 645
692 645
717 644
742 640
767 645
792 650
817 650
842 650
867 645
892 645
917 640
942 640
967 635
992 634
1012 619
1034 607
1059 605
1084 605
1109 600
1134 595
1159 595
1184 595
1209 590
1234 590
1259 585
1284 585
1309 580
1334 577
1359 575
1384 575
1409 570
1434 565
1459 565
1484 560
1509 560
1534 555
1559 555
1584 550
1609 550
1634 545
1659 545
1684 540
1709 537
1734 535
1759 535
1784 530
1809 530
1834 525
1859 525
1884 520
1909 517
1925 485
1948 475
1973 470
1998 470
2023 470
2048 465
2068 448
2070 422
2069 397
2065 372
2047 354
2022 349
1997 349
1972 349
1947 354
1922 354
1907 334
1889 316
1864 314
1839 319
1814 319
1789 324
1764 327
1739 329
1714 332
1689 334
1664 339
1639 339
1614 344
1589 344
1564 349
1539 349
1514 354
1489 354
1464 359
1439 359
1414 364
1389 364
1364 369
1339 369
1314 374
1289 374
1264 379
1239 384
1214 379
1189 384
1164 384
1139 389
1114 389
1089 394
1064 394
1039 399
1014 399
989 399
966 389
941 394
916 389
891 394
866 399
841 404
816 404
791 409
766 409
743 419
719 427
697 439
672 444
647 449
627 464
604 474
581 485
559 497
534 504
511 515
489 529
466 540
444 554
421 564
