154 602
154 577
159 552
177 534
202 529
227 529
252 524
277 519
302 519
327 514
352 514
377 514
402 509
427 509
452 509
477 504
502 504
527 499
552 499
577 499
602 494
627 494
652 494
677 489
702 489
727 484
752 484
777 479
802 479
827 479
852 474
877 474
902 474
927 469
952 469
977 469
1002 464
1027 464
1052 459
1077 459
1102 459
1127 454
1152 454
1177 449
1202 449
1227 444
1252 444
1277 444
1302 439
1327 439
1352 434
1377 434
1402 434
1427 434
1452 429
1477 424
1502 424
1527 424
1552 419
1577 419
1602 419
1627 414
1652 414
1677 414
1702 409
1727 409
1752 404
1777 404
1802 399
1827 399
1852 399
1877 394
1902 389
1926 380
1951 379
1976 374
2001 374
2026 369
2051 369
2076 369
2101 369
2126 369
2151 369
2176 369
2201 369
2226 369
2251 369
2276 374
2301 374
2326 379
2351 384
2373 396
2385 418
2368 448
2346 460
2323 470
2299 477
2275 485
2250 490
2225 495
2200 500
2175 505
2150 510
2125 510
2100 515
2075 520
2050 520
2025 525
2000 530
1975 530
1950 530
1925 530
1900 525
1875 530
1850 530
1825 530
1800 530
1775 535
1750 535
1725 540
1700 540
1675 545
1650 545
1625 550
1600 550
1575 550
1550 555
1525 555
1500 560
1475 560
1450 560
1425 565
1400 565
1375 570
1350 570
1325 570
1300 575
1275 575
1250 575
1225 580
1200 580
1175 585
1150 585
1125 590
1100 590
1075 590
1050 595
1025 595
1000 600
975 600
950 605
925 605
900 605
875 610
850 610
825 615
800 615
775 615
750 620
725 620
700 620
675 625
650 625
625 630
600 630
575 630
550 635
525 635
500 640
475 640
450 645
425 645
400 645
375 650
350 650
325 655
300 655
275 660
250 655
225 660
200 655
177 645
159 627
