344 322
344 297
369 296
387 314
405 332
420 352
438 370
455 389
474 406
490 426
505 446
515 469
525 492
533 516
542 540
554 562
563 586
572 610
580 634
593 656
602 680
610 704
623 726
632 750
640 774
650 797
660 820
670 843
680 866
690 889
700 912
710 935
720 958
730 981
740 1004
750 1027
760 1050
770 1073
780 1096
790 1119
800 1142
810 1165
820 1188
830 1211
840 1234
850 1257
858 1281
865 1305
865 1330
857 1369
842 1389
822 1404
799 1415
774 1415
749 1410
726 1400
706 1384
691 1364
684 1340
674 1317
664 1294
654 1271
644 1248
634 1225
624 1202
614 1179
607 1155
599 1131
586 1109
574 1087
565 1063
556 1039
547 1015
539 991
529 968
519 945
509 922
500 898
489 875
479 852
471 828
459 806
454 781
444 758
434 735
424 712
415 688
406 664
397 640
385 618
376 594
369 570
359 547
354 522
349 497
349 472
349 447
344 422
344 397
344 372
344 347
