84 652
74 687
84 710
91 734
104 756
112 780
127 800
149 812
173 820
198 820
220 832
234 853
250 873
269 890
286 909
309 920
334 920
359 920
384 920
407 909
425 890
444 872
468 865
493 865
518 865
543 865
568 865
593 865
618 870
643 870
668 870
693 875
717 884
732 904
750 922
768 940
793 945
816 955
841 960
866 960
891 965
916 965
941 960
961 945
981 930
1001 915
1021 900
1030 870
1050 855
1075 855
1100 850
1125 850
1150 845
1175 840
1200 835
1225 835
1250 830
1274 822
1298 815
1323 808
1347 800
1370 790
1395 785
1420 785
1445 785
1470 785
1495 785
1520 787
1529 811
1544 831
1565 845
1590 850
1615 850
1640 850
1665 850
1688 840
1708 825
1728 808
1745 785
1764 767
1779 747
1791 725
1814 715
1838 708
1856 690
1874 672
1886 650
1900 609
1880 594
1875 569
1875 544
1875 519
1875 494
1875 469
1868 445
1848 429
1823 429
1798 429
1773 429
1748 429
1723 429
1702 415
1684 397
1666 379
1648 361
1630 343
1612 325
1594 307
1574 292
1556 274
1534 261
1510 254
1485 249
1462 239
1437 239
1412 239
1387 239
1362 239
1337 239
1312 239
1287 239
1262 239
1237 239
1212 239
1187 239
1162 234
1137 234
1112 234
1087 234
1062 239
1037 239
1012 244
987 244
962 249
937 249
912 254
887 254
862 259
837 264
812 269
787 274
762 279
739 289
716 299
694 312
674 327
655 346
637 364
617 379
592 384
567 389
542 394
524 412
518 454
493 454
468 454
443 459
419 467
395 474
370 479
345 484
320 489
295 494
270 494
245 499
222 509
202 524
184 542
169 562
160 591
140 606
116 615
96 630
