94 732
89 707
99 677
117 659
139 647
154 607
159 562
169 537
184 517
202 499
227 494
252 489
276 480
301 475
326 470
351 465
376 459
401 454
426 449
451 444
475 436
500 431
525 429
549 422
574 419
599 414
624 409
649 402
674 399
699 394
724 389
749 384
774 384
799 379
824 374
847 364
867 349
882 329
897 309
915 291
929 267
947 249
962 229
980 211
995 191
1015 176
1034 157
1052 139
1072 124
1092 109
1117 104
1141 95
1166 94
1191 94
1216 94
1241 99
1266 99
1291 99
1316 104
1341 104
1366 104
1391 104
1416 104
1441 104
1466 109
1491 109
1516 109
1541 114
1566 114
1591 114
1616 119
1641 119
1666 119
1691 124
1716 129
1741 129
1766 134
1791 134
1816 139
1841 139
1866 144
1891 149
1916 149
1941 154
1966 154
1991 159
2016 164
2041 164
2066 169
2088 181
2110 193
2130 208
2148 226
2166 244
2181 264
2196 284
2211 304
2229 322
2241 344
2256 364
2271 384
2286 404
2298 426
2310 448
2325 468
2334 492
2345 515
2360 535
2367 559
2370 584
2375 609
2375 634
2370 675
2365 720
2370 745
2380 768
2375 810
2363 833
2343 848
2319 857
2300 875
2290 905
2275 935
2260 955
2245 975
2225 990
2205 1005
2181 1015
2156 1020
2131 1025
2106 1025
2081 1020
2058 1010
2038 995
2020 977
2008 955
1993 935
1970 925
1945 930
1920 930
1895 935
1870 940
1845 945
1820 950
1795 950
1770 955
1745 960
1720 960
1695 965
1670 970
1645 975
1620 975
1595 980
1570 985
1545 990
1520 995
1495 1000
1470 1005
1452 1024
1443 1048
1430 1070
1415 1090
1399 1112
1380 1130
1360 1145
1340 1160
1317 1170
1294 1180
1269 1185
1244 1190
1219 1185
1194 1180
1170 1172
1146 1164
1129 1145
1109 1130
1094 1110
1081 1088
1074 1064
1055 1047
1030 1045
1005 1045
980 1050
955 1050
930 1047
905 1045
880 1045
855 1040
830 1035
805 1030
780 1027
755 1022
730 1020
707 1010
682 1005
659 995
634 990
609 990
585 982
560 985
537 995
512 1000
487 1005
462 1005
437 1000
412 995
390 983
370 968
352 950
337 930
317 915
292 910
269 900
245 892
221 883
201 868
181 853
166 833
149 814
134 794
117 775
99 757
