159 617
159 592
164 557
164 532
182 514
207 509
231 500
254 487
274 472
294 457
314 442
336 429
356 414
377 399
399 387
419 372
439 357
461 345
484 332
508 324
528 309
551 299
574 289
597 279
620 269
644 262
668 254
693 249
716 239
741 239
766 234
791 234
816 229
841 229
866 229
891 229
916 229
941 224
966 224
991 220
1014 197
1019 172
1029 127
1047 109
1072 104
1097 104
1122 109
1135 131
1135 156
1140 181
1145 206
1163 224
1188 224
1213 229
1238 229
1263 234
1288 239
1313 244
1336 254
1360 262
1382 274
1404 286
1426 299
1446 314
1464 332
1484 347
1504 362
1524 377
1542 395
1560 413
1578 431
1596 449
1621 454
1646 459
1671 459
1696 464
1721 469
1746 469
1771 474
1796 479
1821 479
1846 484
1871 489
1896 489
1921 494
1946 499
1971 499
1996 504
2021 509
2044 519
2069 519
2092 529
2117 534
2140 544
2163 555
2185 567
2207 579
2227 594
2245 612
2260 632
2278 650
2290 672
2295 697
2300 722
2300 747
2300 772
2300 797
2308 821
2320 843
2311 890
2299 912
2279 927
2259 942
2241 960
2217 969
2192 975
2167 980
2142 985
2117 990
2092 995
2067 1000
2042 1005
2017 1010
1993 1018
1970 1030
1948 1043
1926 1055
1901 1055
1876 1055
1851 1050
1826 1045
1801 1045
1776 1050
1751 1050
1726 1055
1701 1050
1676 1045
1651 1045
1626 1045
1601 1045
1576 1040
1551 1040
1526 1040
1501 1040
1476 1035
1451 1033
1426 1030
1401 1025
1376 1025
1351 1025
1329 1037
1311 1055
1293 1073
1274 1090
1251 1100
1228 1110
1205 1120
1180 1120
1155 1115
1130 1110
1107 1100
1085 1088
1065 1073
1047 1055
1029 1037
1017 1015
1009 991
997 969
973 960
948 955
923 950
898 945
873 940
848 935
823 930
798 925
773 920
748 915
723 910
698 905
673 905
648 900
623 895
598 890
573 888
551 900
533 918
513 933
489 942
465 950
440 955
415 955
391 948
369 936
349 921
329 906
314 886
301 864
294 840
284 817
260 810
235 807
211 798
189 785
174 765
164 742
159 717
159 692
159 667
159 642
