677 1134
681 1165
706 1165
731 1165
756 1165
781 1165
806 1165
831 1165
856 1165
881 1165
900 1129
900 1104
892 1080
890 1055
890 1030
915 1030
940 1030
965 1035
969 1060
964 1102
964 1127
964 1152
984 1167
1009 1170
1032 1180
1057 1185
1082 1185
1107 1185
1132 1185
1157 1185
1182 1180
1205 1170
1217 1129
1197 1114
1174 1104
1149 1109
1124 1114
1100 1121
1076 1129
1051 1135
1026 1139
1005 1125
1018 1103
1033 1083
1050 1060
1065 1040
1085 1025
1110 1020
1135 1020
1160 1020
1185 1015
1209 1007
1233 998
1255 985
1274 967
1292 949
1304 927
1310 900
1320 865
1333 843
1345 815
1355 790
1355 765
1365 735
1385 720
1373 694
1349 702
1329 717
1316 740
1304 762
1299 802
1294 827
1285 851
1276 875
1264 897
1249 922
1234 947
1214 962
1190 969
1165 969
1140 969
1115 969
1090 969
1065 964
1060 939
1055 914
1050 889
1050 864
1042 840
1037 815
1025 793
1015 770
1015 745
1040 745
1063 755
1088 760
1109 774
1124 794
1134 817
1149 837
1167 855
1192 849
1190 815
1215 815
1240 815
1246 784
1224 771
1199 769
1174 769
1149 767
1127 755
1115 733
1107 709
1089 691
1067 679
1042 674
1015 665
1035 650
1058 638
1080 625
1095 605
1110 580
1120 550
1143 540
1155 562
1179 570
1204 570
1229 570
1254 565
1277 555
1297 539
1315 520
1328 498
1340 475
1353 453
1355 419
1347 395
1330 376
1317 354
1302 334
1287 314
1267 299
1244 289
1219 289
1194 294
1169 299
1144 302
1121 315
1106 335
1094 357
1072 374
1055 355
1060 306
1060 281
1047 259
1025 247
1003 235
979 226
959 211
937 199
916 185
891 189
866 194
841 200
819 212
799 227
789 257
789 282
789 307
789 332
789 357
799 380
814 400
829 420
844 440
854 463
850 496
832 514
814 532
796 550
784 572
769 592
756 620
744 642
739 677
729 702
724 727
714 757
704 787
723 820
748 813
772 805
794 792
814 777
833 760
855 745
880 740
904 747
904 772
894 797
884 822
876 850
864 872
859 897
850 921
841 945
829 967
819 992
819 1017
819 1042
819 1067
831 1089
851 1114
826 1119
801 1120
776 1124
751 1124
726 1124
701 1125
