664 1137
678 1170
703 1170
728 1170
753 1170
778 1170
803 1170
828 1170
853 1170
878 1170
901 1160
895 1115
895 1090
895 1065
920 1060
945 1060
970 1060
994 1067
989 1112
974 1142
992 1160
1017 1160
1042 1160
1067 1164
1092 1165
1117 1165
1142 1165
1167 1165
1192 1170
1217 1164
1203 1124
1180 1114
1155 1114
1130 1114
1105 1114
1080 1114
1057 1124
1040 1105
1040 1080
1050 1055
1069 1037
1093 1030
1118 1030
1143 1030
1168 1030
1193 1025
1218 1020
1241 1010
1263 998
1278 978
1290 950
1303 928
1312 904
1320 870
1330 835
1330 810
1335 775
1366 745
1388 733
1366 715
1346 730
1331 750
1311 765
1296 785
1284 807
1279 842
1279 867
1269 897
1257 929
1242 949
1224 967
1202 979
1177 979
1152 979
1127 979
1102 979
1085 960
1074 937
1065 913
1053 891
1048 866
1036 844
1024 822
1012 800
1010 775
1010 750
1033 740
1058 740
1078 755
1090 777
1108 795
1124 815
1139 835
1154 855
1171 874
1180 840
1180 815
1205 820
1228 830
1234 796
1210 789
1185 784
1160 779
1143 760
1123 745
1108 725
1090 707
1066 699
1041 694
1020 680
1020 655
1043 643
1065 630
1084 612
1100 590
1110 565
1133 555
1158 560
1183 565
1208 565
1233 565
1258 565
1281 555
1303 543
1315 515
1325 475
1330 450
1335 417
1335 392
1335 367
1330 342
1315 322
1297 304
1279 286
1259 271
1237 259
1212 254
1187 259
1167 274
1149 292
1129 307
1115 331
1100 351
1089 374
1065 367
1065 342
1065 317
1065 292
1059 267
1041 249
1023 231
1001 219
978 209
954 201
929 199
904 199
879 199
854 202
831 215
819 237
809 272
809 297
809 322
809 347
819 370
826 394
841 414
854 436
856 475
847 499
835 521
826 545
814 567
799 587
781 605
769 627
754 647
744 672
729 692
719 717
709 742
694 762
712 780
737 780
762 775
785 765
810 760
833 750
856 740
881 735
899 753
889 787
876 810
864 832
851 855
839 877
829 907
824 937
821 980
809 1002
809 1027
809 1052
819 1075
830 1098
828 1129
803 1125
780 1114
755 1109
730 1109
705 1109
682 1119
