707 1134
689 1152
707 1170
732 1170
757 1165
782 1165
807 1165
832 1165
857 1165
880 1155
885 1125
885 1100
885 1075
885 1050
908 1040
933 1040
958 1040
983 1040
989 1082
989 1107
989 1132
979 1162
989 1185
1014 1185
1039 1185
1064 1185
1089 1185
1114 1185
1139 1185
1164 1185
1189 1185
1214 1182
1215 1146
1202 1124
1182 1109
1157 1109
1132 1109
1107 1109
1082 1109
1057 1109
1050 1085
1050 1060
1065 1040
1084 1022
1108 1015
1133 1015
1158 1020
1183 1020
1208 1020
1231 1010
1253 998
1271 980
1289 962
1300 930
1310 905
1320 880
1330 845
1330 820
1330 795
1340 765
1360 750
1383 740
1403 723
1401 694
1376 699
1354 712
1334 727
1319 747
1309 777
1300 806
1291 830
1279 852
1269 877
1254 912
1237 934
1222 954
1200 966
1176 974
1151 979
1126 979
1101 979
1079 967
1070 943
1060 920
1055 895
1055 870
1055 845
1055 820
1055 795
1050 770
1045 745
1070 745
1089 762
1101 784
1119 802
1124 827
1134 850
1154 865
1170 845
1185 825
1209 832
1230 796
1211 779
1189 766
1167 754
1142 754
1118 745
1100 727
1082 709
1062 694
1045 675
1045 650
1065 635
1085 620
1100 595
1115 575
1140 580
1165 585
1190 585
1215 585
1240 585
1265 585
1290 580
1305 555
1320 530
1320 505
1320 480
1325 440
1330 405
1335 357
1335 332
1320 312
1296 304
1273 294
1249 286
1225 277
1200 274
1175 274
1152 284
1134 302
1121 330
1109 352
1094 377
1070 389
1070 364
1070 339
1065 314
1055 291
1049 266
1034 246
1022 224
1002 209
979 199
954 194
929 194
904 194
881 204
858 214
834 222
815 241
806 265
794 287
789 317
789 342
794 367
806 389
826 404
846 419
854 443
839 482
824 502
811 530
799 552
789 577
779 602
769 637
759 667
749 692
740 721
731 745
726 770
736 805
758 793
778 778
800 765
825 760
848 750
873 745
898 740
904 777
891 805
879 827
861 845
849 867
834 892
824 922
814 952
809 987
809 1012
819 1035
826 1059
841 1079
854 1101
830 1109
805 1109
780 1114
755 1119
730 1124
