4 597
4 572
19 552
37 534
55 516
75 501
95 486
117 474
137 459
157 444
179 432
201 419
224 407
244 392
266 380
286 365
309 354
332 344
355 334
375 319
395 304
418 294
443 289
463 274
481 255
501 240
521 225
541 210
561 195
586 194
611 194
634 204
653 221
673 236
693 251
708 271
723 291
743 306
758 326
780 339
800 354
819 371
839 386
863 394
886 404
909 414
928 431
948 446
968 461
988 476
1008 491
1028 506
1046 524
1061 544
1081 559
1099 577
1114 597
1130 617
1130 645
1125 685
1118 718
1104 740
1087 759
1069 777
1049 792
1031 810
1011 825
991 840
971 855
951 870
931 885
908 895
888 910
867 924
847 939
823 948
800 960
776 975
753 985
730 995
705 1000
680 995
685 1020
690 1045
681 1090
656 1095
638 1113
623 1133
610 1155
610 1185
610 1210
610 1235
610 1260
605 1295
600 1325
595 1370
580 1390
569 1417
554 1437
535 1455
517 1474
497 1489
472 1485
454 1467
469 1437
487 1419
499 1397
514 1362
524 1332
529 1302
534 1257
534 1232
534 1204
534 1179
527 1155
509 1137
494 1117
479 1097
457 1085
439 1067
439 1042
449 1007
427 995
402 990
377 985
354 975
334 960
314 945
294 930
274 915
255 898
235 883
215 868
197 850
179 832
159 817
141 799
124 780
104 765
84 749
67 730
47 715
34 693
24 670
19 645
9 622
