94 307
94 332
99 390
104 415
114 438
124 461
136 483
149 505
159 528
174 548
184 571
199 591
209 614
223 635
241 653
256 673
269 695
280 718
294 739
304 762
322 780
334 802
346 824
359 846
383 853
405 840
407 800
392 780
380 758
365 738
360 713
350 690
339 667
335 642
320 622
310 599
295 579
284 556
272 534
260 512
245 492
240 467
225 447
219 422
207 400
202 375
200 350
200 325
205 300
218 278
230 255
245 235
268 223
293 218
318 215
343 215
366 225
385 242
403 260
414 283
427 305
442 325
457 345
469 367
481 389
494 411
504 434
514 457
529 477
541 499
556 519
569 541
581 563
593 585
608 605
620 627
632 649
640 673
654 694
664 717
682 735
697 755
709 777
719 800
722 825
724 850
734 873
744 896
759 916
774 936
786 958
798 980
810 1002
822 1024
837 1044
850 1020
845 995
871 1034
896 1030
895 990
900 960
900 935
900 908
895 883
890 858
885 833
875 810
868 786
856 764
844 742
832 720
820 698
810 675
796 654
784 632
772 610
760 588
750 565
739 542
725 521
719 496
700 479
689 456
674 436
660 415
653 391
635 373
623 351
610 329
595 309
580 289
570 266
554 246
539 226
524 206
504 191
485 174
465 158
444 144
423 130
400 119
375 114
350 109
325 104
300 109
275 114
250 114
227 124
206 139
184 152
165 171
147 189
129 207
114 232
104 262
