134 947
134 922
139 897
139 872
149 827
159 787
164 757
174 732
184 707
194 672
212 654
221 630
230 606
245 586
259 557
271 535
289 517
301 495
316 475
336 460
354 442
372 424
392 409
407 389
427 374
449 362
469 347
491 335
496 310
519 299
544 304
567 294
589 282
611 269
635 261
657 249
682 244
705 234
730 229
755 231
779 224
804 224
829 224
854 226
879 227
903 234
926 244
930 269
915 300
891 310
866 310
843 320
820 330
795 330
775 345
754 360
729 365
706 375
684 387
660 395
635 400
640 425
635 450
612 440
592 425
569 435
546 445
526 460
506 475
484 487
465 505
443 520
424 537
406 555
386 570
371 590
359 612
340 630
330 655
318 678
303 698
290 720
278 748
265 770
260 805
258 833
245 855
240 885
240 910
235 940
235 965
240 990
240 1015
245 1040
252 1064
260 1088
270 1111
280 1134
295 1154
314 1171
329 1191
349 1206
369 1221
393 1229
416 1239
441 1244
464 1254
489 1254
514 1259
539 1259
564 1254
586 1240
611 1234
632 1219
652 1204
674 1192
694 1172
712 1154
729 1132
744 1112
759 1092
771 1070
779 1037
797 1019
799 987
809 957
821 935
824 907
834 862
844 822
849 787
864 757
874 732
874 707
884 682
884 657
894 632
894 607
899 582
909 537
919 512
944 514
967 524
985 555
980 590
975 620
970 655
965 680
960 720
960 745
950 790
940 835
930 875
925 905
925 930
915 955
905 985
895 1020
880 1040
875 1070
868 1103
855 1125
843 1148
828 1168
813 1188
800 1210
785 1230
765 1245
763 1283
738 1290
715 1300
695 1315
672 1325
649 1335
626 1345
601 1350
577 1359
552 1365
527 1365
502 1370
477 1370
452 1364
428 1355
403 1350
378 1345
353 1340
333 1325
311 1313
289 1300
269 1285
250 1268
232 1250
214 1232
202 1210
187 1190
179 1166
166 1144
154 1122
149 1097
144 1072
139 1047
139 1022
134 997
134 972
