49 407
49 382
59 347
69 322
81 300
94 277
112 259
127 239
147 224
165 206
187 194
210 184
233 174
255 161
277 149
297 134
317 119
337 104
360 94
385 89
409 96
429 122
411 140
389 152
369 167
345 175
320 180
298 195
277 209
254 220
231 230
211 245
188 255
167 269
149 287
130 305
118 328
105 350
95 375
90 400
90 425
95 450
102 474
122 489
146 496
171 490
195 481
214 462
229 442
244 422
256 400
271 380
286 360
301 340
316 320
334 302
352 284
367 264
382 244
394 222
412 204
410 242
396 265
384 287
369 307
354 327
335 345
323 368
308 388
293 408
280 430
267 454
252 474
237 494
219 512
201 530
179 542
155 550
130 550
107 540
87 525
74 503
64 480
54 457
49 432
