49 392
71 405
96 405
121 400
146 395
171 390
196 390
221 385
246 385
270 375
293 365
318 360
343 353
365 340
390 335
414 327
438 320
463 315
488 310
511 300
536 295
561 290
585 280
610 275
635 270
659 262
683 255
708 250
733 243
757 235
782 229
806 220
829 210
854 205
879 200
903 193
927 185
952 185
977 180
1002 185
1027 189
1052 194
1074 206
1089 226
1101 248
1113 270
1114 295
1114 320
1106 350
1094 372
1084 397
1075 421
1057 439
1036 454
1016 469
996 484
971 489
946 495
922 504
897 509
872 514
847 519
822 519
797 514
772 509
747 504
722 499
697 494
672 489
647 484
623 475
599 466
574 464
549 459
525 452
501 444
476 439
451 434
426 429
401 429
376 424
351 424
326 424
301 424
278 434
253 439
228 444
204 452
184 467
162 479
142 494
122 509
100 521
82 539
64 557
76 579
101 580
123 568
145 555
168 543
188 528
212 520
237 515
262 510
287 504
312 500
337 500
362 500
387 505
412 510
437 510
461 518
485 525
510 530
533 540
556 550
580 557
604 565
627 575
652 580
676 588
701 590
726 595
751 598
775 605
800 610
825 610
850 610
875 610
900 610
925 610
950 605
974 597
998 590
1023 583
1047 574
1067 559
1089 547
1109 532
1124 512
1144 497
1159 477
1171 455
1186 435
1190 410
1200 370
1205 335
1210 310
1205 285
1205 254
1202 229
1190 207
1174 187
1165 163
1145 148
1135 125
1114 111
1092 99
1072 84
1047 79
1022 74
997 69
972 64
947 69
922 69
897 74
872 79
850 91
826 99
801 105
779 117
756 129
731 134
706 134
681 140
657 149
632 149
609 159
584 164
561 174
536 180
515 194
490 199
467 209
442 214
420 226
396 234
371 240
347 249
322 254
297 254
272 254
248 264
223 269
199 277
174 284
151 294
129 307
107 319
84 329
61 339
39 352
61 370
