184 1482
184 1457
189 1417
194 1377
194 1352
194 1327
204 1302
219 1282
231 1260
240 1236
244 1197
254 1172
269 1152
284 1132
296 1110
309 1087
324 1067
344 1052
362 1034
377 1014
397 999
412 979
429 957
444 937
459 917
479 902
497 884
515 866
535 851
550 831
569 812
593 805
613 820
630 839
653 850
665 880
650 900
632 919
614 937
599 957
581 975
569 997
549 1012
531 1030
516 1050
501 1070
489 1092
470 1110
455 1135
440 1155
428 1178
413 1198
400 1220
390 1245
380 1270
368 1308
355 1330
350 1355
340 1400
340 1425
340 1450
340 1475
340 1500
342 1525
347 1550
360 1572
370 1595
384 1616
402 1634
422 1649
447 1654
470 1664
495 1669
520 1669
545 1669
570 1671
594 1662
614 1647
634 1632
652 1614
670 1596
689 1572
704 1547
719 1527
739 1507
757 1489
772 1469
784 1442
804 1427
819 1402
829 1377
844 1357
854 1332
866 1310
881 1290
894 1267
909 1247
921 1225
936 1205
945 1181
959 1157
969 1132
981 1110
989 1082
1004 1052
1016 1030
1031 1010
1044 987
1059 962
1074 942
1089 922
1101 900
1116 880
1136 865
1154 847
1172 829
1190 811
1205 791
1217 769
1229 727
1241 705
1254 682
1269 662
1284 642
1304 622
1324 607
1342 589
1360 571
1379 554
1399 537
1423 529
1443 514
1468 509
1488 494
1508 479
1528 464
1548 449
1572 439
1597 434
1605 458
1590 490
1615 486
1634 469
1657 479
1660 504
1660 529
1650 555
1640 595
1640 620
1630 645
1620 670
1605 705
1596 735
1584 757
1565 775
1552 799
1534 817
1515 835
1500 860
1485 880
1470 905
1450 920
1434 942
1416 960
1404 982
1392 1004
1377 1024
1362 1044
1353 1068
1340 1090
1330 1115
1310 1145
1290 1160
1270 1180
1255 1200
1245 1225
1230 1245
1218 1283
1209 1307
1194 1327
1182 1349
1167 1369
1158 1393
1145 1415
1130 1435
1120 1460
1105 1480
1090 1500
1078 1523
1063 1543
1051 1565
1039 1587
1024 1607
1005 1625
990 1645
975 1665
955 1680
940 1700
918 1713
906 1735
886 1750
868 1768
845 1780
826 1800
803 1810
783 1825
760 1835
737 1845
714 1855
691 1865
668 1875
643 1880
618 1875
593 1875
568 1875
543 1875
520 1865
495 1865
471 1858
447 1850
424 1840
401 1829
380 1815
357 1805
337 1790
319 1772
304 1752
284 1737
264 1722
254 1699
240 1678
224 1658
214 1635
204 1612
199 1587
194 1562
189 1532
184 1507
