129 917
129 892
134 862
139 837
154 802
172 784
184 757
199 737
217 719
237 704
255 686
275 671
297 659
317 644
341 635
364 622
386 609
411 604
435 596
457 584
477 569
500 559
523 549
543 534
565 521
585 506
607 494
627 479
647 464
669 452
689 437
713 429
733 414
758 409
747 439
729 457
710 475
690 490
670 510
655 530
635 550
615 570
595 585
575 600
555 615
533 628
510 640
489 655
466 665
444 677
422 689
399 700
376 710
353 720
332 734
312 749
294 767
276 785
258 803
245 825
235 850
225 885
225 910
225 935
230 960
235 985
245 1008
254 1032
263 1056
283 1071
301 1089
321 1104
344 1114
367 1124
392 1124
417 1129
442 1124
466 1115
489 1102
511 1089
530 1071
545 1051
560 1031
575 1011
590 991
605 971
617 949
632 929
644 907
659 882
677 864
686 840
701 820
714 792
724 767
736 745
745 721
760 701
774 677
792 659
804 637
814 607
832 589
847 569
854 542
869 517
884 492
896 470
909 447
919 422
931 400
944 367
956 345
974 327
992 309
1007 289
1019 267
1039 252
1061 239
1079 257
1085 282
1075 320
1065 355
1055 390
1043 418
1030 440
1015 460
1000 480
992 509
974 527
962 549
953 573
940 595
928 618
915 640
900 675
888 698
875 720
863 743
850 765
838 793
823 813
810 835
795 860
780 885
765 910
750 935
735 955
720 980
705 1000
690 1020
675 1040
660 1060
645 1080
630 1100
612 1119
597 1139
579 1157
561 1175
541 1190
519 1202
497 1214
472 1220
447 1225
422 1230
397 1230
372 1225
347 1220
322 1215
299 1205
276 1194
255 1180
234 1166
216 1148
201 1128
186 1108
174 1086
161 1064
154 1040
144 1017
139 992
134 967
129 942
