109 642
114 617
109 592
119 547
129 517
139 492
151 470
164 447
176 425
191 405
209 382
224 362
242 344
260 326
274 302
289 282
307 264
327 249
345 231
364 212
379 192
397 174
412 154
430 136
445 116
469 107
494 102
518 94
541 84
564 74
587 64
612 69
622 99
602 114
587 134
567 149
552 169
534 187
515 205
497 224
479 242
460 260
440 275
426 300
414 322
395 340
379 362
360 380
342 399
327 419
312 439
294 457
275 475
259 497
239 512
224 532
205 550
193 578
178 598
165 620
170 645
170 670
192 704
232 719
257 724
280 714
300 699
317 679
335 661
354 644
371 625
389 592
404 562
422 544
440 526
459 509
474 489
480 523
469 547
450 565
432 584
414 602
396 620
340 690
323 713
304 730
281 740
258 750
233 745
211 733
186 734
169 715
146 704
134 682
129 657
