139 727
139 702
144 672
154 647
169 627
187 609
205 591
224 572
244 557
266 545
290 536
314 529
339 524
364 519
387 509
411 500
436 499
461 499
486 495
511 489
536 484
561 479
586 474
611 474
636 469
661 464
686 459
711 454
736 449
761 444
786 444
811 439
836 439
861 434
885 426
910 424
935 424
960 424
985 419
1004 402
1022 384
1040 366
1062 354
1082 339
1100 321
1120 306
1139 289
1161 275
1179 257
1197 239
1212 219
1230 201
1249 184
1255 215
1245 245
1245 270
1250 295
1274 304
1299 309
1324 309
1349 309
1374 309
1399 314
1424 314
1449 314
1474 314
1499 314
1524 314
1549 314
1574 319
1599 314
1624 314
1649 314
1674 314
1699 319
1724 319
1749 319
1774 319
1799 319
1824 319
1849 324
1874 326
1899 329
1924 334
1949 339
1973 346
1997 354
2022 359
2045 369
2065 384
2080 404
2090 427
2095 452
2095 495
2095 525
2097 550
2105 574
2110 599
2120 622
2115 655
2105 700
2095 725
2095 750
2095 775
2095 800
2095 825
2085 870
2075 905
2065 945
2058 973
2046 995
2031 1015
2013 1033
1990 1045
1968 1058
1944 1065
1919 1070
1894 1072
1869 1075
1844 1075
1819 1075
1794 1075
1769 1075
1744 1070
1719 1065
1694 1065
1669 1060
1644 1055
1619 1055
1594 1050
1571 1040
1546 1035
1521 1035
1496 1030
1473 1020
1451 1008
1431 993
1413 975
1391 963
1367 955
1342 950
1317 950
1292 950
1267 950
1242 954
1217 955
1192 960
1167 965
1142 970
1117 975
1094 985
1069 990
1046 1000
1022 1009
998 1018
973 1025
950 1035
926 1045
901 1050
876 1050
851 1055
826 1055
802 1064
777 1060
752 1060
727 1060
702 1059
677 1055
652 1050
627 1050
602 1045
577 1039
553 1030
528 1025
503 1020
480 1010
455 1005
432 995
409 985
385 977
363 965
340 955
317 945
294 935
274 920
251 909
231 894
211 879
194 860
175 843
160 823
149 800
139 777
139 752
