139 847
139 822
144 797
149 772
159 747
177 729
195 711
217 699
240 689
263 679
286 669
309 657
327 639
349 627
369 612
391 599
412 584
436 575
461 569
486 564
510 556
534 549
559 544
584 539
609 532
633 524
658 519
683 514
708 509
733 504
758 499
783 494
808 494
833 494
858 494
883 489
906 479
929 467
951 454
974 442
998 434
1018 419
1041 409
1064 399
1087 389
1112 384
1134 372
1154 357
1172 339
1192 324
1199 300
1189 277
1189 252
1199 217
1199 192
1209 167
1224 142
1242 124
1265 114
1285 99
1308 89
1333 89
1358 94
1383 100
1403 115
1420 134
1435 154
1448 176
1455 200
1472 219
1497 214
1509 192
1533 184
1556 174
1579 164
1601 150
1625 141
1650 139
1675 139
1700 142
1724 149
1747 159
1770 169
1795 174
1820 179
1845 184
1870 187
1895 192
1919 199
1944 204
1968 211
1992 219
2017 224
2040 234
2065 234
2090 234
2115 234
2140 229
2165 224
2189 217
2214 212
2238 204
2263 199
2288 204
2313 210
2337 219
2357 234
2375 252
2390 272
2402 294
2410 318
2422 340
2434 362
2446 384
2458 406
2470 428
2480 451
2490 474
2500 497
2500 522
2510 545
2515 570
2515 595
2515 620
2515 645
2515 670
2515 695
2515 720
2507 759
2498 783
2485 805
2475 830
2465 860
2460 885
2455 925
2445 960
2437 999
2428 1023
2416 1045
2404 1067
2385 1085
2369 1107
2350 1125
2330 1140
2310 1155
2289 1170
2266 1180
2243 1190
2218 1195
2193 1200
2169 1207
2144 1210
2119 1212
2094 1217
2069 1220
2044 1215
2019 1217
1994 1220
1969 1220
1944 1220
1919 1220
1894 1215
1869 1210
1846 1200
1821 1195
1796 1190
1774 1177
1754 1162
1732 1150
1712 1135
1687 1130
1662 1129
1637 1125
1612 1125
1587 1125
1562 1125
1537 1125
1512 1130
1487 1130
1462 1135
1437 1130
1412 1130
1387 1134
1363 1143
1339 1150
1314 1152
1290 1160
1265 1165
1243 1178
1223 1193
1200 1205
1180 1220
1160 1235
1140 1250
1118 1263
1096 1275
1073 1285
1050 1295
1025 1300
1001 1310
976 1315
951 1320
926 1325
901 1325
876 1330
851 1330
826 1330
803 1320
778 1320
753 1325
728 1325
703 1325
678 1320
653 1315
628 1310
603 1305
578 1300
555 1290
530 1285
507 1275
482 1269
458 1260
438 1245
420 1227
396 1220
371 1215
346 1210
324 1197
304 1182
282 1170
262 1155
242 1140
222 1125
202 1110
187 1090
175 1068
169 1043
164 1018
156 994
149 970
139 947
139 922
139 897
139 872
