134 637
134 612
139 587
149 557
161 535
176 515
194 497
212 479
232 464
255 454
278 444
301 434
324 424
349 419
372 409
397 409
422 404
447 399
472 399
497 394
522 394
547 389
572 389
597 384
622 384
647 379
672 374
697 374
722 369
746 360
771 359
796 355
821 354
846 349
871 349
896 349
921 344
946 344
971 344
996 344
1021 344
1046 344
1071 339
1096 339
1121 334
1146 329
1171 324
1196 319
1221 315
1245 306
1269 297
1294 292
1318 284
1343 289
1368 284
1393 279
1417 269
1442 264
1467 259
1492 254
1517 249
1542 244
1567 244
1592 239
1617 234
1642 229
1667 229
1692 224
1717 219
1742 219
1767 214
1792 209
1817 209
1842 204
1867 199
1892 199
1917 194
1942 194
1967 189
1992 189
2017 184
2042 184
2067 184
2092 184
2117 184
2142 189
2167 194
2192 199
2215 209
2239 216
2261 229
2283 241
2303 256
2323 271
2338 291
2355 310
2365 333
2375 356
2382 380
2394 402
2403 426
2412 450
2424 472
2430 497
2438 521
2445 545
2455 568
2455 593
2460 618
2460 643
2460 668
2455 710
2450 740
2445 765
2435 805
2425 830
2414 862
2395 880
2375 895
2360 915
2353 953
2340 975
2325 995
2307 1014
2287 1029
2263 1038
2239 1045
2214 1050
2189 1055
2164 1055
2139 1055
2114 1057
2089 1055
2064 1050
2039 1050
2014 1045
1989 1040
1964 1035
1939 1032
1915 1025
1890 1022
1866 1015
1846 999
1834 977
1834 952
1824 910
1799 910
1774 910
1749 905
1724 905
1699 905
1674 905
1649 905
1624 907
1599 910
1574 905
1549 905
1524 910
1499 910
1474 910
1449 910
1424 915
1399 915
1374 920
1349 925
1324 930
1299 935
1276 945
1252 954
1228 963
1206 975
1183 985
1160 995
1139 1010
1116 1020
1092 1029
1067 1035
1043 1043
1018 1045
993 1050
968 1055
943 1055
918 1055
893 1055
868 1055
843 1050
818 1050
793 1045
768 1040
743 1035
718 1030
693 1025
668 1020
643 1015
618 1010
595 1000
571 993
547 985
522 979
498 970
475 960
451 953
429 940
405 932
383 920
360 910
337 899
315 887
293 875
273 860
251 848
233 830
213 815
194 798
184 775
169 755
154 735
144 712
139 687
134 662
