154 1222
154 1197
159 1172
169 1142
181 1120
189 1092
204 1072
216 1050
231 1030
244 1007
259 987
271 965
286 945
301 925
316 905
336 890
354 872
372 854
392 839
412 824
435 814
460 809
485 804
510 799
535 794
560 794
585 789
610 784
629 767
644 747
662 729
682 714
702 699
717 679
737 664
755 646
774 627
792 609
810 591
830 576
845 556
860 536
875 516
890 496
902 474
917 454
932 434
949 412
964 392
979 367
989 342
1004 322
1019 297
1031 275
1046 255
1059 227
1069 202
1079 162
1084 117
1099 97
1121 84
1146 84
1166 99
1180 120
1180 145
1175 170
1165 215
1155 245
1145 270
1133 298
1118 318
1105 340
1094 367
1075 385
1065 410
1050 435
1035 455
1020 475
1003 498
988 518
975 540
960 560
945 585
927 604
912 624
897 644
877 659
859 677
840 695
822 714
804 732
784 747
769 767
751 785
731 800
719 822
700 840
680 855
665 875
647 894
632 914
612 929
594 947
579 967
560 985
540 1000
525 1020
510 1040
492 1059
474 1077
459 1097
444 1117
425 1135
405 1150
383 1165
360 1175
340 1190
320 1205
298 1218
276 1230
256 1245
236 1260
211 1265
186 1259
166 1244
