99 142
99 117
114 97
136 84
161 84
181 99
195 120
195 145
200 170
205 195
215 218
225 241
235 264
250 284
263 306
278 326
290 348
300 371
314 392
329 412
344 432
360 452
375 472
387 494
402 514
417 534
432 554
447 574
467 589
485 607
503 625
520 644
539 661
559 676
575 696
593 714
615 727
633 745
648 765
665 784
690 787
714 794
739 794
764 799
789 804
814 809
839 814
862 824
884 836
904 851
922 869
940 887
960 902
975 922
990 942
1005 962
1017 984
1032 1004
1044 1026
1060 1046
1070 1069
1085 1089
1095 1112
1105 1135
1115 1158
1120 1183
1120 1230
1104 1252
1082 1264
1057 1265
1035 1252
1013 1240
993 1225
973 1210
950 1200
930 1185
910 1170
887 1159
867 1144
847 1129
829 1111
814 1091
799 1071
781 1053
764 1034
747 1015
732 995
712 980
694 962
679 942
660 925
641 908
626 888
609 869
592 850
572 835
557 815
542 795
522 779
504 761
486 743
468 725
450 707
432 689
414 671
396 653
376 638
361 618
346 598
328 580
316 558
301 538
289 516
274 496
259 476
244 456
229 436
214 416
204 393
190 372
178 350
166 328
151 308
139 286
129 263
119 240
114 215
104 192
99 167
