29 642
29 617
39 592
51 570
64 547
79 527
97 509
117 494
137 479
157 464
182 459
207 454
232 449
257 449
282 449
307 449
332 454
357 459
382 464
407 469
430 479
453 489
475 502
493 520
513 535
530 554
553 564
578 565
603 569
628 574
653 574
678 574
703 574
728 574
753 574
778 574
803 569
828 569
853 564
878 564
903 559
928 559
953 554
978 554
1003 549
1028 544
1053 539
1078 534
1102 524
1127 519
1152 514
1172 499
1197 494
1222 499
1240 517
1241 560
1226 580
1208 598
1183 605
1159 612
1134 617
1110 625
1085 630
1060 635
1035 640
1010 645
985 650
960 650
935 655
910 655
885 660
860 660
835 665
810 670
785 670
760 670
735 670
710 670
685 670
660 670
635 670
610 665
585 665
560 660
535 660
510 655
485 655
460 650
435 650
410 645
385 645
360 645
335 645
310 645
285 645
260 645
235 650
210 650
185 655
160 660
136 670
111 675
86 680
61 679
41 664
