145 501
145 476
150 451
160 416
175 391
190 371
205 351
225 331
240 311
255 291
274 273
296 260
315 241
335 225
356 210
379 200
402 190
425 180
450 175
475 170
500 165
525 165
550 168
575 173
599 181
619 196
636 215
654 233
669 253
688 270
700 292
711 315
730 332
738 356
750 378
755 403
765 426
775 449
775 474
785 497
785 522
785 547
773 593
760 615
745 640
730 660
710 675
693 698
674 715
651 725
626 730
601 730
576 730
551 725
526 723
501 720
476 715
451 710
428 700
404 691
384 676
366 658
348 640
335 618
327 594
315 572
305 549
295 526
295 501
295 476
305 446
320 426
333 404
351 385
366 365
386 350
406 335
426 320
449 310
474 310
499 310
524 310
549 315
574 321
595 335
614 352
630 372
644 393
655 416
655 441
654 467
639 487
621 505
601 520
581 535
558 545
534 552
510 560
485 556
465 541
460 516
475 496
500 490
525 485
548 475
568 459
577 419
562 399
540 387
516 380
491 380
466 380
444 392
424 407
405 425
390 445
375 465
365 490
366 515
375 539
385 562
393 586
410 605
426 625
449 635
474 641
499 645
524 650
549 655
574 656
599 660
624 660
647 650
662 630
680 611
695 591
710 566
715 540
715 515
713 490
705 466
700 441
694 416
682 394
675 370
659 350
645 329
634 306
614 291
600 270
581 253
559 240
534 235
509 235
484 240
459 245
434 250
411 260
389 272
367 284
349 302
329 317
311 335
291 350
279 372
260 390
245 410
230 430
220 460
215 485
215 510
215 535
215 560
215 585
215 610
225 633
234 657
246 679
266 694
286 709
306 725
330 733
350 748
370 763
392 775
417 780
442 785
467 790
492 795
517 800
542 805
567 810
592 810
617 810
642 815
667 820
692 820
717 820
742 820
767 820
792 820
817 820
842 820
867 820
892 820
917 815
942 820
967 815
992 815
1017 820
1042 815
1067 820
1092 820
1117 815
1142 820
1167 815
1192 820
1217 820
1242 820
1267 820
1292 815
1317 815
1342 810
1367 810
1392 805
1417 805
1442 805
1467 805
1492 805
1517 800
1542 795
1567 795
1592 795
1617 795
1642 795
1667 790
1692 790
1717 790
1742 790
1767 790
1792 790
1817 790
1842 790
1867 790
1892 790
1917 785
1942 790
1967 790
1992 790
2017 785
2042 785
2067 780
2092 775
2117 770
2142 770
2167 770
2192 770
2217 770
2242 775
2267 780
2292 785
2316 794
2340 803
2364 811
2388 820
2411 830
2434 840
2459 845
2482 855
2506 864
2529 875
2552 885
2575 895
2600 900
2621 914
2641 930
2661 945
2681 960
2696 980
2714 998
2729 1018
2740 1041
2745 1066
2750 1091
2755 1116
2755 1141
2755 1166
2750 1195
2745 1240
2740 1265
2730 1295
2720 1320
2715 1345
2705 1385
2695 1420
2688 1448
2675 1470
2663 1503
2650 1525
2635 1550
2620 1570
2602 1589
2584 1607
2566 1625
2546 1640
2526 1655
2506 1670
2483 1680
2460 1690
2437 1700
2413 1708
2388 1715
2363 1718
2338 1720
2313 1725
2288 1725
2263 1719
2239 1710
2215 1701
2190 1695
2166 1688
2144 1675
2120 1668
2100 1653
2080 1638
2060 1623
2049 1600
2026 1589
2010 1569
2000 1546
1995 1521
1995 1496
1995 1471
1995 1446
1995 1421
2008 1399
2020 1371
2030 1341
2043 1319
2055 1296
2070 1276
2083 1254
2103 1239
2115 1216
2130 1196
2150 1181
2174 1173
2196 1160
2219 1150
2244 1143
2268 1135
2293 1130
2318 1125
2343 1125
2366 1135
2389 1145
2410 1159
2430 1174
2450 1190
2466 1210
2485 1227
2507 1240
2520 1262
2540 1278
2550 1301
2557 1325
2569 1347
2575 1372
2580 1397
2575 1435
2560 1455
2545 1480
2530 1500
2512 1519
2494 1537
2474 1552
2454 1567
2432 1580
2408 1588
2383 1590
2358 1595
2333 1589
2312 1575
2287 1569
2265 1556
2245 1541
2226 1524
2218 1500
2210 1476
2210 1451
2210 1426
2223 1404
2238 1384
2256 1365
2280 1356
2305 1350
2330 1353
2350 1368
2345 1405
2325 1420
2300 1425
2280 1440
2280 1465
2290 1488
2310 1503
2334 1511
2356 1524
2381 1520
2406 1515
2431 1510
2454 1500
2471 1480
2490 1461
2503 1439
2510 1397
2505 1372
2495 1349
2488 1325
2473 1305
2455 1287
2437 1269
2420 1250
2400 1235
2379 1221
2357 1209
2335 1196
2310 1200
2285 1205
2260 1210
2237 1220
2213 1228
2191 1240
2171 1255
2156 1275
2138 1293
2125 1315
2110 1335
2098 1358
2085 1380
2078 1408
2065 1430
2065 1455
2065 1480
2065 1505
2070 1530
2086 1550
2104 1568
2123 1585
2143 1600
2165 1613
2189 1620
2212 1630
2236 1639
2261 1645
2286 1650
2311 1650
2336 1650
2361 1645
2386 1640
2411 1635
2434 1625
2457 1615
2479 1603
2499 1588
2519 1573
2537 1555
2555 1536
2570 1516
2585 1496
2598 1474
2610 1446
2620 1421
2630 1386
2640 1351
2645 1326
2650 1301
2663 1279
2670 1246
2675 1221
2680 1176
2685 1150
2685 1125
2680 1100
2678 1075
2670 1051
2654 1031
2636 1013
2618 995
2596 983
2578 965
2555 955
2541 934
2521 919
2500 905
2477 894
2453 885
2428 880
2403 880
2378 880
2353 880
2328 880
2303 883
2278 885
2253 888
2228 890
2203 890
2178 890
2153 890
2128 890
2103 890
2078 895
2053 895
2028 898
2003 905
1978 905
1955 915
1930 920
1905 925
1880 925
1855 925
1830 926
1805 925
1780 930
1755 925
1731 935
1706 938
1681 940
1656 935
1610 935
1585 940
1560 945
1535 951
1510 945
1485 946
1460 950
1435 946
1410 950
1385 946
1360 950
1335 946
1310 950
1285 945
1262 955
1239 945
1215 952
1191 945
1166 950
1141 945
1116 948
1091 950
1066 945
1041 945
1016 945
993 935
968 935
943 935
918 935
893 935
868 935
843 930
818 925
793 925
768 920
743 915
718 910
693 905
668 904
643 900
618 900
593 900
568 895
545 885
520 880
500 865
477 855
452 855
427 850
404 840
379 835
354 830
331 819
311 804
290 790
267 780
245 767
227 749
207 734
189 716
175 695
165 672
155 649
145 626
145 601
145 576
145 551
145 526
