20 1046
20 1021
30 991
30 966
35 941
48 919
60 896
79 878
99 863
117 845
137 830
157 815
179 803
203 794
228 789
252 780
277 780
302 785
327 785
352 785
377 785
402 785
427 785
452 785
477 785
502 785
527 785
552 785
577 785
602 785
627 785
652 785
677 785
702 790
727 790
752 795
770 771
790 756
814 748
836 735
861 730
886 730
911 730
934 740
957 750
977 765
995 783
1013 801
1031 819
1053 831
1078 835
1103 840
1128 840
1153 845
1178 845
1203 850
1228 850
1253 850
1278 849
1303 845
1328 840
1353 840
1378 835
1403 829
1427 820
1450 810
1473 799
1497 790
1517 775
1535 756
1554 738
1569 718
1580 691
1590 656
1600 621
1605 591
1610 555
1610 530
1610 505
1610 480
1610 455
1610 430
1605 405
1600 380
1590 357
1580 334
1570 311
1558 289
1540 271
1518 259
1497 245
1474 235
1449 229
1424 229
1399 229
1374 229
1349 234
1326 244
1304 256
1284 271
1269 291
1259 321
1259 346
1264 371
1271 395
1284 417
1299 437
1314 457
1332 475
1347 495
1367 510
1390 520
1415 515
1438 505
1450 481
1433 458
1409 465
1384 460
1359 455
1336 445
1295 366
1305 336
1320 311
1340 296
1363 284
1387 275
1412 275
1437 275
1462 280
1487 285
1507 300
1527 315
1545 333
1560 353
1570 376
1577 400
1580 425
1575 465
1565 510
1558 538
1546 560
1534 582
1519 602
1500 620
1480 635
1458 648
1434 657
1409 660
1384 660
1359 660
1334 660
1310 652
1288 640
1265 630
1246 613
1226 598
1208 580
1190 562
1172 544
1160 522
1150 499
1140 476
1140 451
1140 426
1140 401
1140 376
1140 351
1140 326
1145 281
1155 256
1160 226
1173 204
1193 189
1211 170
1234 158
1256 145
1279 135
1304 130
1329 123
1351 110
1376 105
1401 105
1426 105
1451 105
1476 105
1501 110
1525 118
1547 130
1570 140
1589 157
1611 169
1626 189
1644 207
1659 227
1677 245
1689 267
1704 287
1719 307
1729 330
1736 354
1748 376
1749 401
1760 424
1764 449
1769 474
1774 499
1784 522
1784 547
1784 572
1784 597
1784 622
1784 647
1774 671
1764 696
1755 725
1746 749
1734 771
1721 794
1701 809
1689 831
1669 846
1653 868
1633 883
1613 898
1593 913
1573 928
1550 940
1526 949
1503 959
1479 966
1455 975
1431 984
1406 989
1381 994
1358 1004
1333 1009
1308 1009
1283 1009
1258 1009
1233 1009
1208 1004
1183 1004
1158 999
1134 991
1110 984
1093 1003
1078 1023
1058 1038
1034 1047
1009 1050
984 1050
959 1050
939 1035
914 1040
890 1031
865 1025
842 1015
817 1010
794 1000
770 992
748 980
733 960
720 938
709 915
684 914
659 914
634 914
609 914
584 914
559 914
534 914
509 914
484 914
459 916
434 919
406 919
381 919
356 919
331 919
306 919
283 929
259 937
240 955
225 975
210 995
195 1015
180 1035
170 1060
165 1085
165 1110
170 1135
176 1160
185 1184
200 1204
219 1221
239 1236
259 1251
274 1271
291 1290
311 1305
335 1313
357 1325
382 1325
406 1315
429 1305
450 1291
470 1276
485 1256
495 1231
505 1206
510 1179
510 1154
505 1129
494 1106
479 1086
459 1071
435 1064
410 1064
385 1065
380 1095
380 1120
381 1145
404 1155
429 1161
444 1181
449 1206
444 1241
429 1261
409 1276
385 1284
360 1284
335 1281
311 1274
235 1199
225 1176
224 1151
219 1126
215 1101
215 1076
215 1051
230 1026
249 1008
267 990
289 978
311 965
336 960
361 955
386 950
420 940
448 940
473 940
498 945
521 955
544 966
566 979
588 991
606 1009
621 1029
635 1050
649 1071
655 1096
655 1121
655 1146
650 1190
638 1228
625 1250
615 1275
605 1300
591 1325
579 1347
564 1367
546 1385
526 1400
506 1415
483 1425
460 1435
435 1440
410 1445
385 1450
360 1450
335 1450
310 1446
285 1445
261 1438
237 1430
214 1420
191 1410
171 1395
150 1381
130 1366
111 1349
94 1330
75 1313
64 1290
50 1269
40 1246
35 1221
29 1196
25 1171
25 1146
25 1121
25 1096
20 1071
