85 1196
85 1171
98 1149
116 1130
135 1111
158 1099
180 1086
204 1078
228 1070
253 1065
278 1065
303 1070
323 1085
343 1100
360 1119
365 1144
365 1169
360 1195
353 1238
341 1260
323 1278
301 1290
279 1302
255 1310
230 1305
209 1291
189 1276
174 1256
159 1236
155 1211
155 1186
165 1163
218 1130
243 1135
258 1155
273 1175
280 1199
269 1225
246 1214
243 1189
228 1169
203 1173
190 1195
190 1220
204 1241
221 1260
244 1271
269 1270
292 1260
312 1245
320 1221
325 1191
330 1142
315 1122
295 1107
271 1100
246 1100
221 1105
198 1115
175 1125
155 1140
135 1155
120 1175
120 1200
121 1225
130 1249
143 1271
160 1290
176 1310
196 1325
216 1340
241 1345
266 1350
291 1350
316 1345
339 1333
355 1311
368 1289
383 1269
390 1241
395 1216
405 1171
405 1146
410 1116
410 1091
410 1066
410 1041
410 1016
410 991
410 966
410 941
410 916
410 891
410 866
410 841
410 816
405 791
405 766
405 741
405 716
400 691
400 666
400 641
395 616
395 591
395 566
395 541
395 516
395 491
395 466
395 441
390 416
385 391
385 366
385 341
395 301
405 276
415 246
425 216
438 194
450 156
465 136
480 116
500 96
523 85
548 80
573 80
598 80
623 85
648 90
673 95
696 105
721 110
744 120
767 130
787 145
805 163
820 183
835 203
845 226
855 249
860 274
865 299
855 330
845 365
835 390
820 415
800 430
784 452
760 460
735 460
710 457
688 445
664 436
642 424
622 409
602 394
590 372
578 350
570 326
565 301
565 276
578 254
595 231
614 213
632 195
652 180
676 170
701 165
726 175
749 186
766 205
781 225
794 247
790 295
780 320
765 340
741 350
716 350
695 336
680 316
675 291
698 280
713 300
733 315
753 299
760 257
755 232
737 214
715 201
690 200
666 210
646 225
628 243
613 263
600 285
605 310
610 335
620 358
638 376
658 391
678 406
702 415
725 425
750 425
773 414
791 395
806 375
815 351
825 320
825 295
825 270
819 245
805 218
790 198
773 179
746 160
721 150
685 136
660 130
635 125
611 118
586 115
561 115
536 120
514 132
495 150
480 170
463 193
440 236
440 261
440 286
445 311
445 336
445 361
445 386
445 411
450 436
455 461
460 486
465 511
465 536
465 561
468 586
465 635
470 660
475 690
475 715
475 740
475 765
475 790
475 815
475 840
475 865
475 890
475 915
470 950
470 975
470 1000
465 1030
460 1065
455 1095
450 1125
450 1150
440 1185
430 1210
420 1250
412 1284
397 1304
388 1328
373 1348
353 1365
330 1375
307 1385
282 1385
257 1385
232 1380
207 1374
187 1359
167 1344
147 1329
132 1309
115 1290
101 1269
90 1246
85 1221
