165 2386
165 2361
170 2336
180 2311
195 2291
214 2273
232 2255
252 2240
270 2221
293 2209
315 2191
335 2176
360 2170
383 2159
407 2150
432 2145
455 2135
480 2131
505 2125
530 2125
555 2125
580 2130
603 2140
625 2153
645 2168
665 2183
683 2201
701 2219
716 2239
728 2261
730 2286
730 2311
725 2345
720 2385
715 2415
715 2440
705 2465
695 2495
680 2515
660 2535
645 2555
625 2570
602 2580
579 2590
556 2600
533 2610
508 2615
483 2615
458 2609
435 2598
415 2583
395 2568
377 2550
360 2531
345 2511
330 2491
315 2471
310 2446
310 2421
310 2396
310 2371
320 2336
335 2311
354 2293
374 2278
396 2265
419 2255
444 2255
469 2256
489 2271
509 2286
531 2299
551 2314
565 2335
570 2360
576 2385
580 2410
565 2430
544 2445
521 2455
496 2455
471 2454
451 2439
440 2416
440 2391
440 2366
452 2339
431 2325
409 2337
390 2355
380 2385
380 2410
380 2435
386 2460
401 2480
419 2498
439 2513
459 2528
481 2540
506 2545
531 2540
554 2528
578 2520
598 2504
620 2486
633 2464
640 2436
645 2401
650 2376
655 2336
660 2287
651 2263
631 2248
613 2230
593 2215
573 2200
548 2195
523 2195
498 2195
475 2205
450 2205
427 2215
403 2223
381 2235
356 2240
341 2260
318 2270
299 2287
279 2302
260 2320
245 2340
235 2370
235 2395
240 2420
241 2445
250 2469
255 2494
268 2516
280 2538
298 2556
315 2575
331 2595
349 2613
369 2628
388 2645
408 2660
428 2675
451 2685
476 2690
501 2695
526 2695
551 2695
576 2695
601 2695
626 2690
649 2680
672 2670
690 2646
705 2626
724 2608
730 2581
745 2561
760 2541
775 2516
780 2481
785 2451
795 2406
805 2371
805 2346
810 2316
810 2291
815 2246
820 2206
820 2181
820 2156
820 2131
820 2106
820 2081
820 2056
820 2031
820 2006
815 1981
815 1941
815 1901
815 1861
815 1821
815 1781
820 1751
815 1726
820 1695
820 1670
820 1645
818 1620
815 1595
810 1570
810 1545
805 1520
805 1495
805 1470
805 1445
805 1420
803 1395
795 1371
795 1346
795 1321
795 1296
795 1271
790 1246
790 1221
790 1196
790 1171
790 1146
790 1121
790 1096
790 1071
785 1046
790 1016
785 991
790 949
790 924
790 899
783 875
775 851
775 826
770 801
770 776
770 751
770 726
770 701
770 676
780 636
785 596
790 556
790 531
790 506
800 476
800 451
805 421
805 396
810 371
820 341
830 316
835 281
845 256
860 236
879 218
891 195
910 176
925 156
944 138
966 125
985 106
1005 91
1028 79
1052 70
1077 65
1102 65
1127 65
1152 65
1177 70
1202 75
1226 84
1251 85
1275 93
1299 100
1322 110
1342 125
1366 134
1388 146
1408 161
1428 176
1446 194
1466 210
1489 221
1509 236
1524 256
1545 270
1565 285
1584 302
1602 320
1620 338
1635 358
1653 376
1668 396
1680 418
1689 442
1698 466
1705 490
1715 513
1715 538
1720 563
1725 588
1725 613
1713 658
1708 683
1695 705
1688 743
1675 765
1661 795
1649 817
1630 835
1615 855
1595 870
1580 890
1559 905
1534 910
1509 915
1484 915
1459 915
1434 915
1410 906
1387 895
1364 885
1340 876
1317 865
1295 852
1275 837
1253 825
1237 805
1215 793
1195 778
1180 758
1172 734
1160 712
1150 689
1143 665
1135 641
1130 616
1125 591
1125 566
1135 541
1145 516
1160 491
1180 476
1193 454
1211 435
1230 416
1245 396
1265 381
1285 366
1310 360
1333 349
1357 340
1380 330
1405 330
1430 330
1451 344
1473 356
1493 371
1511 389
1529 407
1544 427
1562 445
1575 467
1585 490
1590 515
1595 540
1595 565
1583 588
1570 610
1566 635
1551 655
1528 665
1503 664
1479 655
1454 650
1431 639
1410 625
1391 608
1373 590
1365 566
1365 541
1380 516
1395 496
1420 490
1441 504
1464 515
1487 525
1512 530
1510 486
1504 461
1489 441
1470 424
1449 410
1425 401
1400 400
1375 400
1353 413
1328 420
1305 430
1290 450
1270 465
1250 485
1235 505
1220 530
1208 553
1195 575
1200 600
1205 625
1210 650
1220 673
1229 697
1241 719
1256 739
1276 754
1294 772
1316 784
1336 799
1358 811
1380 823
1404 830
1427 840
1452 845
1477 845
1502 845
1527 840
1547 825
1565 806
1584 788
1599 768
1611 745
1620 716
1633 694
1640 656
1650 616
1650 574
1645 549
1642 524
1635 500
1625 477
1616 453
1604 431
1589 411
1574 391
1556 373
1538 355
1518 340
1498 325
1476 313
1454 300
1430 291
1406 283
1382 275
1357 270
1332 265
1307 260
1284 250
1260 241
1235 235
1210 230
1185 235
1164 250
1141 260
1119 272
1095 280
1071 290
1048 300
1025 310
1012 334
997 354
988 378
975 400
973 443
964 467
945 485
920 490
910 525
915 565
920 590
910 615
920 638
920 663
920 688
910 715
890 730
890 755
890 780
890 805
895 830
895 855
896 880
905 904
905 929
915 952
920 977
925 1002
925 1027
925 1052
925 1080
925 1105
925 1135
930 1160
935 1205
940 1230
935 1298
940 1323
945 1348
945 1385
945 1425
950 1450
945 1475
950 1500
945 1525
950 1550
945 1575
945 1615
950 1640
945 1665
950 1690
945 1715
945 1755
945 1795
945 1835
945 1860
945 1885
935 1910
935 1935
935 1960
935 1985
935 2010
930 2055
925 2090
920 2130
915 2160
910 2190
905 2215
900 2245
900 2270
900 2295
900 2320
890 2345
880 2370
865 2405
855 2430
850 2465
840 2500
835 2530
828 2558
815 2580
795 2600
785 2630
774 2657
756 2675
741 2695
723 2713
703 2728
680 2740
658 2753
634 2762
609 2765
584 2765
559 2765
534 2765
509 2765
484 2765
459 2760
435 2752
411 2745
390 2731
370 2715
349 2701
331 2683
311 2668
291 2653
273 2635
260 2613
243 2594
225 2576
212 2554
200 2532
190 2509
180 2486
175 2461
170 2436
165 2411
