95 861
95 891
95 916
95 951
100 976
110 999
120 1022
132 1044
145 1071
162 1090
175 1112
195 1127
213 1145
228 1165
253 1170
273 1185
298 1190
323 1195
346 1205
371 1210
396 1213
421 1210
446 1210
471 1205
494 1195
517 1185
537 1169
559 1157
577 1139
595 1120
615 1105
628 1083
645 1060
660 1030
670 1000
675 970
675 930
660 910
660 885
655 860
644 837
630 816
614 796
599 776
579 761
556 750
531 745
506 740
481 735
456 730
431 730
406 730
384 743
359 750
338 764
315 776
300 796
290 821
285 851
285 881
285 906
285 936
295 959
301 984
314 1006
332 1024
354 1036
376 1048
400 1055
425 1060
450 1055
473 1043
491 1025
500 986
498 961
480 943
456 935
432 945
409 935
390 918
380 895
380 870
395 850
420 845
445 840
470 845
495 850
520 855
540 870
554 891
565 914
565 961
555 1001
540 1026
520 1051
499 1070
476 1080
454 1093
429 1095
405 1103
380 1105
355 1100
330 1095
307 1085
287 1070
265 1057
249 1037
230 1020
217 995
205 973
199 948
195 923
185 900
185 875
204 857
215 820
228 798
243 778
255 755
274 737
293 720
316 710
340 700
365 695
390 695
413 685
438 690
463 695
488 700
513 705
538 710
563 710
588 714
613 719
638 720
663 725
688 730
713 735
738 740
763 745
788 750
812 759
837 765
860 775
883 785
906 795
931 800
954 810
978 819
1003 825
1026 835
1049 845
1072 855
1097 860
1120 870
1145 870
1170 875
1190 890
1211 904
1234 915
1258 924
1283 925
1306 935
1331 940
1356 945
1381 950
1406 955
1431 955
1454 945
1479 945
1504 945
1529 942
1554 937
1579 935
1604 930
1629 925
1652 914
1676 905
1698 893
1722 884
1742 869
1764 857
1784 842
1800 820
1823 810
1840 785
1859 767
1871 745
1885 720
1900 695
1913 673
1915 645
1920 620
1925 590
1930 560
1925 530
1925 505
1925 475
1925 445
1920 415
1920 383
1910 360
1905 331
1895 308
1885 285
1878 261
1860 243
1851 219
1839 197
1826 175
1806 160
1791 140
1771 125
1751 109
1729 96
1705 88
1680 85
1655 80
1630 75
1605 70
1580 70
1555 76
1530 83
1505 85
1480 90
1455 96
1431 105
1409 118
1389 133
1370 151
1363 179
1350 201
1345 226
1340 251
1340 276
1340 301
1344 326
1345 351
1349 376
1350 401
1360 424
1370 447
1382 469
1400 487
1420 502
1435 522
1455 537
1477 550
1497 565
1521 573
1546 578
1571 580
1596 575
1620 565
1645 560
1664 542
1686 530
1706 515
1715 485
1725 455
1730 430
1735 395
1725 372
1712 350
1700 328
1680 313
1660 298
1638 285
1613 280
1588 280
1565 291
1545 311
1525 326
1520 356
1525 381
1536 404
1560 411
1585 405
1608 415
1610 451
1601 475
1576 480
1551 480
1526 475
1511 455
1500 432
1484 412
1471 390
1464 366
1450 345
1450 315
1445 290
1450 260
1465 235
1484 217
1508 208
1532 199
1557 195
1582 194
1607 199
1632 200
1657 205
1682 210
1705 220
1726 234
1746 249
1760 270
1770 293
1783 315
1795 337
1800 362
1805 387
1805 412
1805 437
1805 466
1805 496
1800 521
1800 551
1795 581
1780 606
1783 634
1778 659
1765 681
1750 706
1735 735
1715 751
1697 770
1677 785
1654 795
1631 805
1608 815
1585 825
1560 830
1535 830
1510 830
1485 830
1460 830
1435 833
1410 833
1385 835
1360 835
1335 830
1310 825
1285 825
1260 820
1235 818
1210 812
1186 805
1161 800
1136 795
1111 789
1090 775
1067 765
1042 765
1019 755
996 745
976 730
953 720
929 711
904 705
881 695
858 685
835 675
814 661
789 661
764 660
741 650
716 645
693 635
669 626
644 620
620 613
595 608
571 600
548 590
523 585
500 575
475 575
450 574
429 560
404 555
379 550
354 545
329 543
304 548
282 560
258 569
235 581
213 594
193 609
170 621
150 641
135 666
125 691
115 721
110 751
105 776
100 806
95 836
