175 1046
175 1021
185 996
180 971
190 926
205 906
218 884
225 846
225 811
238 789
245 761
260 741
279 723
291 700
310 681
330 661
350 641
370 621
390 606
410 591
429 573
447 555
469 543
489 528
513 520
535 506
558 495
581 485
606 480
629 470
654 470
679 470
704 470
725 484
750 483
774 490
797 500
821 509
844 520
865 534
888 545
908 560
931 570
946 590
970 598
985 618
1004 635
1021 654
1041 669
1055 690
1071 710
1085 731
1095 754
1108 776
1123 796
1131 820
1140 855
1150 895
1160 935
1170 958
1170 985
1170 1025
1175 1050
1165 1075
1160 1110
1150 1140
1140 1170
1130 1200
1110 1220
1100 1250
1080 1270
1064 1290
1047 1309
1029 1327
1007 1339
987 1354
962 1360
938 1368
914 1375
891 1385
866 1385
843 1395
818 1398
793 1405
768 1405
743 1405
718 1405
695 1395
672 1385
650 1373
633 1354
613 1339
595 1321
580 1301
565 1281
555 1258
546 1234
535 1211
535 1186
535 1161
535 1136
535 1111
545 1081
558 1059
573 1039
591 1020
611 1005
631 990
654 980
679 975
704 975
727 985
750 995
773 1005
795 1018
813 1036
828 1056
846 1074
860 1095
866 1120
870 1145
865 1170
855 1200
840 1225
820 1240
803 1263
781 1275
758 1285
733 1285
708 1280
683 1274
665 1256
660 1231
675 1211
700 1205
724 1212
749 1215
770 1201
789 1183
798 1159
795 1124
781 1103
763 1085
745 1067
723 1055
698 1049
673 1050
650 1060
630 1075
615 1095
605 1125
605 1150
605 1175
605 1200
615 1223
625 1246
639 1267
651 1289
673 1301
691 1319
714 1330
739 1335
764 1335
789 1335
814 1330
839 1325
864 1318
889 1315
912 1305
937 1300
961 1290
984 1278
1002 1260
1020 1241
1040 1221
1050 1191
1070 1171
1080 1141
1090 1111
1095 1076
1105 1046
1105 1006
1105 966
1100 941
1095 916
1085 893
1085 868
1075 845
1061 824
1050 801
1035 781
1025 758
1015 735
996 718
981 698
961 683
951 660
928 649
911 630
888 619
864 610
844 595
821 584
800 570
777 560
752 554
728 545
703 540
678 540
653 540
628 540
605 550
580 555
558 568
538 583
513 590
492 604
474 622
455 640
434 655
414 670
397 689
379 707
361 725
343 743
330 765
315 785
305 825
295 860
285 900
275 930
265 960
255 995
245 1035
250 1060
245 1085
250 1110
245 1140
250 1165
255 1210
265 1250
275 1290
289 1311
296 1335
310 1356
317 1380
325 1404
340 1424
355 1444
368 1466
380 1488
395 1508
410 1528
432 1540
447 1560
462 1580
484 1592
499 1612
523 1620
543 1635
563 1650
583 1665
603 1680
625 1693
650 1695
671 1709
696 1715
721 1720
746 1720
771 1715
795 1706
820 1700
844 1693
868 1685
893 1679
917 1670
940 1660
964 1653
988 1645
1011 1635
1030 1616
1053 1604
1071 1585
1091 1570
1106 1550
1121 1530
1136 1510
1151 1490
1165 1466
1180 1441
1195 1421
1208 1399
1223 1379
1235 1356
1248 1334
1260 1311
1275 1286
1290 1261
1303 1239
1315 1216
1330 1191
1340 1161
1353 1139
1361 1115
1370 1086
1380 1061
1393 1039
1405 1006
1418 984
1430 961
1445 941
1460 921
1475 901
1488 879
1500 856
1519 838
1535 816
1548 794
1560 766
1575 746
1590 726
1603 704
1618 684
1633 664
1653 649
1675 636
1698 624
1718 609
1736 590
1755 571
1779 563
1797 545
1819 533
1841 520
1864 510
1889 503
1913 495
1938 489
1962 480
1987 480
2012 480
2037 480
2062 480
2087 480
2112 485
2136 494
2161 500
2184 510
2207 520
2229 532
2247 550
2270 560
2291 574
2311 590
2334 601
2355 615
2374 632
2392 650
2410 668
2428 686
2445 705
2464 722
2479 742
2497 760
2512 780
2530 798
2550 813
2568 831
2586 849
2604 867
2622 885
2635 907
2649 928
2668 945
2685 964
2700 984
2713 1006
2725 1028
2740 1048
2752 1070
2767 1090
2779 1112
2794 1132
2805 1155
2811 1180
2826 1200
2839 1222
2840 1247
2850 1270
2856 1295
2860 1320
2870 1343
2874 1368
2880 1393
2880 1418
2880 1443
2870 1480
2860 1520
2858 1553
2845 1575
2838 1613
2826 1635
2814 1657
2799 1677
2780 1695
2762 1714
2744 1732
2725 1750
2705 1765
2680 1770
2660 1790
2640 1805
2618 1818
2598 1833
2574 1840
2551 1850
2527 1859
2502 1865
2479 1875
2454 1877
2430 1885
2405 1885
2380 1885
2355 1880
2331 1873
2307 1865
2284 1855
2260 1846
2237 1835
2214 1825
2190 1816
2165 1810
2141 1803
2121 1788
2099 1776
2080 1759
2059 1745
2045 1724
2034 1701
2021 1679
2010 1656
2004 1631
2000 1606
1995 1581
1995 1556
1995 1531
1995 1506
1995 1481
2005 1446
2018 1424
2030 1401
2043 1379
2058 1359
2070 1331
2090 1316
2105 1296
2125 1281
2144 1263
2166 1250
2189 1238
2213 1230
2238 1229
2263 1225
2288 1225
2313 1230
2338 1235
2361 1245
2384 1255
2404 1270
2424 1285
2444 1301
2459 1321
2474 1341
2485 1364
2494 1388
2495 1413
2495 1438
2490 1480
2485 1505
2473 1543
2461 1565
2441 1580
2421 1595
2396 1600
2371 1605
2346 1610
2321 1615
2296 1613
2274 1601
2254 1586
2239 1566
2221 1548
2209 1526
2205 1501
2205 1476
2220 1451
2235 1426
2255 1411
2280 1415
2299 1432
2290 1475
2275 1495
2289 1516
2304 1536
2329 1540
2354 1535
2379 1530
2404 1523
2415 1491
2425 1448
2425 1423
2420 1398
2412 1374
2397 1354
2379 1336
2359 1321
2337 1309
2313 1300
2288 1295
2263 1295
2238 1300
2213 1305
2190 1315
2170 1330
2152 1349
2134 1367
2115 1385
2103 1408
2090 1430
2075 1455
2065 1490
2065 1515
2065 1540
2065 1565
2070 1590
2070 1615
2076 1640
2089 1662
2100 1685
2116 1705
2136 1720
2156 1735
2179 1745
2202 1755
2227 1760
2251 1769
2271 1784
2296 1790
2320 1798
2344 1805
2367 1815
2392 1815
2417 1815
2442 1815
2465 1805
2490 1801
2515 1795
2538 1784
2562 1775
2584 1763
2606 1750
2626 1735
2645 1716
2668 1705
2690 1691
2710 1671
2730 1651
2750 1631
2765 1606
2775 1576
2785 1546
2790 1521
2800 1481
2810 1444
2810 1419
2810 1394
2805 1369
2800 1344
2790 1321
2789 1296
2780 1272
2770 1249
2765 1224
2750 1204
2743 1180
2730 1158
2715 1138
2705 1115
2690 1095
2680 1072
2665 1052
2653 1030
2638 1010
2620 992
2602 974
2590 952
2575 932
2557 914
2539 896
2521 878
2503 860
2487 840
2470 821
2450 805
2431 788
2413 770
2398 750
2378 735
2363 715
2345 697
2327 679
2307 664
2285 652
2263 640
2245 622
2223 610
2201 598
2183 580
2160 570
2135 566
2110 560
2087 550
2062 550
2037 550
2012 550
1987 550
1962 555
1937 560
1912 565
1889 575
1866 585
1844 597
1826 615
1808 633
1795 655
1780 675
1768 698
1755 720
1745 750
1735 780
1725 810
1715 840
1695 860
1688 888
1673 908
1660 930
1645 950
1638 978
1623 998
1610 1020
1595 1040
1580 1065
1570 1095
1560 1120
1553 1148
1541 1170
1529 1192
1514 1212
1495 1230
1480 1250
1465 1285
1455 1310
1440 1330
1428 1353
1408 1368
1393 1388
1380 1410
1365 1430
1349 1450
1332 1469
1317 1489
1302 1509
1284 1527
1272 1549
1252 1564
1232 1579
1214 1597
1196 1615
1174 1627
1154 1642
1134 1657
1112 1669
1087 1675
1063 1683
1041 1695
1021 1710
998 1720
977 1734
953 1743
930 1755
905 1760
882 1770
858 1778
834 1785
809 1790
784 1790
759 1790
734 1795
709 1795
685 1786
660 1780
636 1773
612 1764
588 1755
565 1745
542 1734
520 1721
497 1710
475 1697
453 1685
431 1673
409 1661
391 1643
371 1628
353 1610
338 1590
323 1570
308 1550
295 1528
285 1505
275 1482
265 1459
254 1436
241 1414
233 1390
224 1366
215 1342
205 1319
195 1296
190 1271
184 1246
179 1221
175 1196
175 1171
175 1146
175 1121
175 1096
175 1071
