1189 530
1179 507
1191 485
1211 470
1236 469
1258 481
1267 505
1291 514
1315 522
1337 534
1357 549
1379 561
1397 579
1415 597
1425 620
1440 640
1457 659
1465 683
1475 706
1475 731
1482 755
1502 770
1524 782
1546 794
1564 812
1584 827
1604 842
1628 849
1653 855
1653 893
1640 915
1622 940
1599 930
1599 905
1594 880
1578 860
1556 848
1534 835
1509 830
1486 819
1466 804
1444 792
1432 770
1419 748
1412 724
1405 700
1381 710
1358 720
1334 727
1310 735
1329 752
1345 772
1355 795
1365 818
1374 842
1385 875
1365 890
1342 900
1317 905
1299 887
1317 869
1324 836
1311 814
1296 794
1284 772
1262 760
1244 742
1239 717
1254 697
1266 675
1286 660
1309 649
1329 627
1311 609
1294 590
1271 580
1248 570
1236 548
1212 540
