464 867
464 842
479 822
501 810
526 804
551 799
574 809
595 823
610 843
628 861
646 879
660 900
664 845
664 820
664 795
659 770
653 745
628 740
604 732
580 725
555 720
532 709
514 691
501 669
494 645
484 622
484 597
484 572
494 547
494 522
504 492
522 474
546 465
570 456
595 452
615 467
630 487
642 509
650 533
672 545
695 534
718 524
743 519
763 504
751 474
739 452
727 430
702 425
677 420
655 408
644 385
634 362
629 337
629 312
629 287
644 262
664 247
688 239
713 239
738 239
758 224
764 192
764 167
759 142
777 124
799 112
821 100
846 104
869 114
894 114
919 119
944 119
969 124
994 124
1019 124
1044 124
1067 114
1087 99
1112 104
1125 126
1139 147
1157 165
1177 180
1198 194
1220 207
1232 229
1230 265
1230 290
1237 314
1250 336
1244 377
1225 395
1207 414
1184 425
1161 435
1139 447
1120 465
1127 489
1145 507
1157 529
1182 534
1207 534
1232 534
1250 552
1262 574
1282 589
1302 604
1320 622
1338 640
1353 660
1370 679
1385 699
1404 716
1410 741
1410 766
1409 802
1390 820
1375 840
1389 861
1395 886
1402 910
1403 953
1390 975
1375 1005
1360 1035
1348 1058
1335 1080
1323 1113
1310 1135
1296 1160
1276 1175
1251 1180
1226 1180
1201 1180
1178 1170
1153 1165
1131 1153
1109 1141
1094 1121
1076 1103
1054 1090
1034 1105
1009 1105
984 1105
959 1105
934 1105
909 1105
884 1105
859 1105
836 1095
811 1095
788 1105
765 1115
743 1128
721 1140
698 1150
673 1150
648 1155
623 1155
598 1155
576 1143
564 1121
549 1101
534 1081
524 1058
519 1033
511 1009
502 985
490 963
481 939
474 915
464 892
