474 867
474 842
492 824
517 819
542 819
567 814
590 824
605 844
615 867
635 882
653 900
673 915
689 885
689 860
684 835
682 810
678 785
666 763
644 750
629 730
606 720
583 710
559 702
537 690
519 672
504 652
499 627
499 602
499 577
499 552
511 530
524 507
544 492
559 472
583 464
608 470
623 490
635 512
650 532
672 544
697 544
722 539
747 534
754 490
744 467
739 442
720 425
695 420
672 410
654 392
649 367
644 342
644 317
659 292
677 274
700 264
725 259
749 247
764 227
769 187
769 162
769 137
784 112
808 104
831 114
856 119
876 134
901 139
926 144
951 144
976 144
1001 144
1026 144
1051 144
1076 144
1096 129
1119 119
1143 126
1155 148
1160 173
1178 191
1196 209
1216 224
1230 245
1240 268
1225 290
1239 311
1250 334
1237 364
1219 382
1204 402
1182 414
1157 420
1133 428
1110 440
1110 465
1135 469
1150 489
1170 504
1195 509
1220 509
1240 524
1250 547
1265 567
1283 585
1304 599
1320 619
1339 636
1350 659
1369 676
1380 699
1395 719
1405 742
1410 775
1399 812
1380 830
1382 855
1395 877
1400 902
1400 927
1400 952
1398 978
1385 1000
1374 1027
1359 1047
1340 1065
1324 1087
1305 1105
1289 1127
1271 1145
1256 1165
1231 1170
1206 1170
1181 1164
1164 1145
1144 1130
1124 1115
1100 1107
1076 1100
1053 1090
1028 1093
1003 1100
978 1100
953 1105
928 1105
903 1105
878 1100
854 1092
834 1077
812 1065
788 1073
776 1095
753 1105
728 1105
703 1105
678 1105
654 1112
629 1115
604 1115
579 1115
560 1098
545 1078
536 1054
524 1032
512 1010
499 988
489 965
479 942
474 917
474 892
