474 572
474 547
484 517
496 495
511 475
529 457
551 445
575 454
598 464
618 480
630 502
638 526
648 549
673 549
698 544
723 539
746 529
759 500
759 475
744 455
734 432
712 420
687 414
669 396
656 374
644 352
644 327
639 302
639 277
654 257
676 244
699 234
724 234
748 241
772 249
784 227
784 202
779 177
774 152
774 127
794 112
814 97
836 85
861 84
875 105
882 129
907 134
932 134
957 134
982 134
1007 139
1032 139
1057 139
1082 134
1102 119
1122 104
1140 122
1150 145
1152 170
1170 188
1182 210
1202 225
1222 240
1240 258
1220 280
1227 304
1239 326
1240 351
1231 375
1216 395
1204 417
1184 432
1160 440
1135 440
1110 440
1110 465
1129 482
1140 505
1161 519
1186 524
1211 524
1236 524
1250 545
1257 569
1275 587
1290 607
1305 627
1323 645
1335 667
1353 685
1368 705
1383 725
1395 747
1398 788
1385 810
1370 830
1370 855
1375 880
1385 903
1385 928
1375 970
1365 995
1349 1017
1330 1035
1315 1060
1300 1085
1290 1110
1280 1135
1263 1155
1240 1165
1215 1170
1190 1170
1167 1160
1145 1147
1125 1132
1107 1114
1089 1096
1075 1075
1050 1075
1028 1088
1006 1100
981 1105
956 1105
931 1105
906 1105
883 1095
861 1083
843 1065
818 1063
796 1075
778 1093
756 1105
731 1110
708 1120
683 1125
658 1130
633 1130
608 1130
585 1120
571 1099
559 1077
544 1057
534 1034
527 1010
515 988
499 968
489 945
479 922
474 897
474 872
474 847
489 827
511 814
536 814
561 814
586 819
606 834
618 856
630 878
648 896
665 915
679 890
679 865
679 840
679 815
677 790
674 765
658 745
635 735
612 724
590 712
568 700
546 688
524 675
501 664
486 644
474 622
474 597
