484 872
484 847
506 834
531 829
555 821
580 827
592 849
604 871
615 894
630 914
653 924
678 929
679 887
679 862
679 837
674 812
674 787
669 762
650 745
627 735
605 723
587 705
567 689
546 675
524 662
512 640
509 615
499 592
499 567
499 542
514 517
529 497
544 477
566 465
590 456
612 444
627 464
650 474
665 494
675 517
697 529
722 529
747 524
767 504
749 486
749 461
740 437
716 430
691 429
669 417
654 397
639 377
639 352
639 327
639 302
649 272
671 259
694 247
718 239
743 234
761 215
769 172
769 147
769 122
787 104
811 95
836 99
854 117
873 134
898 135
923 139
948 139
973 144
998 145
1023 149
1048 149
1073 144
1091 125
1116 124
1130 145
1144 166
1159 186
1181 199
1203 211
1223 226
1225 260
1225 285
1239 306
1250 329
1244 357
1226 375
1208 393
1185 405
1162 415
1138 423
1125 445
1120 475
1137 494
1152 514
1172 529
1197 529
1222 529
1247 534
1260 556
1274 577
1294 592
1313 609
1335 622
1353 640
1370 659
1385 679
1398 701
1410 723
1420 746
1420 790
1400 805
1385 825
1390 850
1400 873
1405 898
1410 923
1402 969
1393 993
1380 1015
1370 1040
1358 1063
1343 1083
1330 1105
1312 1129
1297 1149
1277 1164
1252 1170
1227 1175
1202 1180
1177 1174
1155 1162
1140 1142
1122 1124
1102 1109
1080 1097
1058 1085
1033 1085
1010 1095
985 1100
960 1100
935 1105
910 1105
885 1105
862 1094
838 1085
823 1065
800 1075
783 1098
763 1113
741 1125
718 1135
695 1145
670 1145
645 1145
620 1145
597 1135
577 1120
559 1102
544 1082
529 1062
514 1042
499 1022
494 997
494 972
489 947
489 922
489 897
