229 1010
219 987
241 975
261 960
276 940
294 922
314 907
324 882
342 864
354 842
369 822
384 802
394 769
416 735
392 744
367 750
342 755
317 755
299 737
314 717
329 697
344 677
359 647
374 622
384 597
399 577
417 559
429 532
439 505
447 474
424 485
399 485
374 480
364 457
379 437
394 417
412 399
427 379
444 357
459 332
477 314
489 292
504 272
516 250
529 222
544 202
556 180
569 152
581 130
594 102
604 77
626 64
641 84
659 102
671 124
683 146
695 168
705 191
719 212
731 234
745 255
762 274
777 294
790 316
805 336
822 355
835 377
850 397
865 417
875 440
889 461
888 508
864 515
839 510
805 495
815 518
820 543
830 566
844 587
859 607
877 625
895 643
913 661
928 681
943 701
955 723
970 743
969 785
944 780
910 765
920 788
935 808
947 830
955 854
970 874
985 894
1000 914
1013 936
1031 954
1051 969
1055 1000
1030 1005
1005 1005
980 1005
955 1000
930 1000
905 1000
880 1000
855 997
830 995
805 990
780 990
755 985
730 985
740 1008
745 1033
750 1058
755 1083
755 1108
755 1133
760 1158
760 1183
740 1200
715 1200
691 1193
666 1190
641 1190
616 1190
591 1190
569 1177
569 1152
569 1127
569 1102
569 1077
574 1032
579 1002
575 975
550 975
525 975
500 975
475 975
450 975
425 975
400 980
375 980
350 980
327 990
302 990
279 1000
254 1005
