1109 892
1109 867
1124 847
1148 839
1172 829
1195 819
1218 809
1243 804
1268 804
1293 804
1318 804
1343 804
1365 791
1384 772
1396 750
1421 744
1446 744
1471 744
1496 744
1521 749
1530 773
1530 798
1545 818
1565 833
1579 854
1593 875
1610 894
1635 894
1660 897
1663 933
1640 945
1640 970
1630 1000
1609 1020
1584 1015
1569 995
1546 985
1523 995
1498 1000
1474 992
1450 985
1437 1014
1414 1025
1389 1030
1364 1030
1339 1030
1319 1015
1299 1000
1274 1000
1251 1010
1229 1022
1204 1025
1179 1027
1154 1032
1139 1012
1134 987
1134 962
1144 937
1168 929
1156 905
1131 905
