1009 892
1009 867
1027 849
1045 831
1070 826
1095 824
1120 821
1145 819
1170 819
1195 814
1220 814
1239 797
1257 779
1277 764
1302 764
1327 764
1352 764
1377 759
1399 771
1400 796
1400 821
1422 834
1440 852
1459 869
1475 889
1494 906
1500 931
1507 969
1483 978
1474 1002
1456 1020
1431 1023
1413 1005
1388 1005
1363 1005
1338 1005
1313 1008
1288 1015
1263 1015
1238 1015
1213 1010
1188 1010
1163 1010
1142 1024
1117 1025
1092 1025
1067 1020
1044 1010
1034 987
1034 962
1052 944
1088 934
1071 915
1046 915
1021 914
