444 415
449 440
449 465
444 497
454 520
454 545
454 572
454 597
472 615
497 610
522 605
547 610
572 605
597 605
622 600
647 599
672 599
697 600
722 595
747 595
772 595
797 600
822 604
844 616
865 630
888 640
911 650
935 657
959 665
984 670
1009 670
1034 675
1059 680
1083 673
1107 665
1130 655
1155 650
1179 642
1201 630
1221 615
1241 600
1261 585
1281 570
1306 565
1331 560
1356 560
1381 555
1406 555
1431 550
1456 550
1481 550
1506 550
1531 545
1556 540
1581 543
1606 545
1631 540
1656 540
1681 540
1706 538
1731 540
1756 540
1781 540
1806 540
1831 540
1856 540
1881 540
1906 540
1929 530
1954 535
1977 525
1985 489
1985 464
1982 439
1975 415
1975 380
1975 355
1970 330
1966 294
1941 294
1916 294
1891 289
1866 289
1841 290
1816 294
1791 299
1766 299
1741 299
1716 304
1691 304
1666 304
1641 304
1616 309
1591 309
1566 309
1541 309
1516 314
1491 314
1466 314
1441 314
1416 319
1391 319
1366 319
1341 319
1316 319
1291 324
1266 319
1241 314
1221 299
1199 286
1177 274
1154 264
1129 259
1104 254
1079 249
1054 246
1029 244
1004 249
979 249
954 254
929 259
906 269
884 282
862 294
842 309
820 321
802 339
778 349
753 354
728 359
703 359
678 359
653 364
628 369
603 364
578 369
553 369
528 369
504 377
479 379
454 377
434 392
