741 596
744 606
748 616
757 621
762 630
767 639
775 645
783 651
791 657
800 662
808 668
814 676
824 680
832 686
842 686
850 693
860 696
870 699
880 700
890 700
900 702
910 702
920 703
930 702
940 699
950 698
960 695
970 692
980 685
986 677
994 668
1004 664
1013 659
1021 665
1031 665
1041 669
1051 669
1057 677
1067 678
1076 683
1064 691
1072 697
1082 697
1088 711
1091 721
1096 730
1106 733
1116 737
1126 736
1136 737
1146 735
1156 735
1166 738
1176 736
1186 739
1196 739
1206 742
1216 744
1226 748
1236 746
1246 749
1254 755
1261 765
1265 775
1269 785
1279 789
1287 796
1295 802
1303 809
1313 813
1322 818
1332 819
1342 822
1352 824
1362 825
1372 823
1382 824
1392 826
1401 831
1409 837
1413 847
1421 840
1429 846
1439 849
1447 855
1457 855
1461 865
1470 870
1476 878
1486 879
1496 877
1506 881
1516 882
1526 879
1536 877
1545 871
1555 869
1565 873
1559 884
1550 891
1540 891
1555 900
1565 900
1575 901
1585 905
1590 914
1600 916
1610 918
1620 917
1630 913
1640 912
1649 907
1657 899
1667 895
1675 887
1681 879
1688 871
1689 858
1694 842
1696 832
1695 822
1694 812
1691 794
1693 782
1681 768
1673 761
1665 755
1657 749
1647 750
1637 752
1629 758
1619 759
1609 757
1599 756
1596 746
1588 740
1578 738
1573 729
1567 721
1557 718
1548 713
1538 709
1528 708
1518 705
1508 702
1498 700
1488 701
1480 694
1472 688
1462 685
1452 682
1442 679
1433 674
1425 668
1415 664
1405 663
1397 657
1388 652
1378 653
1368 651
1358 647
1348 649
1338 653
1328 656
1318 658
1308 657
1298 656
1288 652
1278 648
1270 642
1264 634
1254 631
1244 629
1234 626
1226 620
1221 611
1211 610
1203 604
1195 598
1188 590
1183 581
1174 576
1164 573
1154 572
1144 574
1135 579
1126 584
1116 583
1106 583
1096 582
1086 585
1077 590
1067 591
1059 584
1049 582
1041 576
1041 566
1041 550
1039 540
1039 524
1034 515
1033 505
1023 501
1017 493
1009 487
1001 481
991 478
981 478
971 475
961 475
951 474
941 477
931 482
923 490
931 496
940 501
947 509
947 522
942 533
934 542
924 543
914 540
905 535
895 532
885 529
877 523
867 520
857 517
847 514
837 512
827 509
817 514
807 517
810 527
806 539
804 557
798 565
790 571
793 581
801 587
804 600
794 596
784 595
776 589
766 587
756 586
746 587
736 587
