217 289
217 279
220 264
220 254
220 244
220 234
220 224
220 214
220 204
220 194
220 184
220 174
220 164
220 154
220 144
220 134
220 124
220 114
220 104
221 94
221 84
221 74
221 64
221 54
221 44
223 33
229 25
238 19
242 32
243 42
244 52
244 62
245 72
246 82
247 92
247 105
248 115
249 125
249 135
250 145
250 157
251 167
251 177
251 187
251 197
252 207
252 217
252 230
252 240
253 250
253 260
256 270
255 285
256 295
248 302
245 313
246 323
248 333
250 343
251 353
252 363
253 373
253 383
253 393
253 403
252 419
251 432
250 443
250 453
240 457
230 454
221 449
220 439
220 429
220 419
219 409
219 399
219 389
219 379
218 369
218 359
218 349
218 339
218 329
218 319
218 309
218 299
