390 721
388 739
395 747
399 762
407 768
412 777
418 785
428 786
437 791
442 800
452 800
458 808
468 810
478 810
486 816
492 824
502 824
511 829
521 829
529 835
538 840
548 843
556 849
566 853
576 855
581 864
597 865
614 870
604 873
589 871
573 870
576 880
586 881
596 880
608 883
618 881
626 874
636 876
646 873
656 875
662 883
667 874
677 873
687 871
697 872
707 871
713 862
723 859
733 855
743 852
749 844
758 839
768 836
777 830
786 825
793 816
801 810
811 807
817 797
826 788
836 786
845 781
855 780
851 770
865 776
872 767
882 766
892 763
901 758
911 757
921 755
931 753
941 752
958 751
968 746
978 746
988 744
998 745
1008 745
1018 747
1026 753
1033 744
1043 743
1043 753
1053 752
1063 749
1073 747
1083 745
1091 751
1099 745
1109 745
1119 742
1129 742
1138 747
1148 745
1157 750
1165 756
1175 752
1185 751
1195 753
1205 752
1215 749
1225 748
1235 747
1245 747
1255 746
1265 747
1275 749
1285 750
1295 751
1301 759
1311 761
1321 762
1331 761
1341 761
1350 755
1360 759
1370 762
1380 766
1390 766
1400 764
1410 768
1419 763
1429 759
1437 765
1447 768
1453 776
1463 775
1473 772
1483 774
1493 774
1503 772
1513 773
1523 777
1533 776
1543 776
1552 781
1560 775
1569 780
1579 779
1589 781
1597 774
1607 778
1617 781
1627 785
1637 783
1647 785
1657 786
1667 786
1677 787
1687 785
1697 786
1706 781
1716 784
1724 776
1729 767
1738 762
1742 746
1742 736
1742 724
1742 714
1740 704
1736 694
1727 689
1722 680
1713 675
1703 673
1693 674
1683 673
1673 676
1663 676
1653 678
1643 678
1633 678
1623 679
1613 680
1603 679
1593 681
1583 683
1573 683
1563 682
1553 683
1543 683
1533 684
1523 685
1513 687
1503 686
1493 686
1483 687
1473 689
1463 689
1453 691
1443 690
1433 691
1423 692
1413 695
1403 695
1393 695
1383 695
1373 694
1363 695
1353 695
1343 697
1333 696
1323 697
1313 699
1303 699
1293 699
1283 698
1273 698
1263 701
1253 700
1243 701
1233 701
1223 701
1213 700
1203 701
1193 700
1183 701
1173 701
1163 701
1153 699
1143 701
1133 700
1123 699
1113 698
1103 698
1093 699
1083 700
1073 699
1063 698
1053 697
1043 697
1033 697
1023 695
1013 695
1003 694
993 694
983 695
973 695
963 695
953 694
943 693
933 693
923 691
913 690
903 687
893 684
885 678
875 674
868 666
860 660
852 653
843 648
835 642
829 634
819 630
811 624
803 617
794 612
786 605
776 603
766 600
758 594
749 589
739 587
730 582
720 578
712 572
702 573
692 573
682 575
672 573
662 578
652 578
644 584
634 581
624 583
614 583
608 591
598 590
588 591
578 591
571 600
561 600
551 602
541 606
531 608
522 613
512 616
504 623
494 626
484 628
474 628
464 631
469 640
456 641
446 643
439 653
429 657
419 662
413 671
404 676
400 689
395 700
393 710
