626 255
623 245
642 265
649 275
655 283
663 290
668 299
671 309
681 312
685 322
693 328
698 337
704 345
710 353
716 361
722 369
729 377
734 386
741 394
746 403
752 411
759 419
769 420
766 403
760 395
754 387
748 379
744 369
738 361
732 353
727 344
721 336
718 326
713 317
707 309
702 300
697 291
691 283
687 273
681 265
677 255
672 246
666 238
662 228
687 255
692 264
700 270
705 279
711 287
717 295
725 302
731 310
737 318
743 326
749 334
755 342
763 349
767 359
774 367
780 375
787 383
792 392
797 401
804 409
811 417
821 420
818 405
813 396
807 388
801 380
796 371
790 363
784 355
778 347
773 338
767 330
762 321
756 313
751 304
745 296
741 286
736 277
729 269
723 261
718 252
713 243
708 234
705 224
699 216
718 232
724 240
730 248
737 256
744 264
752 271
758 279
764 287
772 293
777 302
783 310
790 318
797 326
803 334
810 342
816 350
822 358
828 366
838 366
835 349
829 341
823 333
817 325
811 317
804 309
799 300
795 290
787 283
781 275
776 266
770 258
764 250
758 242
754 232
748 224
743 215
737 207
732 198
726 190
719 182
715 172
742 195
749 203
757 209
763 217
770 225
775 234
783 241
791 247
796 256
804 262
809 271
815 279
823 286
829 294
835 302
841 310
847 318
854 326
860 334
865 343
872 351
879 359
885 367
891 375
897 383
900 393
906 401
911 410
915 420
917 430
919 440
919 450
917 464
915 480
915 490
915 500
918 510
922 520
928 528
935 536
940 545
948 552
953 561
961 568
966 577
973 585
979 593
985 601
992 609
998 617
1003 626
1009 634
1016 642
1022 650
1028 658
1034 666
1041 674
1047 682
1053 690
1059 698
1065 706
1073 712
1079 720
1086 728
1092 736
1099 744
1107 751
1112 760
1120 766
1126 774
1132 782
1141 787
1146 796
1153 804
1158 813
1166 820
1168 830
1175 838
1181 846
1189 852
1195 860
1202 868
1210 874
1218 881
1225 889
1234 894
1242 900
1248 908
1255 916
1262 924
1268 932
1270 942
1275 951
1279 961
1279 971
1282 981
1283 991
1283 1002
1278 1017
1269 1023
1259 1021
1249 1019
1239 1015
1229 1011
1221 1005
1211 1001
1203 995
1195 988
1189 980
1181 974
1178 964
1173 955
1168 946
1164 936
1160 926
1156 916
1152 906
1146 898
1141 889
1135 881
1130 872
1124 864
1116 857
1109 849
1102 841
1095 833
1091 823
1086 814
1080 806
1075 797
1071 787
1065 779
1060 770
1053 762
1048 753
1041 745
1036 736
1031 727
1025 719
1019 711
1014 702
1008 694
1002 686
997 677
991 669
985 661
979 653
972 645
967 636
961 628
955 620
948 612
943 603
937 595
931 587
925 579
918 571
912 563
905 555
899 547
891 541
883 535
874 530
864 527
854 526
844 525
834 524
824 522
814 518
804 514
794 510
787 502
779 495
771 488
764 480
758 472
752 464
746 456
740 448
735 439
729 431
723 423
718 414
713 405
707 397
702 388
696 380
691 371
685 363
680 354
676 344
671 335
666 326
661 317
655 309
651 299
646 290
641 281
635 273
632 263
