711 344
710 334
712 324
716 313
724 306
734 302
744 306
752 312
758 320
766 327
772 335
778 343
786 350
793 358
799 366
805 374
812 382
819 390
825 398
831 406
837 414
843 422
851 428
856 437
862 445
869 453
875 461
883 467
888 476
894 484
901 492
907 500
915 507
920 516
927 524
934 532
942 539
947 548
952 557
958 565
964 573
970 581
976 589
980 599
987 607
993 615
998 624
1003 633
1009 641
1015 649
1020 658
1027 666
1033 674
1037 684
1045 690
1050 699
1056 707
1062 715
1067 724
1072 733
1078 741
1084 749
1089 758
1097 764
1102 773
1107 782
1112 791
1118 799
1124 807
1129 816
1136 824
1144 831
1147 841
1153 849
1160 857
1166 865
1171 874
1177 882
1186 887
1192 895
1197 904
1202 913
1210 919
1216 927
1221 936
1228 944
1236 950
1241 959
1248 967
1254 975
1261 983
1267 991
1273 999
1281 1005
1284 1015
1292 1021
1298 1029
1305 1037
1310 1046
1318 1052
1323 1061
1328 1070
1335 1078
1341 1086
1348 1094
1353 1103
1360 1111
1368 1117
1374 1125
1380 1133
1387 1141
1390 1151
1396 1159
1403 1167
1410 1175
1416 1183
1422 1191
1428 1199
1433 1208
1441 1215
1446 1224
1454 1230
1461 1238
1467 1246
1473 1254
1478 1263
1485 1271
1493 1278
1498 1287
1502 1297
1510 1303
1515 1312
1513 1330
1505 1336
1498 1344
1488 1348
1478 1346
1469 1341
1463 1333
1457 1325
1451 1317
1443 1311
1437 1303
1431 1295
1425 1287
1419 1279
1412 1271
1406 1263
1400 1255
1394 1247
1386 1240
1379 1232
1374 1223
1368 1215
1360 1209
1355 1200
1349 1192
1342 1184
1336 1176
1330 1168
1324 1160
1318 1152
1311 1144
1305 1136
1298 1128
1293 1119
1287 1111
1281 1103
1275 1095
1267 1088
1261 1080
1254 1072
1249 1063
1241 1056
1235 1048
1230 1039
1224 1031
1218 1023
1212 1015
1206 1007
1200 999
1193 991
1186 983
1181 974
1174 966
1168 958
1162 950
1155 942
1150 933
1144 925
1138 917
1132 909
1125 901
1119 893
1113 885
1106 877
1100 869
1094 861
1087 853
1081 845
1074 837
1067 829
1060 821
1052 814
1045 806
1039 798
1031 791
1024 783
1017 775
1009 768
1001 762
995 754
988 746
980 739
972 732
965 724
957 717
951 709
943 702
936 694
929 686
921 679
914 671
907 663
899 656
893 648
885 641
879 633
872 625
864 619
859 610
852 602
846 594
839 586
833 578
827 570
821 562
814 554
806 548
802 538
795 530
790 521
783 513
778 504
773 495
767 487
762 478
757 469
752 460
747 451
742 442
737 433
732 424
729 414
725 404
722 394
719 384
716 374
712 364
711 354
