486 849
504 851
514 850
524 848
534 846
544 845
554 843
564 841
574 839
584 838
594 837
604 835
614 832
624 831
634 829
644 828
654 828
664 827
674 828
684 828
694 828
704 827
714 826
724 825
734 824
744 824
754 823
764 823
774 822
784 822
794 821
794 836
784 837
774 838
764 838
754 839
744 842
734 843
724 844
714 845
704 847
694 848
684 849
674 850
664 851
654 852
644 854
634 855
624 857
614 858
604 860
594 861
584 863
574 864
564 866
554 868
544 870
534 871
524 873
514 876
501 879
491 882
509 885
519 885
529 883
539 882
549 881
559 879
569 878
579 876
589 875
599 872
609 871
619 870
629 869
639 869
649 868
659 867
669 866
679 866
687 873
697 872
707 872
717 871
727 870
737 869
747 868
757 868
767 867
777 865
787 864
797 864
807 862
817 860
827 859
837 860
847 859
857 857
867 854
877 853
887 852
897 850
907 847
917 844
927 840
936 835
945 829
954 824
964 821
974 818
984 816
994 813
1004 813
1012 819
1022 819
1032 817
1042 816
1052 816
1062 816
1072 815
1082 815
1092 815
1102 815
1112 811
1122 810
1132 814
1142 814
1152 814
1162 814
1172 813
1182 812
1192 812
1202 812
1212 812
1222 812
1232 812
1242 808
1252 810
1262 810
1272 812
1282 813
1292 813
1302 813
1312 814
1322 815
1332 815
1342 816
1352 817
1362 818
1372 819
1382 820
1392 821
1402 822
1412 822
1422 825
1432 826
1442 827
1452 828
1461 823
1471 825
1479 831
1489 828
1499 827
1509 828
1519 829
1529 831
1539 832
1549 832
1559 834
1569 835
1579 837
1589 838
1599 839
1609 840
1619 838
1628 833
1637 827
1643 818
1646 807
1648 790
1648 780
1647 770
1643 760
1638 751
1630 744
1622 738
1613 733
1603 731
1593 730
1583 730
1573 730
1563 731
1553 732
1543 732
1533 733
1523 734
1513 736
1503 737
1493 739
1483 740
1473 742
1463 745
1453 746
1443 748
1433 750
1423 751
1413 753
1403 755
1393 756
1383 758
1373 759
1363 760
1353 762
1343 763
1333 765
1323 767
1313 768
1303 769
1293 770
1283 771
1273 772
1263 772
1253 773
1243 775
1233 775
1223 776
1213 777
1203 778
1193 779
1183 779
1173 780
1163 780
1153 780
1143 780
1133 781
1123 782
1113 783
1103 783
1093 784
1083 784
1073 784
1063 785
1053 785
1043 786
1033 786
1023 786
1013 786
1003 786
993 785
983 783
973 781
964 776
954 772
945 767
937 761
929 755
921 749
913 743
905 737
896 732
887 727
878 722
868 720
858 717
848 716
838 714
828 713
818 713
808 712
798 711
788 711
778 711
768 711
758 712
748 714
738 715
728 716
718 718
708 719
698 720
688 721
678 723
668 724
658 725
648 727
638 728
628 730
618 732
608 733
598 735
588 736
578 738
568 740
558 743
548 745
538 747
528 749
518 751
508 755
498 757
489 762
503 766
513 764
523 763
533 762
543 759
553 756
563 753
573 751
583 749
593 748
603 747
613 745
623 744
633 743
643 742
651 748
661 748
671 746
681 745
691 744
701 743
711 741
721 741
731 740
741 740
751 739
761 739
771 738
781 737
791 737
795 751
785 753
775 751
765 753
755 755
745 757
735 758
725 760
715 761
705 763
695 764
685 765
675 767
665 768
655 770
645 771
635 773
625 775
615 776
605 778
595 780
585 782
575 784
565 786
555 788
545 790
535 792
525 795
515 798
505 800
494 804
484 808
502 810
512 809
522 808
532 807
542 805
552 803
562 801
572 800
582 797
592 796
602 793
612 791
622 789
632 788
642 787
652 786
662 785
672 788
682 787
692 786
702 784
712 784
722 783
732 782
742 781
752 780
762 780
772 779
782 779
792 778
796 792
786 795
776 793
766 794
756 797
746 799
736 801
726 802
716 803
706 805
696 806
686 807
676 808
666 810
656 811
646 813
636 815
626 816
616 818
606 819
596 821
586 823
576 825
566 827
556 829
546 831
536 833
526 836
516 838
506 841
496 845
