281 786
280 776
285 767
295 763
305 761
315 760
325 760
335 760
345 759
355 760
365 760
375 759
385 758
395 760
405 759
415 756
425 757
435 758
445 758
455 757
465 756
475 756
485 756
495 756
505 756
515 756
525 756
535 756
545 756
555 756
565 756
575 757
585 756
595 757
605 757
615 758
625 758
635 759
645 760
655 761
665 762
675 763
685 764
695 766
705 767
715 767
725 770
735 772
745 773
755 774
765 776
775 778
785 782
795 783
805 786
815 786
825 787
835 788
845 789
855 787
865 787
875 785
885 783
895 781
905 780
915 779
925 779
935 779
945 778
955 779
965 779
975 779
985 779
995 779
1005 780
1015 779
1025 780
1035 780
1045 780
1055 780
1065 780
1075 780
1085 780
1095 780
1105 780
1115 780
1125 780
1135 781
1145 781
1155 781
1165 779
1175 781
1185 781
1195 781
1205 782
1215 782
1225 782
1235 782
1245 782
1255 782
1265 782
1275 782
1285 781
1295 782
1305 783
1315 783
1325 782
1335 783
1345 783
1355 783
1365 783
1375 784
1385 784
1395 785
1405 785
1415 786
1425 786
1433 792
1433 802
1433 812
1433 822
1432 836
1423 845
1413 846
1403 847
1393 847
1383 847
1373 847
1363 847
1353 847
1343 847
1333 847
1323 847
1313 847
1303 847
1293 847
1283 847
1273 847
1263 847
1253 846
1243 846
1233 846
1223 846
1213 846
1203 846
1193 846
1183 846
1173 846
1163 846
1153 845
1143 845
1133 845
1123 845
1113 845
1103 845
1093 845
1083 845
1073 845
1063 844
1053 844
1043 844
1033 844
1023 844
1013 844
1003 844
993 844
983 844
973 844
963 844
953 843
943 843
933 843
923 841
913 841
903 840
893 838
883 837
873 835
863 834
853 832
843 833
833 832
823 832
813 833
803 832
793 834
783 836
773 837
763 838
753 838
743 840
733 841
723 841
713 842
703 843
693 844
683 845
673 846
663 847
653 849
643 849
633 851
623 852
613 853
603 855
593 856
583 856
573 856
563 859
553 859
543 859
533 860
523 860
513 859
503 860
493 860
483 860
473 858
463 859
453 859
443 858
433 857
423 855
413 853
403 852
393 849
383 847
373 845
363 842
353 839
343 835
333 832
324 827
314 823
305 818
297 812
289 805
284 796
