388 625
383 616
391 609
398 601
408 600
416 594
426 591
436 587
446 583
456 582
466 580
476 578
486 576
496 575
506 573
516 572
526 568
536 570
546 568
556 568
566 568
576 569
586 568
596 566
606 566
616 567
626 567
636 567
646 567
656 567
666 568
676 568
686 565
696 567
706 567
716 567
726 568
736 567
746 568
756 567
766 568
776 569
786 569
796 569
806 570
816 569
826 569
836 568
846 569
856 569
866 569
876 569
886 571
896 572
906 570
916 570
926 570
936 570
946 572
956 570
966 571
976 569
986 571
996 572
1006 572
1016 572
1026 571
1036 573
1046 573
1056 573
1066 572
1076 574
1086 573
1096 573
1106 573
1116 574
1126 574
1136 575
1146 574
1156 577
1166 576
1176 578
1186 578
1196 579
1206 580
1216 581
1226 583
1236 584
1246 587
1256 583
1266 580
1276 581
1286 581
1296 582
1306 582
1316 582
1326 582
1336 583
1346 581
1356 583
1366 583
1376 583
1386 584
1396 584
1406 584
1416 584
1426 584
1436 583
1446 583
1456 584
1466 584
1476 584
1486 585
1496 585
1506 586
1516 585
1526 586
1536 586
1546 586
1556 588
1566 587
1576 588
1586 588
1596 588
1606 587
1616 587
1626 586
1636 589
1646 588
1656 588
1666 588
1676 589
1686 589
1696 589
1706 590
1716 590
1726 590
1736 590
1746 591
1756 592
1766 593
1776 594
1786 596
1794 602
1800 610
1805 619
1808 629
1809 644
1807 661
1797 666
1792 676
1787 692
1779 698
1769 702
1759 701
1749 701
1739 702
1729 701
1719 702
1709 699
1699 700
1689 699
1679 697
1669 697
1659 696
1649 694
1639 696
1629 695
1619 695
1609 697
1599 695
1589 695
1579 695
1569 692
1559 695
1549 694
1540 689
1530 688
1520 688
1510 688
1500 687
1490 687
1480 686
1470 684
1460 684
1450 684
1440 684
1430 683
1420 683
1410 682
1400 680
1390 679
1380 680
1370 679
1360 683
1351 678
1341 677
1331 677
1321 676
1313 682
1303 678
1294 673
1286 681
1276 682
1266 682
1257 677
1265 669
1255 667
1236 675
1246 672
1237 664
1227 665
1217 668
1223 679
1213 680
1203 683
1189 685
1180 690
1171 695
1161 699
1151 699
1141 697
1131 697
1121 693
1111 691
1103 697
1093 695
1083 696
1073 696
1063 694
1053 697
1043 694
1034 689
1024 690
1014 687
1004 687
995 692
985 692
975 691
965 691
955 691
945 691
935 691
927 684
917 684
907 684
897 683
887 684
877 684
867 685
857 686
847 682
837 684
827 685
819 679
809 681
799 678
789 678
779 679
769 681
759 678
749 681
739 679
729 678
719 674
711 680
701 679
691 679
681 679
671 680
661 679
651 678
641 675
631 676
621 677
611 675
601 675
591 675
581 677
572 672
562 672
552 674
542 671
532 669
522 667
512 667
502 668
493 663
483 662
473 660
463 658
453 655
443 652
433 648
423 646
414 641
406 635
397 630
