303 819
312 824
325 827
335 828
345 828
355 829
365 830
375 831
385 832
395 834
405 835
415 836
425 837
435 839
445 839
455 840
465 841
475 843
485 843
495 843
505 844
515 845
525 845
535 846
545 846
555 847
565 848
575 848
584 853
594 854
604 855
614 856
624 856
634 857
644 858
654 858
664 859
674 860
684 861
694 861
704 865
695 876
685 878
675 879
665 879
655 879
645 879
635 878
625 878
615 878
605 877
595 877
585 876
575 875
565 875
555 874
545 874
535 873
525 873
515 872
505 871
495 871
485 870
475 870
465 869
455 868
445 868
435 867
425 867
415 866
405 866
395 865
385 864
373 864
359 863
343 862
325 862
334 867
351 869
365 871
379 872
389 874
399 875
409 876
419 878
425 886
435 888
445 889
453 883
463 883
473 885
483 886
493 887
503 888
513 889
523 889
533 891
543 892
553 892
563 894
573 893
579 901
589 901
599 902
607 895
613 903
623 903
633 904
643 904
653 904
663 904
673 905
683 905
693 905
703 905
713 905
723 904
733 903
743 902
753 900
763 899
773 897
783 894
790 884
799 879
809 874
819 869
829 866
837 860
845 853
853 847
858 837
868 838
878 835
888 831
898 829
908 827
914 817
924 815
934 814
944 813
954 813
964 813
974 814
984 814
994 814
1004 814
1014 814
1024 814
1034 813
1044 813
1054 812
1064 812
1074 812
1084 811
1094 811
1104 811
1114 811
1124 812
1134 812
1144 812
1154 812
1164 813
1174 813
1184 814
1194 814
1204 814
1214 815
1224 815
1234 816
1244 817
1254 817
1264 818
1274 819
1284 820
1294 821
1304 823
1314 824
1324 826
1334 827
1344 828
1354 828
1364 830
1374 830
1384 831
1394 832
1404 833
1414 835
1424 836
1434 838
1444 839
1454 842
1464 843
1474 845
1484 848
1494 850
1504 851
1514 852
1524 854
1534 854
1544 855
1554 858
1564 861
1574 864
1584 864
1594 863
1604 862
1614 863
1624 865
1634 864
1644 864
1653 858
1661 851
1668 843
1676 833
1681 822
1683 809
1682 799
1680 789
1675 780
1670 771
1662 764
1655 756
1647 750
1637 746
1627 743
1617 743
1607 744
1597 744
1587 745
1577 746
1567 748
1557 750
1547 751
1537 752
1527 753
1517 754
1507 756
1497 757
1487 759
1477 760
1467 761
1457 762
1447 764
1437 765
1427 767
1417 768
1407 769
1397 771
1387 772
1377 773
1367 774
1357 775
1347 776
1337 777
1327 778
1317 779
1307 780
1297 781
1287 781
1277 782
1267 783
1257 783
1247 785
1237 785
1227 785
1217 786
1207 786
1197 787
1187 787
1177 787
1167 786
1157 787
1147 786
1137 787
1127 788
1117 787
1107 788
1097 788
1087 789
1077 789
1067 789
1057 789
1047 789
1037 789
1027 788
1017 788
1007 788
997 788
987 788
977 788
967 787
957 787
947 787
937 786
927 786
917 785
907 784
897 780
887 777
877 778
867 778
857 776
848 771
839 766
830 761
821 756
812 751
802 749
792 746
782 744
772 742
762 741
752 740
742 739
732 738
722 738
712 738
702 738
692 738
682 738
672 738
662 737
652 738
642 738
632 737
622 737
612 737
602 737
592 737
582 737
572 737
562 737
552 737
542 736
532 737
522 736
512 736
502 736
492 736
482 735
472 735
462 735
452 735
442 734
432 734
422 734
412 733
402 733
392 733
382 732
372 732
362 732
352 732
342 733
326 733
309 734
318 739
334 740
347 742
357 742
367 743
377 747
387 745
397 746
407 746
417 748
427 748
437 749
447 749
457 750
467 752
477 752
487 753
497 753
507 754
517 755
527 755
537 756
547 756
557 757
567 757
577 759
587 759
597 759
607 760
617 761
627 761
637 761
647 761
657 761
667 761
672 770
683 771
693 772
699 783
689 786
679 788
669 789
659 789
649 789
639 789
629 789
619 788
609 787
599 787
589 787
579 786
569 786
559 785
549 785
539 784
529 784
519 783
509 782
499 782
489 782
479 781
469 781
459 780
449 780
439 779
429 779
419 779
409 778
399 778
389 778
379 777
369 777
359 777
349 777
339 777
327 777
311 778
301 778
319 784
333 785
344 786
354 786
364 787
374 788
384 789
394 790
404 790
414 791
424 791
434 793
444 794
454 795
464 796
474 796
484 797
494 798
504 798
514 798
524 799
534 800
544 801
554 802
564 802
574 803
584 804
594 804
604 804
612 810
622 810
632 811
642 812
652 812
662 813
672 814
682 815
692 816
700 827
690 830
680 832
670 833
660 833
650 833
640 833
630 832
620 831
610 831
600 831
590 831
580 830
570 830
560 830
550 829
540 829
530 828
520 827
510 827
500 826
490 826
480 825
470 825
460 824
450 824
440 823
430 823
420 822
410 822
400 821
390 820
380 820
370 820
360 819
350 819
340 818
330 818
320 818
