175 701
175 691
181 683
191 678
201 676
211 674
221 672
231 670
241 669
251 668
261 667
271 666
281 666
291 665
301 664
311 663
321 662
331 661
341 660
351 659
361 658
371 657
381 657
391 656
401 655
411 654
421 653
431 652
441 652
451 650
461 650
471 648
481 647
491 645
501 643
511 641
521 639
531 639
541 639
551 637
561 636
571 636
581 634
591 634
601 633
611 633
621 632
631 631
641 631
651 630
661 630
671 630
681 629
691 628
701 628
711 628
721 627
731 627
741 628
751 626
761 627
771 627
781 626
791 624
801 624
811 622
821 624
831 622
841 622
851 621
861 621
871 622
881 620
891 620
901 621
911 622
921 625
929 619
939 617
949 618
959 622
969 626
979 626
989 626
999 626
1009 626
1019 625
1029 625
1039 625
1049 625
1059 624
1069 624
1079 623
1089 623
1099 622
1109 621
1119 621
1129 620
1139 620
1149 619
1159 618
1169 617
1179 616
1189 615
1199 613
1209 612
1219 611
1229 610
1239 608
1249 607
1259 606
1269 605
1279 603
1289 601
1299 600
1309 598
1319 596
1329 594
1339 593
1349 591
1359 589
1369 588
1379 585
1389 583
1399 581
1409 580
1419 578
1429 576
1439 575
1449 573
1459 573
1469 572
1479 571
1489 570
1499 570
1509 571
1519 571
1529 572
1539 572
1549 573
1559 574
1569 576
1579 577
1589 580
1598 585
1606 591
1613 599
1618 615
1612 623
1603 628
1593 632
1584 638
1579 648
1569 651
1559 654
1549 654
1539 654
1529 655
1519 655
1509 653
1499 653
1489 654
1479 654
1469 655
1459 655
1449 655
1439 655
1429 655
1419 654
1409 654
1399 655
1389 656
1379 656
1369 656
1359 656
1349 656
1339 656
1329 656
1319 656
1309 656
1299 656
1289 656
1279 656
1269 657
1259 657
1249 658
1239 658
1229 658
1219 659
1209 659
1199 660
1189 660
1179 661
1169 662
1159 662
1151 671
1141 672
1131 673
1121 674
1111 675
1101 676
1091 676
1081 677
1071 678
1061 679
1051 679
1041 682
1032 677
1022 675
1012 676
1002 677
992 678
982 678
972 680
962 681
952 685
944 692
937 700
927 704
917 707
907 709
897 710
887 712
877 714
867 715
857 717
847 719
837 721
827 723
817 725
807 727
797 728
787 730
777 733
767 734
757 736
747 738
737 739
727 740
717 743
707 745
697 745
687 746
677 747
667 748
657 750
647 751
637 752
627 752
617 753
607 754
597 755
587 756
577 757
567 758
557 759
547 760
537 761
527 761
517 762
507 763
497 763
487 764
477 765
467 765
457 766
447 766
437 766
427 767
417 767
407 767
397 767
387 767
377 767
367 767
357 766
347 766
337 765
327 765
317 764
307 763
297 762
287 760
277 759
267 757
257 755
247 752
237 749
227 746
217 742
208 737
199 732
190 727
183 719
177 711
