173 744
172 734
180 726
188 719
197 714
207 715
217 715
227 715
237 716
247 717
257 717
267 717
277 719
287 719
297 719
307 719
317 720
327 720
337 721
347 721
357 722
367 722
377 723
387 723
397 724
407 724
417 724
427 725
437 725
447 726
457 727
467 727
477 728
487 729
497 728
507 730
517 731
527 733
537 735
547 737
557 738
567 741
577 743
587 744
597 746
607 748
617 749
627 751
637 752
647 754
657 755
667 756
677 758
687 759
697 761
707 762
717 763
727 764
737 766
747 766
757 767
767 767
777 768
787 768
797 769
807 769
817 770
827 770
837 770
847 770
857 769
867 771
877 771
887 771
897 771
907 772
917 772
927 772
937 773
947 774
957 774
967 774
977 774
987 775
997 775
1007 776
1017 776
1027 775
1037 775
1047 778
1057 778
1067 779
1077 779
1087 779
1097 779
1107 780
1117 780
1127 780
1137 779
1147 780
1157 780
1167 779
1177 780
1187 781
1197 781
1207 782
1217 782
1227 781
1237 780
1247 780
1257 780
1267 782
1277 783
1287 783
1297 783
1307 784
1317 785
1327 784
1337 784
1347 785
1357 786
1367 787
1377 786
1387 788
1396 793
1403 801
1409 809
1410 819
1413 829
1412 847
1406 857
1399 865
1391 874
1381 878
1371 878
1361 877
1351 878
1341 877
1331 876
1321 874
1311 874
1301 874
1291 872
1281 870
1271 870
1261 869
1251 868
1241 868
1231 867
1221 865
1211 865
1201 864
1191 863
1181 862
1171 861
1161 861
1151 860
1141 858
1131 859
1121 857
1111 856
1101 858
1091 856
1081 855
1071 854
1061 854
1051 853
1041 852
1031 852
1021 851
1011 851
1001 850
991 849
981 848
971 848
961 847
951 846
941 845
931 845
921 843
911 843
901 842
891 841
881 840
871 839
861 839
851 840
841 837
831 837
821 836
811 836
801 835
791 835
781 836
771 833
761 832
751 832
741 833
731 833
721 833
711 833
701 832
691 833
681 833
671 832
661 833
651 833
641 833
631 834
621 833
611 834
601 834
591 835
581 835
571 835
561 836
551 837
541 838
531 838
521 840
511 840
501 839
491 839
481 840
471 840
461 840
451 840
441 840
431 839
421 840
411 839
401 839
391 837
381 837
371 835
361 835
351 833
341 831
331 830
321 829
311 825
301 822
291 820
281 817
271 814
261 811
252 806
242 803
234 796
224 793
216 786
208 780
199 775
193 767
186 759
177 754
