247 806
252 815
262 817
272 818
282 820
292 824
302 823
312 824
322 827
332 829
342 831
352 833
362 834
372 836
382 837
392 837
402 838
412 839
422 841
432 843
442 846
452 847
462 848
472 848
482 850
492 850
502 851
512 852
522 852
532 853
542 855
552 853
562 852
572 852
582 851
592 850
602 849
612 847
622 847
632 845
642 842
652 836
662 832
672 829
681 824
691 819
701 814
711 815
716 805
725 800
735 795
744 790
751 782
761 779
771 776
781 773
791 774
801 773
811 774
821 774
831 775
841 776
851 776
861 777
871 778
881 777
891 776
901 780
911 779
921 778
931 777
941 777
951 778
961 779
971 780
981 779
991 779
1001 779
1011 780
1021 784
1031 783
1041 782
1051 782
1061 781
1071 782
1081 782
1091 783
1101 785
1111 786
1121 787
1131 786
1141 787
1145 797
1153 789
1163 788
1173 788
1183 789
1193 790
1203 791
1213 791
1223 790
1233 790
1243 792
1253 793
1263 794
1273 793
1283 796
1293 795
1303 797
1313 797
1323 798
1333 799
1343 799
1353 800
1363 800
1373 800
1383 801
1393 803
1403 803
1413 804
1423 804
1433 804
1443 804
1453 807
1463 808
1473 808
1483 808
1493 808
1503 808
1513 808
1523 809
1533 813
1543 811
1553 812
1563 813
1573 816
1583 818
1593 817
1603 817
1613 816
1623 815
1632 820
1640 813
1645 804
1645 793
1645 783
1645 773
1645 763
1645 753
1645 743
1645 733
1642 723
1633 718
1623 718
1613 717
1603 716
1593 717
1583 716
1573 718
1563 718
1553 719
1543 720
1533 718
1523 719
1513 719
1503 719
1493 719
1483 721
1473 721
1463 720
1453 722
1443 722
1433 722
1423 723
1413 723
1403 723
1393 722
1383 724
1373 724
1363 725
1353 725
1343 725
1333 725
1323 726
1313 726
1303 727
1293 726
1283 728
1273 725
1263 726
1253 727
1243 729
1233 728
1223 729
1213 729
1203 729
1193 730
1183 729
1173 729
1163 729
1153 729
1143 730
1133 731
1123 732
1113 732
1103 731
1093 731
1083 732
1073 732
1063 731
1053 732
1043 732
1033 732
1023 732
1013 732
1003 732
993 733
983 733
973 732
963 731
953 730
943 733
933 732
923 732
913 733
903 733
893 734
883 734
873 734
863 734
853 734
843 734
833 734
823 737
813 734
803 734
793 733
783 733
773 731
763 729
755 723
746 718
737 713
728 708
720 702
711 697
702 692
693 687
684 682
676 676
666 673
658 667
648 664
638 660
628 659
618 656
608 652
598 650
588 647
578 647
568 646
558 646
548 644
538 644
528 645
518 646
508 646
498 646
488 647
478 647
468 648
458 649
448 650
438 651
428 652
418 653
408 653
398 655
388 655
378 657
368 658
358 659
348 659
338 662
328 664
318 664
308 666
298 667
288 668
278 669
268 670
258 672
248 677
256 683
266 682
276 683
286 681
296 684
306 684
316 684
326 685
336 685
346 686
356 684
366 684
376 687
386 686
396 685
406 685
416 687
426 686
436 689
446 689
456 689
466 693
476 689
486 690
496 690
506 692
516 691
526 692
536 692
544 700
554 698
564 699
559 709
549 709
539 709
529 710
519 710
509 710
499 708
489 709
479 710
469 710
459 710
449 711
439 711
429 709
419 707
409 709
399 712
389 712
379 713
369 714
359 713
349 714
339 714
329 715
319 715
309 715
299 715
289 715
278 716
262 717
248 719
256 725
270 723
284 724
294 725
304 726
314 727
324 730
334 730
344 731
354 731
364 733
374 733
384 732
394 734
404 735
414 735
424 734
434 735
444 738
454 742
464 740
474 741
484 737
494 741
504 738
514 739
524 740
534 740
544 741
554 741
564 743
573 748
563 753
553 754
543 755
533 756
523 755
513 756
503 756
493 755
483 755
473 755
463 753
453 752
443 756
433 757
423 757
413 755
403 758
393 757
383 758
373 758
363 757
353 758
343 758
333 759
323 760
313 760
303 760
293 760
283 760
273 760
256 762
246 764
265 767
276 770
286 770
296 771
306 770
316 770
326 771
336 769
345 774
355 776
365 777
375 777
385 778
395 779
405 779
415 780
425 780
435 780
445 781
455 784
465 784
475 784
485 784
495 785
505 785
515 786
525 787
535 787
545 787
555 788
565 788
567 801
557 805
547 804
537 804
527 804
517 804
507 803
497 804
487 803
477 803
467 803
457 802
447 801
437 802
427 802
417 803
407 801
397 801
387 801
377 802
367 802
357 802
347 802
337 802
327 802
317 802
307 802
297 802
287 803
277 803
267 802
257 804
