728 296
728 286
729 276
736 267
741 257
751 255
761 251
771 255
779 261
787 267
793 275
799 283
807 290
815 297
822 305
828 313
834 321
841 329
849 335
854 344
860 352
868 358
871 368
880 373
884 383
892 389
898 397
904 405
910 413
915 422
925 426
929 436
937 443
942 452
950 459
955 468
960 477
966 485
974 492
979 501
984 510
992 516
996 526
1002 534
1008 542
1013 551
1022 556
1027 565
1032 574
1037 583
1043 591
1050 599
1055 608
1063 614
1065 624
1071 632
1077 640
1082 649
1088 657
1096 664
1102 672
1108 680
1111 690
1119 696
1125 704
1131 712
1139 719
1142 729
1148 737
1157 742
1163 750
1168 759
1174 767
1182 774
1188 782
1196 788
1203 796
1211 803
1217 811
1223 819
1231 825
1239 831
1244 840
1252 847
1258 855
1266 862
1273 870
1279 878
1287 885
1293 893
1299 901
1308 906
1313 915
1321 921
1327 929
1333 937
1339 945
1346 953
1355 958
1360 967
1366 975
1374 981
1379 990
1387 996
1394 1004
1400 1012
1405 1021
1411 1029
1421 1032
1425 1042
1431 1050
1438 1058
1442 1068
1450 1075
1457 1083
1462 1092
1471 1097
1478 1105
1483 1114
1487 1124
1495 1130
1500 1139
1509 1144
1513 1154
1518 1163
1526 1170
1535 1175
1535 1185
1545 1188
1550 1197
1554 1207
1561 1215
1566 1224
1563 1235
1553 1240
1546 1248
1537 1254
1527 1252
1519 1246
1511 1240
1503 1234
1498 1225
1490 1219
1483 1211
1475 1204
1465 1201
1463 1188
1457 1180
1448 1175
1443 1166
1435 1160
1430 1151
1422 1144
1414 1138
1408 1130
1402 1122
1396 1114
1388 1108
1380 1102
1374 1094
1369 1085
1360 1080
1354 1072
1346 1066
1341 1057
1335 1049
1329 1041
1322 1033
1316 1025
1308 1019
1302 1011
1297 1002
1289 995
1279 991
1279 981
1271 974
1264 966
1257 958
1251 950
1245 942
1238 934
1231 926
1227 916
1221 908
1213 901
1208 892
1200 886
1196 876
1187 871
1182 862
1176 854
1169 846
1162 838
1156 830
1150 822
1143 814
1137 806
1132 797
1125 789
1117 783
1114 773
1104 769
1098 761
1093 752
1085 746
1079 738
1071 732
1063 725
1057 717
1051 709
1044 701
1036 695
1030 687
1022 681
1014 674
1008 666
1000 659
992 653
985 645
977 639
969 633
963 625
954 620
948 612
940 606
933 598
926 590
918 583
909 578
905 568
898 560
890 553
883 545
875 538
868 530
861 522
855 514
847 507
841 499
835 491
828 483
820 476
815 467
809 459
803 451
795 444
790 435
784 427
779 418
773 410
768 401
762 393
759 383
755 373
749 365
746 355
741 346
737 336
735 326
732 316
731 306
