500 411
497 401
507 403
515 410
526 426
536 430
544 436
550 444
558 450
566 456
574 462
582 469
588 477
596 484
603 492
611 498
619 504
628 509
634 517
642 523
649 531
659 529
656 514
648 507
642 499
635 491
628 483
620 476
615 467
607 460
599 454
595 444
605 441
614 446
622 452
629 460
637 466
645 473
653 480
660 488
668 494
676 500
685 505
687 488
679 481
672 473
664 467
660 457
651 452
645 444
637 437
631 429
623 423
616 415
610 407
602 401
594 394
588 386
582 378
574 371
566 364
560 356
554 348
592 376
607 392
616 397
622 405
631 410
637 418
646 423
654 430
661 438
669 444
677 450
684 458
692 464
700 470
710 473
714 462
709 453
701 446
695 438
688 430
680 424
672 417
666 409
658 403
652 395
644 389
643 379
634 374
626 368
619 360
614 351
606 345
600 337
600 327
613 335
620 343
626 351
636 350
644 356
652 363
660 369
668 375
676 381
684 387
693 392
701 399
706 408
716 411
721 420
731 421
739 428
746 436
754 442
762 449
769 457
777 464
782 473
788 481
795 489
800 498
804 508
807 518
809 528
810 538
812 548
813 564
814 574
816 584
819 594
823 604
830 612
838 618
846 625
854 631
863 636
871 642
879 648
888 653
897 658
905 664
914 669
922 675
928 683
936 689
944 696
950 704
958 711
966 718
973 726
981 733
988 741
996 747
1004 754
1010 762
1018 768
1026 775
1034 782
1042 789
1049 797
1057 804
1063 812
1071 818
1079 825
1085 833
1093 839
1100 847
1107 855
1116 860
1124 867
1131 875
1139 882
1145 890
1153 896
1161 903
1167 911
1175 918
1183 924
1190 932
1198 938
1206 945
1213 953
1221 959
1228 967
1235 975
1243 982
1251 989
1259 996
1265 1004
1274 1009
1279 1018
1287 1024
1295 1030
1301 1038
1309 1044
1317 1051
1324 1059
1331 1067
1339 1073
1346 1081
1354 1087
1362 1093
1368 1101
1374 1109
1382 1115
1385 1125
1380 1136
1371 1142
1365 1153
1356 1159
1347 1165
1338 1160
1332 1152
1324 1146
1318 1138
1310 1131
1302 1125
1295 1117
1287 1111
1281 1103
1273 1097
1265 1090
1258 1082
1250 1076
1243 1068
1235 1062
1229 1054
1221 1048
1214 1040
1206 1033
1198 1026
1191 1018
1183 1012
1175 1006
1168 998
1160 992
1154 984
1146 978
1139 970
1131 964
1125 956
1117 949
1109 943
1102 935
1095 927
1087 920
1079 914
1072 906
1064 899
1057 891
1049 884
1041 877
1033 870
1026 862
1018 856
1011 848
1003 841
995 834
988 826
979 821
972 813
965 805
957 799
949 793
942 785
935 777
927 771
920 763
912 756
904 750
898 742
890 735
882 728
875 720
868 712
862 704
856 696
850 688
844 680
838 672
832 664
825 656
819 648
813 640
805 634
797 628
787 624
777 623
767 622
757 623
747 623
737 622
727 622
717 621
707 619
697 617
688 612
680 606
671 601
662 596
654 590
646 584
638 577
630 570
624 562
616 555
608 548
602 540
595 532
589 524
582 516
576 508
570 500
564 492
558 484
552 476
545 468
539 460
533 452
528 443
520 435
513 427
507 419
