168 796
168 806
169 819
169 829
170 839
169 851
172 861
173 871
175 881
178 891
179 901
180 911
183 921
186 931
188 941
191 951
194 961
197 971
200 981
206 989
210 999
216 1007
221 1016
229 1023
236 1031
244 1037
252 1043
260 1049
269 1054
277 1060
287 1061
297 1063
307 1065
317 1062
327 1061
336 1056
346 1055
356 1053
364 1046
374 1042
384 1039
394 1035
403 1029
412 1024
422 1021
430 1015
440 1013
450 1012
460 1011
470 1012
480 1014
490 1018
498 1024
508 1028
516 1034
525 1039
534 1044
544 1047
553 1052
563 1055
572 1060
582 1063
592 1067
602 1070
612 1072
622 1075
632 1077
642 1077
652 1076
662 1074
671 1068
681 1064
691 1059
699 1048
705 1040
705 1021
698 1013
688 1009
678 1005
669 1000
660 995
650 991
642 985
633 980
625 973
619 965
614 956
609 947
607 936
602 927
605 908
606 896
612 887
620 880
628 874
638 870
648 870
658 870
668 869
678 865
687 870
697 872
707 871
717 871
727 872
737 871
747 871
757 872
767 874
777 873
787 874
797 873
807 873
817 872
827 872
837 873
847 875
857 875
867 874
877 872
887 873
897 873
907 875
917 873
927 874
937 874
947 872
957 867
967 869
977 871
987 874
997 872
1007 872
1017 871
1027 872
1037 872
1047 870
1057 868
1067 869
1077 870
1087 873
1097 873
1107 875
1117 873
1127 873
1137 874
1147 869
1157 870
1167 870
1177 870
1185 877
1195 874
1205 873
1215 873
1225 877
1235 875
1245 872
1255 873
1265 872
1275 875
1285 872
1295 870
1305 867
1315 863
1325 864
1334 869
1344 871
1354 870
1364 873
1374 875
1384 876
1392 869
1402 869
1412 866
1422 868
1432 870
1442 867
1452 864
1462 863
1472 866
1482 866
1492 865
1501 870
1511 872
1521 869
1531 869
1541 868
1551 865
1561 866
1571 867
1581 865
1591 868
1601 871
1611 870
1621 866
1629 872
1637 866
1647 867
1657 867
1667 867
1676 872
1686 872
1696 873
1706 873
1713 881
1722 886
1732 884
1742 881
1751 886
1749 872
1759 873
1769 875
1779 875
1789 873
1799 871
1807 865
1811 855
1821 853
1831 853
1841 853
1851 851
1858 840
1868 837
1878 835
1888 835
1898 837
1908 829
1918 827
1926 834
1934 827
1940 811
1948 802
1946 785
1943 775
1938 766
1930 760
1921 755
1911 752
1901 752
1891 751
1881 752
1871 751
1861 751
1851 751
1841 751
1831 751
1821 750
1811 751
1801 750
1791 750
1781 750
1771 750
1761 750
1751 750
1741 749
1732 754
1726 763
1718 771
1709 777
1699 782
1689 787
1681 793
1671 792
1661 792
1651 790
1641 790
1631 790
1621 791
1611 790
1601 790
1591 789
1581 789
1571 789
1561 789
1551 789
1541 788
1531 788
1521 788
1511 788
1501 787
1491 787
1481 787
1471 787
1461 787
1451 786
1441 786
1431 785
1421 785
1411 785
1401 785
1391 785
1381 785
1371 785
1361 784
1351 784
1341 784
1331 784
1321 784
1311 784
1301 783
1291 783
1281 782
1271 783
1261 783
1251 782
1241 782
1231 782
1221 782
1211 782
1201 781
1191 781
1181 781
1171 781
1161 781
1151 780
1141 780
1131 780
1121 780
1111 780
1101 780
1091 779
1081 779
1071 778
1061 779
1051 779
1041 778
1031 778
1021 778
1011 778
1001 778
991 778
981 777
971 777
961 776
951 776
941 776
931 775
921 775
911 775
901 775
891 775
881 775
871 775
861 775
851 775
841 775
831 775
821 774
811 774
801 775
791 775
781 774
771 774
761 774
751 774
741 773
731 773
721 773
711 773
701 773
691 772
681 772
671 769
661 769
651 770
641 769
632 764
624 757
618 749
612 741
609 731
606 721
606 711
606 701
602 689
608 678
617 673
608 668
615 660
623 654
633 651
641 644
651 642
661 638
671 635
681 634
691 630
701 629
709 623
710 607
706 597
701 588
695 580
687 574
679 568
669 564
659 561
649 558
639 559
629 559
619 560
609 562
599 563
589 565
579 568
569 570
559 573
549 577
539 581
529 584
519 589
509 593
500 598
490 602
480 604
470 604
460 603
450 601
440 597
431 592
422 587
413 582
405 576
396 571
387 566
378 561
369 556
360 551
352 545
343 540
333 536
323 533
313 531
303 530
293 530
283 531
273 535
263 538
253 543
244 549
236 556
228 562
222 571
216 580
210 589
205 599
200 610
196 621
193 632
190 642
188 653
185 663
182 677
179 688
179 698
176 708
174 722
172 734
170 753
170 763
170 773
168 783
