274 839
272 829
279 820
286 812
295 806
304 801
313 794
323 793
333 788
343 785
352 776
362 775
371 769
381 767
389 761
399 758
408 752
418 749
427 744
437 740
447 738
456 733
466 731
475 726
485 724
494 719
504 718
514 714
524 711
532 705
542 703
552 699
562 697
572 694
580 688
590 687
600 685
608 679
618 679
628 675
638 673
648 670
658 669
668 667
678 663
687 658
697 655
707 655
717 653
727 650
737 645
747 643
757 640
767 639
777 638
787 634
797 633
807 634
817 630
827 627
837 625
847 624
856 619
866 620
876 618
886 616
896 614
904 608
914 604
924 604
934 601
944 599
954 597
964 595
974 591
984 589
994 586
1004 583
1014 580
1024 578
1033 573
1043 572
1052 567
1062 564
1072 562
1082 559
1092 556
1102 553
1112 551
1122 548
1132 546
1142 543
1152 540
1162 537
1172 534
1182 532
1192 528
1202 526
1212 523
1222 522
1232 519
1242 517
1252 515
1262 513
1272 512
1282 511
1292 510
1302 509
1309 517
1303 529
1295 538
1289 547
1280 553
1274 562
1265 567
1257 574
1249 580
1239 584
1231 592
1221 595
1212 601
1202 606
1192 611
1182 616
1173 621
1164 626
1154 630
1145 635
1135 639
1125 643
1115 648
1106 653
1096 657
1086 661
1076 666
1066 670
1056 674
1046 678
1036 682
1026 686
1016 690
1006 694
996 698
986 702
976 705
967 710
957 714
947 717
937 721
927 724
917 727
907 731
897 734
887 733
880 724
872 736
862 734
853 729
843 727
833 724
823 723
814 718
804 719
794 721
784 720
774 721
764 723
754 723
744 725
735 730
726 737
716 738
708 745
698 747
688 751
678 754
669 760
661 766
651 769
641 772
631 774
624 782
615 787
605 791
595 792
585 794
577 801
567 803
557 807
547 809
538 814
528 815
519 821
509 825
499 828
489 830
479 831
469 834
459 838
449 840
439 841
429 843
419 847
409 850
399 850
389 851
379 855
369 856
359 859
349 860
339 861
329 862
319 864
309 864
299 863
289 863
281 857
275 849
