482 403
478 393
488 391
498 392
508 392
518 393
528 395
538 397
548 398
558 400
568 402
578 404
588 406
598 408
608 411
618 414
628 417
638 419
648 422
658 426
668 429
678 433
688 437
698 440
708 444
717 449
727 453
737 455
746 460
756 464
766 468
775 473
785 477
794 482
804 486
813 491
823 495
832 500
842 503
851 508
861 511
869 517
878 522
888 525
896 531
905 536
915 539
924 544
934 548
944 552
953 557
963 560
973 563
981 569
990 574
1000 574
1010 577
1019 582
1028 587
1036 594
1039 604
1039 614
1039 624
1041 634
1041 644
1045 654
1049 664
1054 673
1061 681
1069 688
1077 695
1085 701
1094 706
1102 712
1111 717
1120 722
1129 727
1139 730
1147 736
1157 740
1166 745
1176 749
1185 754
1193 760
1203 764
1212 769
1221 774
1230 779
1239 784
1248 789
1257 794
1266 799
1275 804
1284 809
1293 814
1301 820
1310 825
1318 831
1327 836
1336 841
1344 847
1353 852
1361 858
1370 863
1380 867
1388 873
1397 878
1407 881
1417 885
1427 889
1437 893
1447 895
1457 898
1467 901
1477 904
1487 905
1497 908
1507 910
1517 911
1527 912
1537 912
1547 913
1557 914
1567 918
1572 927
1577 936
1577 946
1580 956
1581 966
1583 976
1584 986
1585 996
1585 1006
1586 1016
1586 1026
1586 1036
1586 1046
1584 1058
1583 1072
1582 1086
1579 1101
1576 1115
1572 1125
1568 1135
1562 1143
1552 1141
1542 1143
1538 1158
1530 1152
1521 1157
1518 1167
1508 1172
1499 1167
1489 1167
1479 1163
1469 1161
1459 1157
1449 1153
1441 1147
1431 1145
1425 1137
1415 1134
1405 1135
1396 1130
1388 1124
1378 1123
1369 1118
1360 1113
1351 1108
1342 1103
1332 1099
1325 1091
1315 1090
1307 1084
1299 1078
1289 1075
1280 1070
1273 1062
1263 1060
1254 1055
1245 1050
1239 1042
1229 1038
1221 1032
1213 1026
1204 1021
1196 1015
1187 1010
1182 1001
1173 996
1165 990
1157 983
1148 978
1139 973
1131 967
1125 959
1117 953
1108 948
1100 941
1093 933
1084 928
1076 922
1070 914
1060 910
1053 902
1045 896
1037 889
1029 882
1021 875
1012 870
1004 864
996 858
988 852
980 846
972 840
964 834
956 827
948 821
939 816
930 811
922 804
914 798
906 792
897 787
889 781
880 776
872 770
867 761
861 746
855 738
846 733
837 728
829 722
823 714
814 709
807 701
799 695
789 693
782 685
773 680
767 672
757 670
752 661
742 657
734 651
728 643
719 638
713 630
704 625
697 617
689 610
679 607
671 600
665 592
657 586
649 579
643 571
633 569
627 561
620 553
612 547
604 541
600 531
591 526
583 519
576 511
568 505
561 497
555 489
547 482
542 473
533 468
527 460
520 452
513 444
507 436
500 428
493 420
488 411
