68 256
68 246
70 232
73 222
76 209
82 200
85 190
92 182
95 171
103 163
106 151
111 142
111 132
117 123
122 114
127 104
132 95
140 88
147 79
155 72
163 66
171 59
179 53
186 45
194 39
202 32
211 26
221 22
231 18
241 15
251 14
261 13
271 12
281 13
291 12
301 14
311 16
321 18
331 21
341 24
351 28
361 32
370 37
379 42
389 46
398 51
406 58
416 59
426 59
434 65
442 72
440 82
438 93
436 103
430 115
425 129
420 142
415 152
411 162
406 171
401 182
396 191
393 201
395 211
400 220
406 228
411 237
419 243
426 251
434 258
440 266
448 273
456 280
464 286
472 292
480 298
488 304
497 309
505 315
513 321
521 327
529 334
537 340
545 346
554 351
563 356
571 363
579 369
587 375
595 381
603 387
611 393
619 399
627 405
635 411
644 416
652 422
660 428
668 434
676 441
684 447
692 453
700 459
709 464
717 471
725 477
733 483
742 488
750 495
758 501
766 507
774 513
782 519
790 525
799 530
807 537
814 545
823 550
832 555
839 563
848 568
856 574
864 580
872 586
880 592
888 598
896 604
904 610
912 616
920 622
928 628
936 635
944 641
952 647
960 653
968 659
976 665
984 671
992 677
1000 683
1008 689
1017 694
1025 700
1033 707
1042 712
1050 719
1058 725
1066 731
1074 737
1082 743
1090 749
1098 755
1106 761
1114 767
1122 773
1130 779
1139 784
1147 790
1155 797
1164 802
1172 809
1180 815
1188 821
1196 827
1204 833
1212 839
1220 845
1228 851
1236 857
1244 863
1252 869
1260 875
1268 881
1276 887
1284 893
1292 899
1301 904
1309 911
1318 916
1326 922
1334 928
1343 933
1351 940
1359 946
1367 952
1376 957
1384 963
1392 969
1400 975
1408 982
1416 988
1425 993
1433 999
1441 1005
1449 1011
1457 1017
1465 1023
1475 1026
1483 1033
1491 1040
1500 1045
1507 1053
1515 1059
1522 1067
1530 1073
1540 1076
1548 1082
1556 1088
1565 1093
1572 1101
1580 1107
1589 1112
1596 1120
1604 1126
1612 1133
1621 1138
1629 1145
1637 1152
1645 1158
1653 1164
1661 1170
1669 1176
1677 1182
1685 1188
1693 1194
1702 1199
1709 1207
1717 1213
1726 1218
1734 1224
1742 1230
1750 1236
1758 1243
1766 1249
1774 1255
1782 1261
1791 1266
1799 1272
1808 1277
1817 1282
1825 1288
1835 1292
1843 1299
1852 1304
1860 1310
1867 1318
1877 1322
1886 1327
1893 1335
1900 1343
1910 1347
1918 1354
1928 1352
1937 1347
1947 1345
1956 1350
1962 1358
1970 1364
1976 1372
1984 1379
1991 1387
1990 1399
1991 1409
1988 1421
1982 1431
1976 1441
1966 1443
1956 1447
1959 1458
1959 1471
1954 1480
1945 1489
1937 1483
1929 1476
1921 1470
1912 1475
1902 1471
1894 1465
1885 1460
1877 1453
1868 1448
1859 1443
1851 1437
1843 1431
1835 1425
1826 1420
1818 1414
1810 1408
1802 1402
1793 1397
1785 1391
1777 1385
1769 1378
1761 1372
1753 1365
1745 1358
1737 1351
1729 1345
1721 1339
1713 1332
1705 1326
1697 1319
1688 1314
1680 1308
1672 1302
1664 1296
1656 1290
1648 1284
1640 1278
1632 1272
1624 1266
1616 1260
1608 1253
1599 1248
1591 1242
1583 1235
1574 1230
1566 1224
1558 1217
1549 1212
1541 1206
1532 1201
1524 1195
1516 1189
1508 1183
1499 1178
1491 1172
1482 1167
1474 1161
1466 1155
1460 1147
1452 1141
1444 1134
1435 1129
1427 1123
1419 1117
1410 1112
1402 1105
1394 1099
1385 1094
1377 1087
1369 1080
1360 1075
1352 1069
1344 1063
1336 1057
1328 1051
1320 1045
1311 1040
1303 1034
1295 1028
1287 1022
1279 1015
1270 1010
1262 1004
1254 998
1246 991
1238 985
1230 979
1221 974
1212 969
1205 961
1197 955
1189 949
1181 943
1173 937
1164 932
1156 925
1148 919
1139 914
1131 908
1123 902
1115 896
1106 891
1099 883
1090 878
1082 872
1074 866
1066 860
1058 854
1050 848
1042 842
1034 836
1026 830
1018 824
1010 818
1002 812
994 806
985 801
977 795
969 788
960 783
952 777
944 770
935 765
927 759
919 753
911 747
903 741
894 736
885 731
877 725
869 718
861 711
853 705
843 701
837 693
829 687
821 681
811 677
804 669
796 663
788 657
779 652
771 645
763 639
753 635
745 629
737 623
729 616
721 610
711 606
704 598
696 592
688 585
680 579
670 577
663 569
655 563
647 556
639 550
629 547
621 540
612 535
603 530
597 522
590 514
580 510
572 503
564 496
554 492
546 485
538 479
529 474
521 468
512 463
504 457
496 450
486 447
479 439
471 433
465 425
455 421
448 413
440 407
432 401
423 396
415 389
407 383
398 378
389 373
381 367
373 360
364 355
354 352
346 345
336 342
327 337
317 333
307 333
297 336
289 342
281 350
274 358
266 366
258 373
250 380
242 388
234 395
227 403
219 409
211 417
203 423
193 427
193 417
184 422
174 422
169 413
169 398
161 392
153 386
145 379
139 371
130 366
122 360
115 352
111 342
101 341
95 333
90 324
85 315
80 306
76 296
73 286
71 276
68 266
