85 710
85 700
89 685
94 674
99 664
104 655
111 647
118 639
125 631
133 624
141 618
149 612
158 606
168 602
177 597
187 592
197 588
206 583
216 581
226 577
236 574
246 571
256 570
266 567
276 565
286 564
296 563
306 561
316 560
326 560
336 560
346 560
356 559
366 560
376 560
386 560
396 562
406 562
416 563
426 566
436 568
446 570
456 573
466 576
476 579
486 583
496 587
505 592
515 595
524 600
532 606
542 610
551 615
560 620
570 624
579 629
587 635
597 638
607 642
617 646
627 650
637 654
647 657
657 660
667 661
677 663
687 666
697 666
707 667
717 668
727 669
737 669
747 669
757 669
767 670
777 670
787 670
797 670
807 670
817 670
827 669
837 670
847 669
857 668
867 669
877 669
887 669
897 669
907 669
917 668
927 668
934 654
937 644
939 663
947 669
957 670
967 669
977 669
987 669
997 670
1007 670
1017 669
1027 669
1037 669
1047 670
1057 669
1067 669
1077 669
1087 669
1097 670
1107 669
1117 669
1127 669
1137 669
1147 669
1157 669
1167 669
1177 669
1187 669
1197 669
1207 669
1217 669
1227 669
1237 669
1247 669
1257 669
1265 659
1265 649
1266 636
1276 634
1286 633
1296 634
1306 633
1316 634
1326 633
1336 634
1346 635
1356 635
1366 635
1376 635
1386 635
1396 635
1406 635
1416 636
1426 636
1436 636
1446 636
1456 636
1466 637
1476 637
1486 637
1496 638
1506 638
1516 638
1526 639
1536 639
1546 639
1556 639
1566 639
1576 639
1586 640
1596 640
1606 640
1616 640
1626 640
1636 641
1646 640
1656 641
1666 641
1676 641
1686 641
1696 642
1706 642
1716 642
1726 642
1736 642
1746 644
1756 643
1766 643
1776 644
1786 644
1796 644
1806 644
1816 645
1826 645
1836 645
1846 646
1856 646
1866 647
1876 646
1885 651
1891 659
1896 668
1906 671
1916 671
1926 671
1936 671
1946 672
1956 675
1965 680
1973 686
1979 694
1983 704
1984 721
1980 733
1974 743
1966 751
1957 757
1947 760
1937 761
1927 761
1917 760
1907 761
1899 768
1899 787
1895 797
1887 805
1877 804
1867 804
1857 804
1847 803
1837 803
1827 803
1817 803
1807 803
1797 803
1787 803
1777 802
1767 802
1757 802
1747 801
1737 801
1727 801
1717 801
1707 801
1697 801
1687 800
1677 800
1667 800
1657 800
1647 800
1637 800
1627 800
1617 800
1607 799
1597 799
1587 799
1577 799
1567 799
1557 799
1547 798
1537 799
1527 798
1517 799
1507 798
1497 798
1487 797
1477 797
1467 797
1457 797
1447 797
1437 797
1427 797
1417 797
1407 796
1397 797
1387 800
1377 800
1367 797
1357 795
1347 795
1337 795
1327 795
1317 795
1307 795
1297 795
1287 795
1277 794
1272 785
1267 776
1260 762
1250 762
1240 762
1230 762
1220 762
1210 763
1200 763
1190 763
1180 763
1170 763
1160 763
1150 763
1140 763
1130 763
1120 763
1110 763
1100 763
1090 763
1080 763
1070 764
1060 764
1050 764
1040 764
1030 764
1020 764
1010 764
1000 764
990 764
980 764
970 764
960 764
950 764
940 765
935 774
936 803
930 835
929 821
926 811
930 795
927 785
925 775
926 765
916 765
906 765
896 765
886 765
876 766
866 766
856 765
846 766
836 766
826 766
816 766
806 766
796 767
786 767
776 767
766 767
756 767
746 767
736 768
726 768
716 768
706 768
696 769
686 769
676 771
666 771
656 773
646 775
636 777
626 780
616 782
606 785
596 787
586 791
576 794
566 798
557 803
547 807
539 813
529 817
520 823
510 827
500 832
490 837
480 841
470 844
460 847
450 850
440 852
430 855
420 857
410 858
400 860
390 861
380 862
370 864
360 864
350 864
340 864
330 864
320 863
310 863
300 862
290 861
280 859
270 858
260 856
250 854
240 852
230 849
220 847
210 844
201 839
191 835
181 831
171 827
162 822
154 816
146 810
138 804
130 797
122 791
116 783
108 776
103 767
97 759
92 750
89 740
87 730
85 720
