49 143
48 153
49 163
50 173
52 183
56 193
60 203
65 212
71 220
77 228
85 235
93 242
101 248
109 254
118 259
127 264
136 269
146 272
155 277
165 280
174 285
184 287
194 290
204 292
214 294
224 297
234 299
244 301
254 303
264 304
274 305
284 306
294 306
304 306
314 306
324 306
334 305
344 305
354 308
364 304
374 303
384 302
394 301
404 299
414 297
424 296
434 295
444 294
454 291
464 289
474 285
484 281
494 277
503 272
513 268
523 263
532 258
542 253
552 249
561 244
571 240
581 236
591 233
601 230
611 227
621 225
631 224
641 223
651 222
661 222
671 222
681 222
691 222
701 223
711 223
721 224
731 225
741 226
751 226
761 228
771 229
781 231
791 233
801 235
811 237
821 238
831 240
841 242
851 243
861 245
871 246
881 248
891 250
901 251
911 253
921 254
931 256
941 257
951 259
961 261
971 263
981 264
991 266
1001 267
1011 269
1021 270
1031 271
1041 273
1051 274
1061 275
1071 276
1081 277
1091 279
1101 279
1111 280
1121 281
1131 282
1141 282
1151 282
1161 283
1171 283
1181 283
1191 284
1201 284
1211 285
1221 285
1231 285
1241 285
1251 285
1261 284
1271 281
1272 262
1272 252
1272 242
1272 232
1271 222
1262 217
1252 214
1242 211
1232 208
1222 206
1212 203
1202 201
1192 199
1182 197
1172 194
1162 192
1152 190
1142 189
1132 187
1122 185
1112 183
1102 182
1092 180
1082 178
1072 177
1062 176
1052 175
1042 174
1032 173
1022 172
1012 172
1002 171
992 171
982 170
972 170
962 169
952 169
942 169
932 168
922 168
912 168
902 167
892 167
882 167
872 167
862 167
852 167
842 167
832 168
822 168
812 168
802 168
792 169
782 169
772 169
762 170
752 170
742 170
732 171
722 171
712 172
702 172
692 172
682 173
672 173
662 174
652 174
642 174
632 174
622 174
612 174
602 173
592 172
582 170
572 168
562 165
552 162
542 158
532 154
523 149
514 144
505 139
497 133
488 128
480 122
471 117
461 113
452 108
443 103
434 98
426 92
418 86
408 82
398 78
388 77
378 73
368 69
358 65
348 61
338 57
328 54
318 51
308 49
298 47
288 44
278 43
268 41
258 40
248 38
238 37
228 37
218 36
208 36
198 37
188 37
178 38
168 39
158 41
148 43
138 46
128 50
118 54
109 60
100 65
92 71
84 77
76 85
69 93
63 101
58 111
54 121
51 132
