3 186
1 176
8 168
18 164
28 163
38 162
48 162
58 162
68 162
78 162
88 162
98 162
108 163
118 163
128 163
138 163
148 163
158 163
168 162
178 161
188 160
198 159
208 158
218 156
228 154
238 152
248 149
258 146
268 142
278 138
288 133
298 129
308 125
318 121
328 118
338 115
348 112
358 109
368 107
378 106
388 106
398 106
408 106
418 107
428 109
438 112
448 116
457 121
466 126
474 132
482 138
488 146
494 154
498 164
498 174
498 184
497 199
493 209
487 218
480 227
472 234
464 241
455 246
445 251
435 256
425 259
415 262
405 263
395 264
385 266
375 266
365 267
355 268
345 268
335 267
325 263
315 259
305 257
296 252
287 247
277 243
267 239
257 235
247 231
238 226
228 222
218 218
215 208
218 197
213 188
203 189
193 190
183 186
173 189
171 199
161 203
151 204
141 204
131 204
121 203
111 201
101 200
91 199
81 198
71 197
61 197
51 196
41 196
31 196
21 195
11 192
