419 1179
419 1169
422 1158
425 1148
425 1131
425 1121
430 1111
438 1103
446 1097
455 1092
464 1087
474 1082
484 1077
494 1074
504 1071
514 1069
524 1065
533 1060
543 1056
553 1054
563 1052
573 1052
583 1051
593 1049
603 1048
613 1046
623 1044
633 1043
643 1044
653 1043
663 1042
673 1041
683 1039
693 1038
703 1036
713 1036
723 1036
733 1037
743 1037
753 1037
763 1036
773 1035
783 1036
793 1038
803 1038
813 1038
823 1039
833 1039
843 1038
853 1039
863 1040
873 1043
883 1046
893 1047
903 1049
913 1051
923 1051
933 1053
943 1056
953 1058
963 1058
973 1060
983 1064
993 1066
1003 1068
1013 1068
1023 1068
1033 1070
1043 1073
1053 1075
1063 1077
1073 1081
1083 1083
1093 1085
1103 1086
1113 1088
1123 1090
1133 1092
1143 1094
1153 1096
1163 1099
1173 1102
1183 1105
1193 1107
1203 1111
1213 1114
1223 1115
1233 1116
1243 1119
1253 1121
1263 1123
1273 1127
1283 1130
1293 1132
1303 1132
1313 1134
1323 1135
1333 1138
1343 1140
1353 1143
1363 1145
1373 1147
1383 1149
1393 1152
1403 1154
1413 1156
1423 1157
1433 1160
1443 1162
1453 1164
1463 1168
1473 1171
1483 1172
1493 1172
1503 1174
1513 1176
1523 1179
1533 1181
1543 1183
1553 1184
1563 1185
1573 1187
1583 1189
1593 1192
1603 1192
1613 1193
1623 1193
1633 1195
1643 1197
1653 1201
1663 1203
1673 1204
1683 1204
1693 1204
1703 1206
1713 1207
1723 1209
1733 1213
1743 1216
1753 1217
1763 1215
1773 1213
1783 1216
1793 1217
1803 1216
1813 1215
1823 1215
1833 1215
1843 1215
1853 1216
1863 1219
1873 1222
1883 1222
1893 1221
1903 1219
1913 1219
1923 1219
1933 1219
1943 1219
1953 1218
1963 1218
1973 1218
1983 1217
1993 1217
2003 1217
2013 1217
2023 1218
2033 1219
2043 1220
2053 1219
2063 1218
2073 1216
2083 1216
2093 1215
2103 1216
2113 1216
2123 1216
2133 1214
2143 1214
2153 1214
2163 1213
2173 1213
2183 1212
2193 1212
2203 1212
2213 1212
2223 1212
2233 1211
2243 1210
2253 1209
2263 1210
2273 1210
2283 1209
2293 1209
2303 1208
2313 1206
2323 1206
2333 1207
2343 1209
2353 1208
2363 1205
2373 1203
2383 1202
2393 1201
2403 1199
2413 1199
2423 1198
2433 1197
2443 1196
2453 1195
2463 1194
2473 1193
2483 1192
2493 1193
2503 1194
2513 1194
2523 1193
2533 1191
2543 1190
2553 1187
2563 1185
2573 1184
2583 1183
2593 1182
2603 1181
2613 1180
2623 1179
2633 1179
2643 1179
2653 1178
2663 1176
2673 1174
2683 1174
2693 1173
2703 1173
2713 1172
2723 1171
2733 1169
2743 1167
2753 1166
2763 1165
2773 1164
2783 1163
2793 1162
2803 1161
2813 1160
2823 1159
2833 1158
2843 1157
2853 1156
2863 1156
2873 1155
2883 1154
2893 1152
2903 1151
2913 1151
2923 1150
2933 1148
2943 1147
2953 1147
2963 1146
2973 1145
2983 1143
2993 1142
3003 1141
3013 1140
3023 1139
3033 1138
3043 1137
3053 1136
3063 1135
3073 1133
3083 1132
3093 1131
3103 1130
3113 1129
3123 1129
3133 1128
3143 1128
3153 1125
3163 1123
3173 1123
3183 1123
3193 1122
3203 1120
3213 1120
3223 1119
3233 1118
3243 1117
3253 1116
3263 1115
3273 1113
3283 1112
3293 1111
3303 1110
3313 1110
3323 1110
3333 1109
3343 1108
3353 1107
3363 1105
3373 1104
3383 1104
3393 1104
3403 1103
3413 1102
3423 1102
3433 1101
3443 1101
3453 1100
3463 1099
3473 1100
3483 1101
3493 1101
3503 1101
3513 1100
3523 1101
3533 1101
3543 1102
3553 1103
3563 1104
3573 1105
3583 1107
3593 1109
3603 1112
3613 1114
3623 1116
3633 1119
3643 1123
3653 1126
3662 1131
3670 1137
3678 1143
3686 1149
3695 1154
3703 1160
3710 1168
3718 1175
3724 1183
3730 1191
3737 1199
3743 1207
3747 1217
3752 1226
3757 1235
3760 1245
3761 1255
3763 1265
3764 1275
3764 1285
3764 1295
3763 1309
3761 1323
3759 1335
3756 1348
3752 1361
3748 1371
3742 1381
3736 1389
3729 1397
3721 1405
3713 1412
3705 1418
3697 1425
3688 1430
3679 1435
3670 1440
3661 1445
3651 1448
3641 1452
3631 1456
3621 1460
3611 1463
3601 1466
3591 1469
3581 1471
3571 1473
3561 1474
3551 1475
3541 1476
3531 1476
3521 1476
3511 1477
3501 1478
3491 1479
3481 1479
3471 1480
3461 1481
3451 1481
3441 1481
3431 1482
3421 1482
3411 1482
3401 1483
3391 1483
3381 1482
3371 1481
3361 1480
3351 1480
3341 1480
3331 1481
3321 1480
3311 1479
3301 1478
3291 1478
3281 1478
3271 1478
3261 1477
3251 1476
3241 1475
3231 1474
3221 1474
3211 1475
3201 1476
3191 1476
3181 1474
3171 1472
3161 1473
3151 1474
3141 1474
3131 1473
3121 1472
3111 1472
3101 1472
3091 1471
3081 1469
3071 1467
3061 1467
3051 1468
3041 1468
3031 1468
3021 1467
3011 1467
3001 1465
2991 1463
2981 1461
2971 1461
2961 1461
2951 1460
2941 1460
2931 1460
2921 1459
2911 1459
2901 1458
2891 1458
2881 1457
2871 1457
2861 1457
2851 1455
2841 1453
2831 1453
2821 1453
2811 1454
2801 1454
2791 1453
2781 1452
2771 1451
2761 1450
2751 1450
2741 1451
2731 1452
2721 1450
2711 1449
2701 1448
2691 1449
2681 1450
2671 1448
2661 1446
2651 1445
2641 1446
2631 1445
2621 1444
2611 1443
2601 1443
2591 1442
2581 1442
2571 1441
2561 1441
2551 1441
2541 1442
2531 1440
2521 1438
2511 1437
2501 1437
2491 1437
2481 1437
2471 1436
2461 1435
2451 1436
2441 1437
2431 1437
2421 1435
2411 1433
2401 1433
2391 1434
2381 1434
2371 1434
2361 1434
2351 1434
2341 1433
2331 1433
2321 1433
2311 1433
2301 1433
2291 1432
2281 1432
2271 1432
2261 1431
2251 1430
2241 1427
2231 1426
2221 1428
2211 1430
2201 1430
2191 1430
2181 1430
2171 1429
2161 1429
2151 1429
2141 1429
2131 1428
2121 1427
2111 1427
2101 1427
2091 1427
2081 1428
2071 1430
2061 1432
2051 1432
2041 1432
2031 1433
2021 1434
2011 1434
2001 1434
1991 1435
1981 1436
1971 1436
1961 1436
1951 1437
1941 1439
1931 1440
1921 1440
1911 1441
1901 1442
1891 1442
1881 1444
1871 1445
1861 1446
1851 1446
1841 1447
1831 1448
1821 1449
1811 1451
1801 1453
1791 1453
1781 1454
1771 1457
1761 1459
1751 1462
1741 1465
1731 1466
1721 1466
1711 1468
1701 1470
1691 1471
1681 1472
1671 1476
1661 1480
1651 1480
1641 1477
1631 1476
1626 1485
1616 1490
1606 1492
1596 1494
1586 1497
1576 1499
1566 1501
1556 1503
1546 1504
1536 1507
1526 1509
1516 1512
1506 1515
1496 1517
1486 1519
1476 1521
1466 1523
1456 1525
1446 1526
1436 1528
1426 1531
1416 1534
1406 1535
1396 1538
1386 1542
1376 1545
1366 1546
1356 1548
1346 1549
1336 1552
1326 1556
1316 1559
1306 1560
1296 1561
1286 1563
1276 1566
1266 1570
1256 1574
1246 1577
1236 1578
1226 1579
1216 1583
1206 1587
1196 1589
1186 1590
1176 1591
1166 1594
1156 1597
1146 1599
1136 1601
1126 1603
1116 1605
1106 1607
1096 1611
1086 1614
1076 1616
1066 1617
1056 1620
1046 1624
1036 1626
1026 1627
1016 1628
1006 1628
996 1631
986 1635
976 1637
966 1637
956 1638
946 1638
936 1638
926 1639
916 1642
906 1645
896 1648
886 1649
876 1651
866 1652
856 1653
846 1654
836 1653
826 1653
816 1654
806 1656
796 1656
786 1656
776 1657
766 1657
756 1657
746 1657
736 1658
726 1659
716 1659
706 1658
696 1656
686 1656
676 1657
666 1656
656 1652
646 1649
636 1649
626 1649
616 1649
606 1646
596 1643
586 1642
576 1641
566 1640
556 1637
546 1634
536 1631
526 1628
516 1624
508 1618
502 1610
496 1602
491 1593
488 1583
484 1573
480 1563
477 1553
476 1543
475 1533
471 1523
468 1513
465 1503
464 1493
462 1483
460 1473
458 1463
457 1453
455 1443
452 1433
449 1423
447 1413
447 1403
447 1390
446 1380
443 1370
440 1360
437 1350
435 1340
433 1330
432 1320
429 1310
428 1300
427 1290
425 1280
424 1270
424 1260
424 1250
423 1240
422 1230
421 1220
421 1210
421 1189
