42 271
42 261
43 244
43 234
43 224
53 221
63 222
73 223
83 224
93 224
103 224
113 225
123 225
133 227
143 228
153 228
163 230
167 240
170 250
174 260
184 264
194 264
204 264
214 265
224 265
234 265
244 265
254 265
264 265
274 264
284 264
294 265
304 264
314 264
324 264
334 263
344 264
354 264
364 264
374 264
384 264
394 264
404 264
414 264
424 264
434 264
444 264
454 264
464 264
474 264
484 264
494 264
504 263
514 263
524 264
534 265
541 273
537 288
527 292
517 292
507 292
497 292
487 292
477 292
467 292
457 292
447 292
437 292
427 292
417 292
407 292
397 291
387 292
377 291
367 291
357 291
347 291
337 291
327 291
317 291
307 291
297 291
287 291
277 291
267 290
257 290
247 290
237 290
227 290
217 290
207 290
197 290
187 290
177 292
170 300
167 312
164 325
154 329
144 329
134 330
124 330
114 331
104 331
94 332
84 333
74 333
64 334
54 334
44 331
43 321
43 311
43 301
43 291
43 281
