381 325
379 336
386 347
391 356
394 366
404 370
410 378
415 387
421 395
429 402
437 409
445 416
452 424
460 431
468 438
474 446
482 452
490 459
497 467
504 475
513 480
518 489
524 497
533 502
541 508
547 516
553 524
559 532
568 537
574 545
582 551
588 559
595 567
603 573
610 581
618 588
626 595
631 604
639 610
647 617
655 623
661 631
668 639
676 646
684 653
690 661
698 667
706 673
712 681
720 687
722 697
731 702
739 708
745 716
753 722
759 730
767 737
775 743
783 750
793 753
803 752
813 747
822 742
828 733
836 725
844 718
851 710
859 703
865 695
873 689
883 688
893 691
901 698
907 706
916 711
924 717
932 724
939 732
947 738
955 745
962 753
970 760
977 768
985 774
993 781
1001 787
1007 795
1015 801
1021 809
1029 815
1037 821
1043 829
1051 835
1057 843
1065 850
1072 858
1080 864
1087 872
1095 879
1103 886
1109 894
1117 900
1123 908
1129 916
1137 923
1145 929
1151 937
1157 945
1165 951
1171 959
1177 967
1185 973
1191 981
1199 988
1205 996
1213 1003
1220 1011
1227 1019
1234 1027
1242 1033
1249 1041
1257 1048
1263 1056
1271 1062
1278 1070
1284 1078
1292 1084
1298 1092
1305 1100
1313 1107
1321 1114
1328 1122
1336 1129
1342 1137
1350 1144
1357 1152
1365 1158
1371 1166
1379 1173
1385 1181
1393 1188
1401 1195
1407 1203
1413 1211
1421 1217
1428 1225
1436 1231
1444 1238
1450 1246
1457 1254
1465 1260
1472 1268
1480 1275
1488 1282
1494 1290
1502 1297
1510 1303
1517 1311
1525 1317
1532 1325
1539 1333
1547 1340
1553 1348
1561 1354
1569 1360
1577 1366
1583 1374
1591 1380
1599 1387
1607 1393
1615 1399
1625 1403
1635 1404
1645 1405
1655 1405
1665 1405
1673 1398
1681 1391
1687 1383
1690 1373
1690 1363
1689 1353
1684 1344
1679 1335
1673 1327
1667 1319
1660 1311
1653 1303
1648 1294
1642 1286
1633 1281
1626 1273
1619 1265
1613 1257
1605 1251
1599 1243
1592 1235
1585 1227
1577 1221
1571 1213
1563 1207
1557 1199
1550 1191
1542 1184
1534 1177
1527 1169
1519 1162
1512 1154
1506 1146
1498 1140
1490 1133
1483 1125
1475 1118
1468 1110
1460 1103
1453 1095
1445 1088
1438 1080
1430 1073
1424 1065
1416 1059
1409 1051
1401 1045
1394 1037
1386 1031
1379 1023
1372 1015
1364 1009
1357 1001
1349 994
1341 987
1335 979
1327 973
1320 965
1312 958
1304 952
1296 945
1289 937
1281 930
1274 922
1268 914
1259 909
1251 902
1243 895
1236 887
1228 880
1220 874
1215 865
1206 860
1198 853
1190 847
1184 839
1178 831
1169 826
1161 819
1154 811
1146 804
1138 797
1132 789
1124 782
1119 773
1111 767
1102 762
1096 754
1088 748
1082 740
1074 734
1067 726
1061 718
1053 712
1047 704
1039 697
1032 689
1026 681
1018 675
1010 668
1005 659
997 653
990 645
982 638
976 630
968 623
962 615
961 605
965 593
973 587
980 579
988 571
993 562
1001 555
1009 549
1016 541
1022 533
1025 519
1025 509
1025 499
1020 490
1014 482
1008 474
1000 468
994 460
986 454
980 446
973 438
965 432
957 426
951 418
943 411
935 404
927 398
921 390
913 384
907 376
899 370
893 362
885 356
877 349
869 342
861 335
853 329
847 321
839 315
831 308
824 300
816 293
810 285
802 278
794 272
788 264
780 257
771 252
765 244
757 238
751 230
741 227
735 219
727 212
719 205
710 200
702 193
692 189
682 185
673 180
663 177
653 175
643 175
633 175
623 176
613 177
603 177
593 182
583 184
573 187
563 189
553 194
543 195
534 200
524 203
514 206
504 210
495 215
485 220
477 227
468 232
459 237
451 244
441 248
433 258
425 264
418 272
410 280
402 288
397 297
389 305
384 314
