420 1513
420 1503
422 1484
423 1474
423 1464
424 1446
424 1436
424 1426
425 1408
425 1387
427 1372
427 1362
427 1352
428 1341
430 1330
432 1318
432 1308
432 1298
434 1279
434 1269
434 1259
434 1249
435 1231
435 1221
435 1211
438 1195
438 1183
437 1173
436 1163
436 1153
437 1134
438 1122
438 1112
438 1102
437 1092
439 1080
440 1063
440 1053
439 1043
440 1026
444 1016
451 1008
459 1001
468 996
478 993
488 990
498 986
508 984
518 982
528 979
538 978
548 976
558 975
568 973
578 972
588 971
598 969
608 968
618 966
628 966
638 965
648 964
658 963
668 963
678 962
688 961
698 961
708 960
718 959
728 959
738 959
748 959
758 959
768 959
778 960
788 960
798 960
808 960
818 960
828 961
838 961
848 961
858 961
868 962
878 962
888 962
898 963
908 963
918 964
928 964
938 965
948 966
958 966
968 967
978 967
988 968
998 969
1008 970
1018 970
1028 971
1038 972
1048 973
1058 974
1068 975
1078 977
1088 978
1098 979
1108 981
1118 982
1128 983
1138 984
1148 986
1158 987
1168 989
1178 990
1188 991
1198 993
1208 994
1218 996
1228 998
1238 999
1248 1001
1258 1003
1268 1005
1278 1007
1288 1008
1298 1010
1308 1013
1318 1015
1328 1017
1338 1019
1348 1021
1358 1023
1368 1025
1378 1028
1388 1030
1398 1033
1408 1035
1418 1037
1428 1039
1438 1041
1448 1043
1458 1045
1468 1048
1478 1051
1488 1053
1498 1056
1508 1058
1518 1060
1528 1063
1538 1065
1548 1068
1558 1071
1568 1074
1578 1076
1588 1078
1598 1081
1608 1083
1618 1086
1628 1088
1638 1091
1648 1094
1658 1096
1668 1099
1678 1102
1688 1104
1698 1106
1708 1109
1718 1112
1728 1114
1738 1117
1748 1120
1758 1122
1768 1125
1778 1127
1788 1130
1798 1133
1808 1135
1818 1137
1828 1139
1838 1141
1848 1144
1858 1145
1868 1147
1878 1149
1888 1150
1898 1151
1908 1153
1918 1155
1928 1156
1938 1157
1948 1159
1958 1160
1968 1161
1978 1162
1988 1163
1998 1164
2008 1164
2018 1165
2028 1167
2038 1167
2048 1167
2058 1168
2068 1168
2078 1169
2088 1169
2098 1170
2108 1170
2118 1170
2128 1171
2138 1171
2148 1171
2158 1171
2168 1171
2178 1171
2188 1172
2198 1172
2208 1172
2218 1172
2228 1172
2238 1171
2248 1171
2258 1171
2268 1171
2278 1171
2288 1171
2298 1171
2308 1171
2318 1171
2328 1171
2338 1171
2348 1170
2358 1170
2368 1170
2378 1170
2388 1170
2398 1169
2408 1169
2418 1169
2428 1169
2438 1168
2448 1168
2458 1168
2468 1167
2478 1167
2488 1167
2498 1166
2508 1166
2518 1166
2528 1165
2538 1165
2548 1164
2558 1164
2568 1164
2578 1163
2588 1163
2598 1163
2608 1162
2618 1162
2628 1161
2638 1161
2648 1160
2658 1160
2668 1160
2678 1159
2688 1159
2698 1159
2708 1158
2718 1158
2728 1157
2738 1157
2748 1157
2758 1156
2768 1155
2778 1155
2788 1155
2798 1155
2808 1155
2818 1154
2828 1154
2838 1154
2848 1153
2858 1152
2868 1152
2878 1152
2888 1151
2898 1151
2908 1150
2918 1150
2928 1150
2938 1149
2948 1149
2958 1148
2968 1148
2978 1147
2988 1147
2998 1147
3008 1146
3018 1146
3028 1146
3038 1145
3048 1145
3058 1145
3068 1144
3078 1143
3088 1143
3098 1142
3108 1142
3118 1142
3128 1142
3138 1141
3148 1141
3158 1140
3168 1140
3178 1140
3188 1139
3198 1139
3208 1138
3218 1138
3228 1138
3238 1137
3248 1137
3258 1136
3268 1136
3278 1136
3288 1136
3298 1135
3308 1135
3318 1135
3328 1135
3338 1134
3348 1134
3358 1133
3368 1133
3378 1133
3388 1132
3398 1132
3408 1132
3418 1131
3428 1131
3438 1131
3448 1131
3458 1130
3468 1129
3478 1129
3488 1129
3498 1129
3508 1128
3518 1128
3528 1128
3538 1127
3548 1127
3558 1127
3568 1127
3578 1127
3588 1127
3598 1127
3608 1127
3618 1127
3628 1127
3638 1127
3648 1127
3658 1127
3668 1128
3678 1128
3688 1129
3698 1130
3708 1130
3718 1131
3728 1133
3738 1134
3748 1135
3758 1139
3768 1141
3778 1145
3787 1150
3797 1153
3806 1158
3815 1163
3824 1168
3832 1174
3841 1179
3849 1186
3857 1193
3865 1200
3871 1208
3879 1215
3885 1223
3893 1230
3899 1238
3905 1246
3911 1254
3916 1263
3920 1273
3925 1282
3929 1292
3933 1302
3937 1312
3941 1322
3940 1339
3936 1351
3931 1361
3927 1373
3921 1381
3915 1389
3909 1397
3903 1405
3896 1413
3888 1420
3880 1428
3872 1435
3864 1442
3855 1448
3847 1454
3838 1459
3828 1464
3819 1469
3809 1474
3799 1477
3789 1481
3779 1484
3769 1486
3759 1488
3749 1490
3739 1492
3729 1493
3719 1494
3709 1495
3699 1495
3689 1496
3679 1497
3669 1497
3659 1498
3649 1498
3639 1498
3629 1498
3619 1498
3609 1498
3599 1498
3589 1498
3579 1498
3569 1498
3559 1498
3549 1497
3539 1497
3529 1497
3519 1497
3509 1496
3499 1495
3489 1495
3479 1495
3469 1494
3459 1494
3449 1494
3439 1493
3429 1493
3419 1493
3409 1492
3399 1491
3389 1490
3379 1490
3369 1490
3359 1490
3349 1489
3339 1488
3329 1488
3319 1487
3309 1487
3299 1486
3289 1486
3279 1486
3269 1485
3259 1485
3249 1484
3239 1483
3229 1482
3219 1482
3209 1482
3199 1481
3189 1480
3179 1480
3169 1479
3159 1479
3149 1478
3139 1478
3129 1477
3119 1476
3109 1475
3099 1475
3089 1475
3079 1474
3069 1473
3059 1473
3049 1472
3039 1472
3029 1472
3019 1471
3009 1470
2999 1469
2989 1469
2979 1469
2969 1468
2959 1467
2949 1467
2939 1467
2929 1466
2919 1466
2909 1465
2899 1465
2889 1464
2879 1464
2869 1463
2859 1463
2849 1462
2839 1462
2829 1461
2819 1460
2809 1460
2799 1459
2789 1459
2779 1458
2769 1458
2759 1457
2749 1457
2739 1456
2729 1456
2719 1455
2709 1455
2699 1454
2689 1453
2679 1453
2669 1453
2659 1452
2649 1451
2639 1451
2629 1450
2619 1450
2609 1449
2599 1449
2589 1448
2579 1447
2569 1446
2559 1445
2549 1445
2539 1445
2529 1444
2519 1444
2509 1443
2499 1443
2489 1442
2479 1442
2469 1441
2459 1441
2449 1441
2439 1440
2429 1440
2419 1440
2409 1439
2399 1439
2389 1438
2379 1438
2369 1438
2359 1438
2349 1438
2339 1437
2329 1437
2319 1436
2309 1436
2299 1436
2289 1436
2279 1436
2269 1436
2259 1436
2249 1436
2239 1436
2229 1436
2219 1437
2209 1437
2199 1437
2189 1437
2179 1437
2169 1438
2159 1439
2149 1440
2139 1440
2129 1440
2119 1441
2109 1442
2099 1443
2089 1444
2079 1445
2069 1446
2059 1447
2049 1449
2039 1450
2029 1451
2019 1452
2009 1454
1999 1455
1989 1457
1979 1458
1969 1460
1959 1462
1949 1464
1939 1466
1929 1468
1919 1470
1909 1472
1899 1474
1889 1476
1879 1479
1869 1481
1859 1483
1849 1485
1839 1488
1829 1490
1819 1492
1809 1495
1799 1498
1789 1500
1779 1504
1769 1506
1759 1509
1749 1512
1739 1515
1729 1518
1719 1521
1709 1524
1699 1526
1689 1529
1679 1532
1669 1535
1659 1538
1649 1541
1639 1544
1629 1547
1619 1549
1609 1551
1599 1554
1589 1556
1579 1559
1569 1562
1559 1564
1549 1566
1539 1569
1529 1571
1519 1573
1509 1576
1499 1578
1489 1580
1479 1583
1469 1585
1459 1587
1449 1589
1439 1591
1429 1593
1419 1595
1409 1598
1399 1599
1389 1602
1379 1603
1369 1605
1359 1606
1349 1608
1339 1610
1329 1612
1319 1614
1309 1615
1299 1617
1289 1619
1279 1620
1269 1621
1259 1623
1249 1626
1239 1627
1229 1628
1219 1630
1209 1632
1199 1633
1189 1634
1179 1636
1169 1637
1159 1638
1149 1640
1139 1641
1129 1642
1119 1643
1109 1643
1099 1644
1089 1646
1079 1647
1069 1648
1059 1648
1049 1649
1039 1650
1029 1650
1019 1651
1009 1652
999 1653
989 1653
979 1654
969 1655
959 1655
949 1655
939 1655
929 1655
919 1656
909 1656
899 1656
889 1657
879 1657
869 1657
859 1657
849 1657
839 1657
829 1657
819 1657
809 1657
799 1657
789 1657
779 1656
769 1656
759 1656
749 1656
739 1655
729 1655
719 1655
709 1654
699 1654
689 1654
679 1652
669 1651
659 1651
649 1650
639 1650
629 1649
619 1648
609 1647
599 1645
589 1644
579 1642
569 1640
559 1639
549 1638
539 1635
529 1633
519 1630
509 1628
499 1624
489 1621
479 1617
469 1613
459 1610
451 1604
443 1598
436 1590
429 1582
424 1573
422 1563
421 1553
420 1543
420 1533
420 1523
