247 1913
257 1916
267 1915
277 1915
287 1918
297 1919
307 1921
317 1921
327 1924
337 1926
347 1926
357 1927
367 1930
377 1929
387 1929
397 1931
407 1932
417 1934
427 1935
437 1935
447 1937
457 1938
467 1938
477 1939
487 1941
497 1941
507 1941
517 1942
527 1943
537 1944
547 1943
557 1943
567 1944
577 1944
587 1944
597 1944
607 1944
617 1943
627 1943
637 1943
647 1942
657 1941
667 1939
677 1937
687 1934
697 1933
707 1934
717 1933
727 1931
737 1928
747 1926
757 1924
767 1921
777 1919
787 1916
797 1914
807 1912
817 1909
827 1908
837 1907
847 1903
857 1898
867 1896
877 1894
887 1890
897 1887
907 1883
917 1879
927 1876
937 1873
947 1870
956 1865
966 1860
976 1857
985 1852
995 1847
1005 1843
1015 1839
1024 1834
1033 1829
1042 1824
1052 1820
1062 1816
1071 1811
1081 1807
1091 1802
1101 1798
1111 1795
1121 1792
1131 1790
1141 1787
1151 1784
1161 1781
1171 1779
1181 1776
1191 1774
1201 1771
1211 1769
1221 1766
1231 1763
1241 1761
1251 1758
1261 1756
1271 1754
1281 1752
1291 1749
1301 1747
1311 1744
1321 1742
1331 1740
1341 1737
1351 1735
1361 1733
1371 1730
1381 1728
1391 1725
1401 1723
1411 1721
1421 1719
1431 1716
1441 1713
1451 1711
1461 1709
1471 1707
1481 1704
1491 1701
1501 1699
1511 1697
1521 1695
1531 1692
1541 1690
1551 1688
1561 1686
1571 1683
1581 1681
1591 1679
1601 1677
1611 1675
1621 1672
1631 1670
1641 1668
1651 1666
1661 1664
1671 1662
1681 1660
1691 1657
1701 1655
1711 1653
1721 1651
1731 1649
1741 1647
1751 1645
1761 1643
1771 1641
1781 1639
1791 1637
1801 1634
1811 1632
1821 1630
1831 1629
1841 1626
1851 1624
1861 1622
1871 1620
1881 1618
1891 1615
1901 1614
1911 1612
1921 1610
1931 1608
1941 1606
1951 1604
1961 1602
1971 1599
1981 1597
1991 1595
2001 1593
2011 1591
2021 1589
2031 1587
2041 1585
2051 1583
2061 1580
2071 1578
2081 1576
2091 1574
2101 1572
2111 1570
2121 1568
2131 1566
2141 1563
2151 1561
2161 1559
2171 1557
2181 1555
2191 1553
2201 1550
2211 1548
2221 1546
2231 1544
2241 1542
2251 1540
2261 1538
2271 1537
2281 1534
2291 1532
2301 1531
2311 1528
2321 1526
2331 1523
2341 1521
2351 1520
2361 1518
2371 1517
2381 1515
2391 1512
2401 1510
2411 1508
2421 1506
2431 1505
2441 1503
2451 1500
2461 1498
2471 1496
2481 1493
2491 1492
2501 1489
2511 1488
2521 1485
2531 1483
2541 1482
2551 1479
2561 1477
2571 1476
2581 1474
2591 1472
2601 1469
2611 1467
2621 1465
2631 1464
2641 1462
2651 1459
2661 1457
2671 1455
2681 1453
2691 1451
2701 1449
2711 1447
2721 1445
2731 1443
2741 1442
2751 1440
2761 1437
2771 1435
2781 1433
2791 1431
2801 1428
2811 1426
2821 1425
2831 1422
2841 1420
2851 1418
2861 1416
2871 1414
2881 1412
2891 1410
2901 1408
2911 1406
2921 1404
2931 1402
2941 1400
2951 1398
2961 1396
2971 1394
2981 1391
2991 1389
3001 1387
3011 1385
3021 1382
3031 1380
3041 1378
3051 1376
3061 1373
3071 1371
3081 1368
3091 1366
3101 1363
3111 1360
3121 1357
3131 1355
3141 1352
3151 1349
3161 1346
3171 1343
3181 1339
3191 1336
3201 1333
3211 1329
3221 1326
3231 1323
3241 1320
3251 1316
3261 1313
3271 1309
3281 1305
3291 1302
3301 1299
3311 1295
3321 1292
3331 1288
3341 1285
3351 1281
3361 1278
3371 1275
3381 1271
3391 1268
3401 1264
3411 1261
3421 1257
3431 1254
3441 1250
3451 1247
3461 1243
3471 1241
3481 1238
3491 1235
3501 1233
3511 1231
3521 1228
3531 1226
3541 1224
3551 1222
3561 1219
3571 1217
3581 1215
3591 1212
3601 1210
3611 1208
3621 1206
3631 1203
3641 1201
3651 1198
3661 1195
3671 1192
3681 1189
3691 1185
3701 1182
3711 1177
3721 1173
3731 1168
3741 1163
3750 1158
3759 1152
3767 1146
3775 1140
3783 1134
3791 1126
3799 1118
3806 1110
3813 1101
3819 1092
3825 1083
3830 1074
3835 1062
3839 1052
3842 1042
3844 1032
3847 1019
3848 1006
3849 990
3849 980
3847 970
3845 960
3843 950
3840 940
3837 930
3834 920
3829 911
3824 902
3819 893
3813 885
3807 877
3800 869
3793 861
3786 853
3778 847
3770 841
3762 835
3753 830
3745 824
3736 819
3726 815
3716 812
3707 807
3697 803
3687 799
3677 796
3667 793
3657 792
3647 788
3637 785
3627 783
3617 781
3607 779
3597 776
3587 774
3577 773
3567 771
3557 768
3547 766
3537 764
3527 762
3517 760
3507 758
3497 756
3487 754
3477 752
3467 750
3457 748
3447 746
3437 744
3427 741
3417 738
3407 735
3397 732
3387 729
3377 725
3367 722
3357 719
3347 716
3337 713
3327 710
3317 706
3307 703
3297 700
3287 696
3277 693
3267 690
3257 687
3247 683
3237 680
3227 677
3217 673
3207 670
3197 667
3187 664
3177 661
3167 658
3157 655
3147 651
3137 649
3127 646
3117 644
3107 641
3097 638
3087 636
3077 634
3067 631
3057 629
3047 627
3037 625
3027 623
3017 621
3007 619
2997 616
2987 615
2977 612
2967 611
2957 609
2947 607
2937 605
2927 603
2917 601
2907 599
2897 597
2887 596
2877 594
2867 592
2857 590
2847 588
2837 586
2827 584
2817 582
2807 580
2797 579
2787 576
2777 575
2767 573
2757 571
2747 570
2737 568
2727 566
2717 563
2707 562
2697 559
2687 557
2677 555
2667 554
2657 552
2647 550
2637 548
2627 547
2617 545
2607 543
2597 541
2587 540
2577 538
2567 536
2557 534
2547 532
2537 531
2527 528
2517 527
2507 525
2497 523
2487 521
2477 520
2467 518
2457 516
2447 514
2437 512
2427 510
2417 508
2407 507
2397 505
2387 503
2377 501
2367 499
2357 497
2347 496
2337 494
2327 492
2317 490
2307 488
2297 486
2287 484
2277 482
2267 481
2257 478
2247 477
2237 475
2227 473
2217 471
2207 469
2197 467
2187 465
2177 463
2167 462
2157 460
2147 458
2137 456
2127 454
2117 452
2107 450
2097 448
2087 446
2077 444
2067 442
2057 441
2047 439
2037 437
2027 434
2017 433
2007 431
1997 429
1987 427
1977 425
1967 423
1957 422
1947 419
1937 418
1927 416
1917 414
1907 412
1897 410
1887 408
1877 406
1867 405
1857 403
1847 401
1837 398
1827 397
1817 395
1807 393
1797 391
1787 389
1777 387
1767 385
1757 383
1747 381
1737 379
1727 377
1717 375
1707 374
1697 372
1687 370
1677 368
1667 366
1657 364
1647 362
1637 360
1627 358
1617 356
1607 353
1597 351
1587 350
1577 348
1567 346
1557 344
1547 342
1537 340
1527 338
1517 335
1507 333
1497 331
1487 328
1477 327
1467 324
1457 322
1447 320
1437 318
1427 316
1417 314
1407 312
1397 309
1387 307
1377 305
1367 303
1357 300
1347 298
1337 296
1327 294
1317 292
1307 289
1297 287
1287 284
1277 282
1267 280
1257 278
1247 276
1237 273
1227 271
1217 269
1207 266
1197 264
1187 262
1177 260
1167 258
1157 256
1147 253
1137 251
1127 248
1117 245
1107 242
1097 238
1087 234
1077 230
1068 225
1058 221
1049 216
1040 211
1030 207
1021 202
1011 198
1001 194
992 189
982 185
973 180
963 177
954 172
944 168
934 165
924 162
914 159
904 155
894 152
884 148
874 146
864 143
854 139
844 137
834 135
824 133
814 131
804 128
794 124
784 122
774 120
764 119
754 117
744 116
734 115
724 114
714 113
704 112
694 111
684 110
674 109
664 108
654 107
644 107
634 107
624 107
614 107
604 107
594 107
584 107
574 108
564 108
554 109
544 110
534 112
524 112
514 112
504 113
494 115
484 115
474 117
464 118
454 119
444 119
434 122
424 124
414 125
404 125
394 125
384 126
374 127
364 130
354 133
344 135
334 137
324 140
314 142
306 148
311 157
319 163
329 167
337 174
343 182
351 188
361 192
371 196
381 200
391 204
401 206
411 207
421 207
431 209
441 211
450 216
460 219
470 223
480 227
490 231
500 233
510 236
520 237
530 238
540 237
550 235
560 235
570 235
580 236
590 240
599 245
608 250
618 254
627 259
636 264
645 269
655 272
665 275
675 277
685 279
695 280
705 280
715 280
725 278
735 276
745 276
755 277
765 280
774 285
783 290
792 295
801 300
811 304
821 308
831 312
841 315
851 317
861 318
871 318
881 316
891 314
901 312
911 312
921 315
931 319
939 325
948 330
957 335
967 339
977 342
987 345
997 348
1007 349
1017 348
1027 347
1037 344
1047 341
1057 341
1067 342
1077 345
1086 350
1095 355
1105 357
1115 360
1125 362
1135 364
1145 366
1155 367
1165 369
1175 371
1185 374
1195 377
1205 380
1215 384
1225 388
1235 392
1245 396
1255 400
1264 405
1274 409
1283 414
1293 417
1303 421
1313 425
1322 430
1332 433
1342 437
1352 440
1361 445
1371 448
1381 452
1391 455
1401 459
1411 461
1421 464
1431 467
1441 470
1451 472
1461 474
1471 477
1481 480
1491 482
1501 484
1511 486
1521 488
1531 490
1541 492
1551 494
1561 497
1571 499
1581 501
1591 503
1601 505
1611 507
1621 510
1631 512
1641 514
1651 516
1661 518
1671 520
1681 522
1691 524
1701 526
1711 528
1721 530
1731 533
1741 535
1751 536
1761 539
1771 541
1781 543
1791 545
1801 547
1811 549
1821 551
1831 553
1841 555
1851 557
1861 559
1871 561
1881 563
1891 565
1901 568
1911 569
1921 571
1931 574
1941 576
1951 577
1961 580
1971 581
1981 584
1991 586
2001 589
2011 590
2021 592
2031 594
2041 596
2051 598
2061 600
2071 602
2081 604
2091 606
2101 608
2111 610
2121 612
2131 614
2141 616
2151 618
2161 620
2171 622
2181 625
2191 627
2201 628
2211 630
2221 632
2231 634
2241 636
2251 638
2261 640
2271 643
2281 645
2291 646
2301 648
2311 650
2321 652
2331 654
2341 656
2351 659
2361 660
2371 662
2381 664
2391 666
2401 668
2411 670
2421 672
2431 674
2441 676
2451 678
2461 679
2471 681
2481 684
2491 686
2501 687
2511 689
2521 691
2531 693
2541 695
2551 697
2561 699
2571 701
2581 703
2591 704
2601 707
2611 708
2621 710
2631 712
2641 713
2651 715
2661 717
2671 718
2681 720
2691 722
2701 723
2711 725
2721 727
2731 728
2741 730
2751 731
2761 733
2771 734
2781 735
2791 736
2801 738
2811 740
2821 742
2831 743
2841 745
2851 747
2861 748
2871 749
2881 751
2891 752
2901 754
2911 755
2921 757
2931 759
2941 760
2951 762
2961 762
2971 764
2981 766
2991 767
3001 769
3011 771
3021 772
3031 774
3041 775
3051 776
3061 778
3071 780
3081 781
3091 782
3101 784
3111 786
3121 788
3131 790
3141 791
3151 793
3161 794
3171 796
3181 798
3191 799
3201 800
3211 802
3221 803
3231 805
3241 806
3251 808
3261 810
3271 811
3281 812
3291 814
3301 816
3311 817
3321 819
3331 820
3341 820
3351 821
3361 821
3371 821
3381 821
3391 821
3401 823
3411 826
3421 827
3431 828
3441 830
3451 832
3461 833
3471 836
3481 839
3491 841
3501 843
3511 844
3521 844
3531 844
3541 845
3551 847
3561 849
3570 854
3578 860
3587 865
3597 868
3606 873
3616 877
3625 882
3634 887
3642 894
3650 901
3658 908
3666 914
3673 922
3681 928
3689 934
3697 941
3700 951
3705 960
3707 970
3715 976
3725 977
3725 989
3723 1000
3721 1010
3722 1020
3719 1033
3718 1048
3717 1065
3707 1070
3701 1078
3693 1087
3686 1095
3680 1104
3675 1113
3670 1124
3665 1133
3657 1140
3648 1145
3638 1148
3628 1151
3618 1154
3608 1157
3598 1160
3588 1163
3578 1165
3568 1167
3558 1169
3548 1171
3538 1173
3528 1176
3518 1178
3508 1180
3498 1182
3488 1185
3478 1187
3468 1189
3458 1190
3448 1192
3438 1194
3428 1196
3418 1198
3408 1200
3398 1201
3388 1203
3378 1206
3368 1208
3358 1207
3348 1207
3338 1208
3328 1209
3318 1210
3308 1212
3298 1213
3288 1214
3278 1215
3268 1216
3258 1216
3248 1218
3238 1221
3228 1225
3218 1227
3208 1228
3198 1230
3188 1231
3178 1233
3168 1235
3158 1237
3148 1239
3138 1240
3128 1241
3118 1243
3108 1245
3098 1246
3088 1248
3078 1249
3068 1251
3058 1253
3048 1255
3038 1257
3028 1258
3018 1260
3008 1261
2998 1263
2988 1264
2978 1267
2968 1268
2958 1270
2948 1271
2938 1273
2928 1274
2918 1276
2908 1277
2898 1279
2888 1281
2878 1283
2868 1285
2858 1286
2848 1287
2838 1290
2828 1291
2818 1292
2808 1294
2798 1296
2788 1297
2778 1299
2768 1301
2758 1302
2748 1304
2738 1306
2728 1308
2718 1310
2708 1312
2698 1314
2688 1315
2678 1317
2668 1319
2658 1321
2648 1323
2638 1325
2628 1327
2618 1329
2608 1331
2598 1333
2588 1335
2578 1337
2568 1340
2558 1342
2548 1344
2538 1345
2528 1347
2518 1349
2508 1351
2498 1354
2488 1356
2478 1358
2468 1360
2458 1362
2448 1364
2438 1366
2428 1368
2418 1370
2408 1372
2398 1375
2388 1377
2378 1379
2368 1381
2358 1383
2348 1385
2338 1387
2328 1389
2318 1391
2308 1393
2298 1396
2288 1397
2278 1399
2268 1401
2258 1404
2248 1407
2238 1409
2228 1410
2218 1412
2208 1414
2198 1417
2188 1419
2178 1421
2168 1423
2158 1425
2148 1427
2138 1429
2128 1431
2118 1433
2108 1436
2098 1438
2088 1440
2078 1442
2068 1444
2058 1446
2048 1448
2038 1451
2028 1452
2018 1454
2008 1456
1998 1459
1988 1461
1978 1463
1968 1465
1958 1467
1948 1470
1938 1472
1928 1474
1918 1476
1908 1478
1898 1480
1888 1482
1878 1484
1868 1486
1858 1488
1848 1491
1838 1493
1828 1495
1818 1497
1808 1499
1798 1502
1788 1504
1778 1505
1768 1508
1758 1510
1748 1512
1738 1515
1728 1516
1718 1518
1708 1520
1698 1523
1688 1525
1678 1526
1668 1529
1658 1531
1648 1533
1638 1535
1628 1538
1618 1540
1608 1542
1598 1544
1588 1546
1578 1549
1568 1551
1558 1553
1548 1555
1538 1558
1528 1560
1518 1563
1508 1565
1498 1567
1488 1569
1478 1572
1468 1574
1458 1577
1448 1579
1438 1581
1428 1584
1418 1587
1408 1590
1398 1593
1388 1596
1378 1599
1368 1602
1358 1605
1348 1608
1338 1612
1328 1615
1318 1618
1308 1621
1298 1625
1288 1629
1278 1633
1268 1636
1258 1640
1248 1644
1238 1648
1228 1653
1218 1656
1208 1660
1198 1664
1188 1669
1178 1673
1168 1677
1158 1681
1149 1686
1139 1690
1129 1694
1119 1698
1109 1702
1099 1704
1089 1707
1079 1710
1069 1713
1059 1717
1050 1722
1040 1725
1030 1728
1020 1730
1010 1729
1000 1727
990 1727
980 1727
970 1729
960 1731
950 1733
940 1736
930 1740
920 1744
911 1749
902 1754
893 1759
884 1765
874 1768
864 1767
854 1766
844 1763
834 1763
824 1763
814 1764
804 1765
794 1767
784 1769
774 1773
764 1776
754 1781
745 1786
736 1791
727 1796
717 1800
707 1802
697 1802
687 1802
677 1800
667 1799
657 1799
647 1799
637 1800
627 1802
617 1804
607 1806
597 1809
587 1813
577 1818
567 1822
557 1826
548 1831
538 1835
528 1839
518 1841
508 1840
498 1840
488 1839
478 1839
468 1840
458 1840
448 1842
438 1843
428 1847
418 1850
408 1854
398 1857
389 1862
379 1866
369 1867
359 1868
349 1868
339 1869
329 1871
319 1874
309 1878
299 1881
289 1886
280 1891
270 1895
260 1894
250 1896
242 1904
