17 102
18 112
18 122
15 135
21 143
31 146
41 147
51 147
61 146
69 152
78 157
88 161
97 166
107 170
116 175
126 179
136 183
145 188
155 192
165 196
174 201
183 206
193 210
202 215
211 220
220 225
230 229
239 234
248 239
257 244
267 248
276 253
285 258
294 263
304 267
313 272
322 277
331 282
341 286
350 291
359 296
368 301
378 305
387 310
396 315
406 319
415 324
424 329
433 334
443 338
452 343
461 348
470 353
480 357
489 362
498 367
507 372
517 376
525 382
531 390
540 395
550 396
560 395
568 388
551 386
543 380
535 374
526 369
516 365
507 360
498 355
489 350
479 346
470 341
461 336
451 332
442 327
433 322
424 317
414 313
405 308
396 303
387 298
377 294
368 289
359 284
349 280
340 275
331 270
321 266
312 261
303 256
294 251
284 247
275 242
266 237
256 233
247 228
238 223
229 218
219 214
210 209
201 204
191 200
182 195
173 190
161 184
152 179
143 174
134 169
125 164
116 159
107 154
98 149
89 144
81 138
71 135
61 134
51 130
43 124
59 124
69 125
79 128
115 148
125 152
135 155
145 159
155 163
165 167
175 171
185 174
194 179
204 183
214 187
224 191
234 195
243 200
253 204
263 208
273 212
282 217
292 221
302 225
312 229
321 234
331 238
341 242
352 247
362 251
372 255
382 259
391 264
401 268
412 273
422 277
432 281
442 285
452 290
462 294
473 299
483 303
494 308
504 312
514 317
524 321
534 325
543 330
551 337
558 345
566 351
574 357
561 327
574 329
582 335
569 320
553 321
543 319
533 315
523 311
513 307
502 302
492 298
481 293
471 289
461 284
451 280
440 275
430 271
420 267
410 263
401 258
391 254
380 249
370 245
360 241
350 237
341 232
331 228
321 224
310 219
300 215
290 211
281 206
271 202
261 198
252 193
242 189
230 183
220 179
210 174
200 171
191 166
181 161
171 157
162 152
152 148
143 143
134 138
124 134
115 129
106 124
96 124
87 119
82 110
74 103
65 98
55 94
45 92
35 91
25 94
