120 468
128 474
136 480
145 485
154 490
163 495
173 499
183 501
192 506
202 508
212 510
222 513
232 513
242 512
252 512
262 512
272 511
282 510
292 510
302 509
312 508
322 507
332 506
342 505
352 504
362 502
372 502
382 501
392 500
402 498
412 498
422 496
432 495
442 493
452 491
462 490
472 489
482 487
492 486
502 484
512 483
522 481
532 479
542 478
552 478
562 475
572 475
582 474
592 473
602 473
612 472
622 470
632 470
642 470
652 469
662 468
672 468
682 468
692 467
702 467
712 466
722 466
732 466
742 467
752 467
762 465
772 465
782 465
792 465
802 464
812 463
822 462
832 462
842 460
852 460
862 459
872 459
882 458
892 457
902 457
912 457
922 455
932 454
942 453
952 453
962 452
972 451
982 450
992 449
1002 448
1012 447
1022 445
1032 443
1042 442
1052 441
1062 440
1072 436
1082 436
1092 436
1102 433
1112 432
1122 431
1131 426
1141 423
1151 421
1161 423
1169 416
1179 412
1189 412
1196 404
1205 399
1213 391
1217 381
1217 369
1216 359
1213 349
1212 339
1210 329
1210 319
1210 307
1207 297
1199 290
1190 285
1180 282
1170 281
1160 278
1150 275
1140 273
1131 268
1121 266
1111 262
1101 258
1091 255
1081 252
1071 249
1061 247
1051 244
1041 242
1031 239
1021 237
1011 234
1001 231
991 229
981 226
971 224
961 221
951 219
941 217
931 215
921 212
911 210
901 208
891 207
881 204
871 202
861 200
851 198
841 196
831 194
821 191
811 190
801 188
791 187
781 184
771 182
761 181
751 178
741 177
731 174
721 171
711 171
701 168
691 167
681 164
671 162
661 159
651 158
641 155
631 154
621 151
611 149
601 147
591 146
581 143
571 140
561 139
551 136
541 134
531 131
521 129
511 126
501 124
491 121
481 120
471 117
461 114
451 112
441 109
431 106
421 104
411 102
401 99
391 96
381 93
371 91
361 88
351 86
341 83
331 81
321 78
311 76
301 74
291 71
281 70
271 70
261 74
251 78
243 85
235 93
234 104
237 114
240 124
245 133
252 141
260 147
270 151
280 155
290 156
300 159
310 161
320 163
330 166
340 169
350 172
360 174
370 177
380 178
390 180
400 184
410 186
420 189
430 191
440 193
450 196
460 198
470 199
480 201
490 204
500 207
510 208
520 210
530 213
540 214
550 215
560 218
570 220
580 221
590 223
600 224
610 228
620 230
630 231
640 232
650 234
660 236
670 239
680 239
690 242
700 246
710 245
720 247
730 250
740 251
750 252
760 254
770 256
780 258
790 260
800 261
810 263
820 264
830 267
840 268
850 271
860 274
870 274
880 276
890 279
900 281
910 283
920 283
930 285
940 287
950 289
960 292
970 293
980 294
990 297
1000 298
1010 302
1020 302
1030 303
1039 308
1049 309
1059 311
1069 313
1079 317
1087 323
1095 329
1103 335
1113 339
1121 345
1129 351
1128 361
1121 370
1111 374
1101 379
1091 383
1081 384
1071 386
1061 387
1051 389
1041 391
1031 392
1021 392
1011 393
1001 394
991 394
981 395
971 395
961 395
951 396
941 397
931 397
921 398
911 399
901 398
891 399
881 400
871 399
861 400
851 400
841 401
831 401
821 401
811 402
801 402
791 403
781 404
771 404
761 405
751 405
741 405
731 405
721 406
711 407
701 408
691 408
681 408
671 409
661 410
651 411
641 411
631 412
621 413
611 414
601 414
591 414
581 415
571 416
561 416
551 417
541 416
531 418
521 418
511 419
501 419
491 421
481 421
471 423
461 423
451 425
441 426
431 427
421 427
411 428
401 429
391 430
381 431
371 431
361 432
351 433
341 433
331 433
321 435
311 435
301 435
291 435
281 437
271 438
261 438
251 439
241 439
231 440
221 440
211 441
201 443
191 443
181 443
171 443
161 443
151 443
141 447
131 447
121 451
