585 1371
584 1387
585 1397
585 1407
585 1417
586 1427
589 1437
589 1447
591 1457
595 1467
598 1477
602 1487
607 1496
611 1506
615 1516
620 1525
626 1533
632 1541
636 1551
642 1559
649 1567
657 1574
664 1582
672 1589
679 1597
687 1604
695 1610
703 1616
711 1622
719 1628
728 1633
737 1638
746 1643
755 1648
765 1652
775 1656
785 1660
795 1664
805 1668
815 1671
825 1673
835 1675
845 1677
855 1679
865 1681
875 1682
885 1683
895 1685
905 1685
915 1685
925 1686
935 1686
945 1686
955 1686
965 1686
975 1686
985 1685
995 1684
1005 1684
1015 1683
1025 1682
1035 1680
1045 1679
1055 1678
1065 1677
1075 1675
1085 1673
1095 1670
1105 1666
1115 1661
1125 1657
1135 1653
1145 1648
1155 1644
1165 1639
1175 1635
1185 1630
1195 1625
1205 1620
1214 1615
1223 1610
1233 1606
1242 1601
1251 1596
1260 1591
1269 1585
1277 1579
1285 1573
1294 1567
1302 1561
1311 1555
1319 1548
1327 1542
1335 1536
1343 1528
1351 1521
1359 1515
1367 1507
1375 1499
1383 1491
1391 1483
1399 1477
1408 1471
1415 1463
1423 1457
1432 1451
1440 1444
1448 1437
1456 1431
1465 1426
1474 1421
1483 1416
1492 1411
1501 1406
1511 1403
1521 1398
1531 1394
1541 1391
1551 1387
1561 1384
1571 1383
1581 1381
1591 1378
1601 1376
1611 1374
1621 1373
1631 1372
1641 1371
1651 1370
1661 1368
1671 1367
1681 1367
1691 1367
1701 1366
1711 1365
1721 1364
1731 1364
1741 1362
1751 1361
1761 1359
1771 1359
1781 1359
1791 1357
1801 1356
1811 1356
1821 1355
1831 1354
1841 1353
1851 1353
1861 1352
1871 1351
1881 1349
1891 1349
1901 1348
1911 1347
1921 1346
1931 1345
1941 1344
1951 1344
1961 1343
1971 1342
1981 1341
1991 1340
2001 1338
2011 1338
2021 1338
2031 1337
2041 1336
2051 1335
2061 1334
2071 1332
2081 1331
2091 1331
2101 1331
2111 1331
2121 1330
2131 1329
2141 1327
2151 1327
2161 1326
2171 1324
2181 1323
2191 1323
2201 1323
2211 1322
2221 1321
2231 1320
2241 1318
2251 1317
2261 1316
2271 1316
2281 1315
2291 1315
2301 1314
2311 1313
2321 1312
2331 1312
2341 1311
2351 1309
2361 1307
2371 1307
2381 1307
2391 1307
2401 1306
2411 1305
2421 1304
2431 1303
2441 1302
2451 1301
2461 1301
2471 1300
2481 1299
2491 1298
2501 1296
2511 1296
2521 1296
2531 1296
2541 1295
2551 1294
2561 1293
2571 1292
2581 1291
2591 1290
2601 1290
2611 1289
2621 1288
2631 1287
2641 1286
2651 1286
2661 1285
2671 1285
2681 1284
2691 1282
2701 1281
2711 1280
2721 1280
2731 1279
2741 1278
2751 1278
2761 1277
2771 1277
2781 1275
2791 1274
2801 1273
2811 1273
2821 1272
2831 1272
2841 1272
2851 1271
2861 1270
2871 1268
2881 1267
2891 1267
2901 1266
2911 1266
2921 1264
2931 1263
2941 1263
2951 1262
2961 1261
2971 1259
2981 1259
2991 1259
3001 1258
3011 1257
3021 1255
3031 1255
3041 1255
3051 1254
3061 1252
3071 1251
3081 1251
3091 1250
3101 1249
3111 1248
3121 1248
3131 1246
3141 1246
3151 1244
3161 1243
3171 1243
3181 1242
3191 1241
3201 1241
3211 1240
3221 1239
3231 1239
3241 1238
3251 1236
3261 1235
3271 1235
3281 1234
3291 1233
3301 1233
3311 1232
3321 1232
3331 1231
3341 1230
3351 1228
3361 1227
3371 1226
3381 1226
3391 1225
3401 1224
3411 1223
3421 1222
3431 1221
3441 1220
3451 1220
3461 1219
3471 1219
3481 1217
3491 1215
3501 1214
3511 1213
3521 1213
3531 1213
3541 1212
3551 1211
3561 1210
3571 1209
3581 1209
3591 1210
3601 1209
3611 1208
3621 1206
3631 1205
3641 1204
3651 1204
3661 1204
3671 1203
3681 1201
3691 1199
3701 1199
3711 1199
3721 1197
3731 1196
3741 1196
3751 1196
3761 1195
3771 1194
3781 1192
3791 1192
3801 1191
3811 1190
3821 1189
3831 1189
3841 1189
3851 1187
3861 1187
3871 1187
3881 1186
3891 1184
3901 1182
3911 1182
3921 1181
3931 1180
3941 1180
3951 1180
3961 1179
3971 1177
3981 1177
3991 1177
4001 1176
4011 1174
4021 1173
4031 1173
4041 1173
4051 1172
4061 1170
4071 1166
4080 1160
4088 1151
4094 1143
4100 1135
4106 1125
4112 1115
4117 1106
4124 1097
4123 1078
4116 1070
4108 1063
4101 1055
4094 1047
4088 1039
4080 1032
4073 1024
4064 1019
4054 1017
4044 1017
4034 1018
4024 1019
4014 1019
4004 1021
3994 1023
3984 1023
3974 1024
3964 1025
3954 1026
3944 1026
3934 1027
3924 1027
3914 1028
3904 1028
3894 1029
3884 1031
3874 1032
3864 1033
3854 1034
3844 1035
3834 1036
3824 1037
3814 1038
3804 1038
3794 1038
3784 1039
3774 1040
3764 1041
3754 1042
3744 1043
3734 1044
3724 1045
3714 1046
3704 1047
3694 1049
3684 1049
3674 1050
3664 1051
3654 1053
3644 1053
3634 1053
3624 1054
3614 1056
3604 1057
3594 1058
3584 1059
3574 1059
3564 1060
3554 1060
3544 1061
3534 1062
3524 1063
3514 1065
3504 1066
3494 1066
3484 1067
3474 1068
3464 1070
3454 1071
3444 1071
3434 1072
3424 1073
3414 1074
3404 1076
3394 1077
3384 1077
3374 1077
3364 1078
3354 1081
3344 1082
3334 1082
3324 1082
3314 1083
3304 1084
3294 1085
3284 1087
3274 1087
3264 1088
3254 1089
3244 1090
3234 1091
3224 1092
3214 1093
3204 1094
3194 1095
3184 1096
3174 1097
3164 1097
3154 1099
3144 1100
3134 1101
3124 1102
3114 1103
3104 1104
3094 1105
3084 1106
3074 1106
3064 1107
3054 1109
3044 1109
3034 1110
3024 1112
3014 1113
3004 1113
2994 1114
2984 1116
2974 1116
2964 1117
2954 1118
2944 1119
2934 1119
2924 1119
2914 1120
2904 1122
2894 1123
2884 1124
2874 1125
2864 1125
2854 1126
2844 1127
2834 1129
2824 1130
2814 1131
2804 1132
2794 1132
2784 1133
2774 1134
2764 1135
2754 1136
2744 1137
2734 1138
2724 1139
2714 1140
2704 1141
2694 1142
2684 1143
2674 1143
2664 1143
2654 1144
2644 1145
2634 1146
2624 1147
2614 1149
2604 1150
2594 1149
2584 1151
2574 1151
2564 1152
2554 1154
2544 1155
2534 1155
2524 1156
2514 1157
2504 1158
2494 1159
2484 1160
2474 1161
2464 1161
2454 1162
2444 1163
2434 1164
2424 1164
2414 1165
2404 1166
2394 1167
2384 1168
2374 1170
2364 1171
2354 1171
2344 1172
2334 1173
2324 1173
2314 1174
2304 1176
2294 1177
2284 1177
2274 1178
2264 1179
2254 1179
2244 1181
2234 1182
2224 1183
2214 1185
2204 1185
2194 1186
2184 1187
2174 1188
2164 1189
2154 1189
2144 1189
2134 1190
2124 1191
2114 1192
2104 1194
2094 1195
2084 1196
2074 1197
2064 1198
2054 1199
2044 1200
2034 1201
2024 1202
2014 1203
2004 1203
1994 1204
1984 1205
1974 1207
1964 1207
1954 1208
1944 1209
1934 1210
1924 1211
1914 1212
1904 1213
1894 1214
1884 1215
1874 1216
1864 1217
1854 1217
1844 1219
1834 1220
1824 1221
1814 1223
1804 1223
1794 1224
1784 1224
1774 1225
1764 1226
1754 1227
1744 1228
1734 1229
1724 1230
1714 1231
1704 1232
1694 1233
1684 1235
1674 1235
1664 1236
1654 1236
1644 1237
1634 1239
1624 1239
1614 1239
1604 1240
1594 1241
1584 1241
1574 1240
1564 1240
1554 1239
1544 1239
1534 1238
1524 1237
1514 1235
1504 1234
1494 1232
1484 1229
1474 1226
1464 1223
1454 1220
1444 1216
1434 1212
1424 1208
1415 1203
1405 1199
1396 1194
1387 1189
1378 1184
1369 1179
1360 1174
1351 1169
1343 1163
1334 1158
1326 1152
1317 1147
1309 1141
1300 1136
1290 1132
1282 1126
1272 1122
1263 1117
1254 1112
1244 1108
1234 1104
1225 1099
1215 1095
1205 1092
1195 1088
1185 1085
1175 1082
1165 1079
1155 1076
1145 1074
1135 1071
1125 1069
1115 1067
1105 1066
1095 1065
1085 1064
1075 1063
1065 1062
1055 1061
1045 1061
1035 1061
1025 1061
1015 1062
1005 1062
995 1062
985 1063
975 1063
965 1064
955 1064
945 1065
935 1066
925 1067
915 1068
905 1070
895 1071
885 1073
875 1075
865 1076
855 1079
845 1081
835 1083
825 1087
815 1091
805 1095
795 1099
785 1102
775 1107
766 1112
757 1117
748 1122
739 1128
730 1134
722 1140
714 1146
706 1152
698 1159
690 1167
682 1175
675 1183
667 1191
660 1199
654 1208
647 1216
641 1224
635 1232
630 1242
625 1251
620 1261
615 1271
610 1281
605 1292
601 1302
597 1314
595 1325
592 1335
590 1346
587 1358
