503 334
503 324
505 306
507 295
510 285
513 271
517 261
521 250
526 240
531 231
537 222
543 213
550 205
558 196
566 190
574 182
583 176
591 169
600 164
608 158
617 153
627 149
637 144
647 140
657 137
667 134
677 132
687 130
697 129
707 128
717 128
727 129
737 130
747 129
757 132
767 135
777 137
787 140
797 144
807 148
815 154
824 159
833 164
841 170
849 177
857 183
864 191
872 197
878 205
884 213
889 222
895 230
899 240
904 249
909 258
914 267
919 276
923 286
927 296
931 306
935 316
939 326
943 336
947 346
951 356
955 366
958 376
962 386
966 396
969 406
973 416
977 426
981 436
985 446
988 456
993 465
998 474
1003 483
1008 492
1013 501
1019 509
1025 517
1030 526
1037 534
1043 542
1049 550
1056 558
1062 566
1069 574
1077 580
1083 588
1091 595
1099 602
1104 611
1113 616
1121 623
1127 631
1135 637
1143 643
1151 650
1159 656
1166 664
1175 669
1183 675
1190 683
1199 688
1207 694
1216 699
1222 707
1230 713
1240 717
1248 723
1255 731
1264 736
1273 741
1280 749
1289 754
1299 758
1307 765
1312 774
1320 780
1330 781
1338 787
1346 793
1352 801
1361 806
1370 811
1378 817
1387 822
1395 828
1403 834
1412 839
1420 846
1427 854
1435 860
1442 868
1452 869
1457 878
1467 881
1476 886
1482 894
1491 899
1499 905
1506 913
1514 919
1522 925
1530 931
1539 936
1547 942
1555 948
1564 953
1572 959
1578 967
1588 971
1596 977
1604 983
1612 990
1622 993
1630 999
1637 1007
1645 1013
1654 1018
1662 1024
1668 1032
1678 1036
1685 1044
1694 1049
1701 1057
1710 1062
1716 1070
1724 1076
1732 1083
1740 1089
1749 1094
1755 1102
1763 1109
1769 1117
1776 1125
1785 1130
1792 1138
1800 1144
1805 1153
1813 1159
1822 1164
1828 1172
1837 1177
1842 1186
1850 1192
1856 1200
1864 1207
1871 1215
1879 1221
1885 1229
1891 1237
1898 1245
1906 1252
1911 1261
1915 1271
1923 1277
1929 1285
1933 1295
1939 1303
1945 1311
1949 1321
1952 1331
1958 1339
1960 1349
1962 1359
1962 1372
1964 1382
1960 1392
1952 1399
1943 1404
1933 1408
1923 1409
1913 1409
1903 1405
1893 1403
1883 1400
1873 1396
1864 1391
1856 1385
1846 1383
1837 1378
1831 1370
1821 1367
1813 1361
1805 1355
1796 1350
1788 1344
1780 1338
1772 1331
1763 1326
1755 1320
1747 1314
1738 1309
1733 1300
1724 1295
1716 1289
1708 1283
1699 1278
1693 1270
1684 1265
1677 1257
1669 1251
1660 1246
1655 1237
1646 1232
1640 1224
1632 1218
1626 1210
1618 1203
1609 1198
1602 1190
1593 1185
1586 1177
1578 1170
1570 1163
1563 1155
1557 1147
1547 1143
1542 1134
1533 1129
1526 1121
1519 1113
1511 1107
1505 1099
1496 1094
1489 1086
1482 1078
1474 1071
1469 1062
1460 1057
1452 1051
1445 1043
1437 1036
1429 1029
1422 1021
1414 1015
1406 1009
1399 1001
1391 994
1384 986
1376 979
1369 971
1361 965
1353 959
1346 951
1338 945
1332 937
1324 930
1315 925
1310 916
1301 911
1295 903
1289 895
1281 889
1274 881
1266 875
1259 867
1251 860
1243 853
1236 845
1228 839
1221 831
1215 823
1207 817
1200 809
1192 803
1187 794
1179 788
1171 782
1165 774
1157 767
1150 759
1142 753
1136 745
1128 739
1121 731
1113 724
1106 716
1098 710
1090 704
1085 695
1076 690
1068 684
1060 677
1052 670
1043 665
1035 659
1027 653
1018 648
1009 643
1001 637
992 632
982 629
973 624
964 619
955 614
946 609
936 606
926 603
917 598
907 597
897 593
887 589
877 586
867 583
857 581
847 580
837 578
827 576
817 574
807 572
797 571
787 569
777 567
767 565
757 563
747 562
737 559
727 557
717 555
707 552
697 551
687 547
677 546
667 544
657 540
647 537
637 533
627 529
618 524
609 519
600 514
592 508
584 502
576 495
568 489
560 483
553 475
546 467
540 459
534 451
528 443
525 433
520 424
516 414
513 404
510 394
507 384
506 374
505 364
504 354
503 344
