112 846
112 870
118 878
126 884
136 885
146 885
156 884
166 882
176 881
186 880
196 879
206 878
216 875
226 874
236 872
246 871
256 870
266 868
276 866
286 864
296 863
306 862
316 861
326 860
336 858
346 855
356 853
366 852
376 850
386 848
396 847
406 846
416 845
426 843
436 842
446 840
456 838
466 836
476 834
486 832
496 829
506 828
516 827
526 826
536 824
546 822
556 820
566 819
576 818
586 816
596 815
606 813
616 811
626 809
636 808
646 805
656 805
666 804
676 802
686 801
696 799
706 797
716 796
726 795
736 793
746 791
756 791
766 790
776 787
786 786
796 783
806 781
816 780
826 778
836 777
846 774
856 774
866 774
876 771
886 770
896 768
906 767
916 766
926 766
936 764
946 761
956 761
966 760
976 760
986 760
996 760
1006 760
1016 761
1026 761
1036 761
1046 763
1056 765
1066 766
1076 769
1086 770
1096 773
1106 776
1116 777
1126 780
1136 782
1146 785
1156 786
1166 787
1176 790
1186 792
1196 793
1206 795
1216 795
1226 797
1236 797
1246 799
1256 799
1266 799
1276 799
1286 798
1296 798
1306 797
1316 795
1326 794
1336 792
1346 790
1356 788
1366 785
1376 782
1386 779
1396 777
1405 771
1414 765
1423 760
1431 754
1439 748
1447 742
1455 734
1463 726
1471 717
1476 707
1481 697
1485 687
1488 677
1488 662
1488 652
1487 642
1485 632
1480 623
1475 614
1469 606
1461 599
1453 592
1445 586
1436 581
1427 576
1417 572
1407 568
1397 565
1387 562
1377 559
1367 557
1357 555
1347 555
1337 554
1327 553
1317 553
1307 554
1297 555
1287 556
1277 558
1267 560
1257 562
1247 565
1237 567
1227 570
1217 574
1207 578
1197 582
1187 586
1177 590
1167 595
1157 600
1147 605
1138 610
1128 615
1119 621
1110 627
1101 632
1092 637
1083 643
1073 648
1065 654
1056 659
1046 664
1037 669
1027 672
1018 677
1008 681
998 685
988 688
978 691
968 695
958 697
948 700
938 702
928 705
918 707
908 709
898 711
888 712
878 714
868 716
858 717
848 719
838 721
828 722
818 724
808 726
798 727
788 728
778 730
768 731
758 733
748 734
738 737
728 738
718 740
708 741
698 744
688 744
678 745
668 747
658 749
648 751
638 752
628 755
618 756
608 757
598 759
588 760
578 763
568 765
558 767
548 768
538 769
528 770
518 772
508 773
498 774
488 777
478 779
468 779
458 781
448 782
438 784
428 785
418 787
408 788
398 789
388 791
378 793
368 795
358 796
348 798
338 800
328 800
318 802
308 803
298 805
288 807
278 808
268 810
258 811
248 812
238 814
228 816
218 817
208 819
198 820
188 821
178 823
168 825
158 826
148 828
138 831
128 833
118 837
