583 1420
583 1410
585 1397
587 1380
588 1370
590 1360
594 1349
598 1337
602 1326
605 1316
609 1305
614 1295
619 1286
624 1275
630 1266
636 1256
641 1247
648 1238
654 1230
661 1222
667 1214
675 1206
683 1198
691 1191
698 1182
706 1176
714 1170
722 1163
731 1157
739 1151
747 1144
756 1139
765 1134
773 1128
783 1124
792 1119
802 1114
812 1109
822 1107
832 1104
842 1099
852 1096
862 1093
872 1091
882 1088
892 1085
902 1083
912 1082
922 1080
932 1078
942 1077
952 1076
962 1074
972 1073
982 1072
992 1070
1002 1070
1012 1070
1022 1070
1032 1070
1042 1071
1052 1072
1062 1073
1072 1075
1082 1075
1092 1077
1102 1078
1112 1080
1122 1082
1132 1084
1142 1087
1152 1089
1162 1092
1172 1094
1182 1098
1192 1100
1202 1103
1212 1107
1222 1110
1232 1113
1242 1117
1251 1122
1261 1125
1271 1128
1280 1133
1290 1137
1300 1141
1309 1146
1319 1150
1327 1156
1336 1161
1346 1165
1356 1168
1365 1173
1373 1179
1381 1185
1391 1189
1401 1193
1410 1198
1420 1202
1429 1207
1438 1212
1446 1218
1456 1221
1466 1223
1475 1228
1485 1232
1495 1236
1505 1240
1515 1244
1525 1247
1535 1250
1545 1252
1555 1254
1565 1256
1575 1258
1585 1259
1595 1260
1605 1259
1615 1259
1625 1259
1635 1260
1645 1260
1655 1259
1665 1258
1675 1257
1685 1257
1695 1255
1705 1253
1715 1252
1725 1251
1735 1250
1745 1247
1755 1247
1765 1246
1775 1245
1785 1243
1795 1243
1805 1242
1815 1240
1825 1238
1835 1238
1845 1237
1855 1236
1865 1235
1875 1233
1885 1231
1895 1230
1905 1229
1915 1228
1925 1227
1935 1225
1945 1224
1955 1223
1965 1221
1975 1221
1985 1220
1995 1217
2005 1216
2015 1215
2025 1214
2035 1213
2045 1212
2055 1211
2065 1210
2075 1208
2085 1206
2095 1206
2105 1204
2115 1203
2125 1203
2135 1200
2145 1200
2155 1200
2165 1197
2175 1196
2185 1194
2195 1193
2205 1192
2215 1190
2225 1189
2235 1188
2245 1187
2255 1185
2265 1184
2275 1184
2285 1182
2295 1180
2305 1179
2315 1178
2325 1177
2335 1176
2345 1175
2355 1174
2365 1172
2375 1172
2385 1171
2395 1170
2405 1169
2415 1166
2425 1164
2435 1163
2445 1163
2455 1161
2465 1160
2475 1158
2485 1158
2495 1157
2505 1155
2515 1153
2525 1151
2535 1151
2545 1149
2555 1147
2565 1146
2575 1145
2585 1143
2595 1141
2605 1141
2615 1140
2625 1138
2635 1137
2645 1137
2655 1136
2665 1135
2675 1133
2685 1131
2695 1130
2705 1128
2715 1128
2725 1126
2735 1125
2745 1124
2755 1123
2765 1121
2775 1120
2785 1119
2795 1119
2805 1116
2815 1114
2825 1113
2835 1111
2845 1110
2855 1110
2865 1108
2875 1107
2885 1106
2895 1103
2905 1102
2915 1102
2925 1102
2935 1100
2945 1098
2955 1097
2965 1095
2975 1095
2985 1094
2995 1091
3005 1090
3015 1089
3025 1087
3035 1087
3045 1086
3055 1085
3065 1084
3075 1082
3085 1080
3095 1078
3105 1077
3115 1077
3125 1076
3135 1074
3145 1073
3155 1073
3165 1071
3175 1069
3185 1068
3195 1067
3205 1065
3215 1063
3225 1062
3235 1062
3245 1060
3255 1060
3265 1059
3275 1057
3285 1056
3295 1055
3305 1053
3315 1052
3325 1050
3335 1049
3345 1048
3355 1048
3365 1046
3375 1044
3385 1044
3395 1042
3405 1040
3415 1039
3425 1038
3435 1036
3445 1035
3455 1034
3465 1033
3475 1032
3485 1030
3495 1029
3505 1028
3515 1027
3525 1026
3535 1023
3545 1022
3555 1022
3565 1020
3575 1020
3585 1019
3595 1018
3605 1016
3615 1013
3625 1012
3635 1012
3645 1010
3655 1007
3665 1007
3675 1007
3685 1005
3695 1004
3705 1003
3715 1002
3725 1001
3735 1000
3745 998
3755 996
3765 995
3775 993
3785 992
3795 992
3805 991
3815 989
3825 987
3835 985
3845 984
3855 984
3865 983
3875 982
3885 980
3895 979
3905 979
3915 976
3925 973
3935 972
3945 972
3955 970
3965 969
3975 969
3985 968
3995 965
4005 964
4015 963
4025 962
4035 959
4045 958
4055 957
4065 958
4075 962
4083 968
4089 976
4097 983
4103 991
4110 999
4118 1006
4125 1014
4126 1024
4126 1034
4125 1047
4119 1057
4113 1065
4109 1076
4104 1085
4097 1094
4090 1102
4081 1107
4071 1108
4061 1109
4051 1110
4041 1111
4031 1114
4021 1117
4011 1119
4001 1121
3991 1121
3981 1121
3971 1123
3961 1124
3951 1125
3941 1126
3931 1128
3921 1129
3911 1131
3901 1131
3891 1131
3881 1134
3871 1137
3861 1137
3851 1139
3841 1140
3831 1142
3821 1143
3811 1143
3801 1143
3791 1144
3781 1146
3771 1148
3761 1150
3751 1151
3741 1151
3731 1151
3721 1153
3711 1154
3701 1154
3691 1156
3681 1158
3671 1158
3661 1160
3651 1162
3641 1163
3631 1164
3621 1165
3611 1165
3601 1167
3591 1167
3581 1169
3571 1171
3561 1171
3551 1173
3541 1175
3531 1174
3521 1176
3511 1178
3501 1179
3491 1180
3481 1182
3471 1183
3461 1184
3451 1183
3441 1185
3431 1188
3421 1188
3411 1188
3401 1188
3391 1189
3381 1191
3371 1192
3361 1194
3351 1196
3341 1196
3331 1198
3321 1199
3311 1201
3301 1201
3291 1202
3281 1203
3271 1205
3261 1206
3251 1207
3241 1208
3231 1208
3221 1209
3211 1211
3201 1213
3191 1215
3181 1215
3171 1215
3161 1217
3151 1218
3141 1218
3131 1220
3121 1222
3111 1223
3101 1224
3091 1225
3081 1227
3071 1227
3061 1228
3051 1230
3041 1230
3031 1230
3021 1233
3011 1233
3001 1234
2991 1236
2981 1238
2971 1239
2961 1240
2951 1242
2941 1243
2931 1244
2921 1244
2911 1243
2901 1245
2891 1247
2881 1248
2871 1250
2861 1251
2851 1253
2841 1253
2831 1255
2821 1256
2811 1257
2801 1259
2791 1261
2781 1262
2771 1262
2761 1264
2751 1265
2741 1265
2731 1266
2721 1267
2711 1269
2701 1270
2691 1271
2681 1273
2671 1274
2661 1275
2651 1277
2641 1279
2631 1279
2621 1279
2611 1281
2601 1282
2591 1284
2581 1285
2571 1286
2561 1287
2551 1287
2541 1289
2531 1291
2521 1292
2511 1294
2501 1295
2491 1296
2481 1297
2471 1297
2461 1298
2451 1300
2441 1300
2431 1301
2421 1303
2411 1305
2401 1307
2391 1307
2381 1308
2371 1310
2361 1311
2351 1312
2341 1313
2331 1314
2321 1315
2311 1317
2301 1318
2291 1321
2281 1322
2271 1322
2261 1323
2251 1324
2241 1326
2231 1328
2221 1329
2211 1329
2201 1330
2191 1330
2181 1332
2171 1332
2161 1335
2151 1336
2141 1337
2131 1338
2121 1339
2111 1340
2101 1341
2091 1343
2081 1344
2071 1345
2061 1346
2051 1347
2041 1348
2031 1349
2021 1350
2011 1352
2001 1353
1991 1354
1981 1354
1971 1355
1961 1357
1951 1359
1941 1360
1931 1361
1921 1362
1911 1362
1901 1363
1891 1365
1881 1366
1871 1367
1861 1368
1851 1369
1841 1370
1831 1371
1821 1373
1811 1374
1801 1375
1791 1376
1781 1378
1771 1380
1761 1380
1751 1381
1741 1383
1731 1384
1721 1386
1711 1386
1701 1386
1691 1387
1681 1389
1671 1392
1661 1393
1651 1394
1641 1396
1631 1400
1621 1401
1611 1404
1601 1407
1591 1409
1581 1414
1572 1419
1562 1422
1553 1427
1543 1432
1533 1437
1524 1443
1515 1448
1505 1452
1496 1458
1488 1465
1479 1470
1471 1476
1463 1482
1456 1490
1447 1496
1437 1498
1429 1505
1421 1513
1413 1520
1405 1526
1397 1534
1391 1542
1381 1546
1372 1551
1367 1562
1358 1568
1348 1572
1340 1579
1332 1587
1323 1593
1313 1597
1304 1603
1295 1608
1285 1612
1276 1618
1266 1622
1257 1628
1249 1634
1240 1639
1230 1643
1220 1647
1211 1652
1201 1657
1191 1660
1181 1664
1171 1668
1163 1674
1153 1677
1143 1681
1133 1684
1123 1685
1113 1689
1103 1694
1093 1696
1083 1699
1073 1700
1063 1702
1053 1706
1043 1708
1033 1710
1023 1712
1013 1713
1003 1715
993 1716
983 1719
973 1720
963 1720
953 1721
943 1723
933 1723
923 1725
913 1725
903 1725
893 1726
883 1726
873 1726
863 1725
853 1725
843 1723
833 1722
823 1721
813 1719
803 1717
793 1716
783 1713
773 1710
763 1707
753 1703
743 1699
734 1694
725 1689
715 1685
707 1679
698 1674
690 1668
682 1661
674 1654
666 1648
659 1640
651 1633
645 1625
639 1617
634 1608
628 1600
623 1591
618 1582
614 1572
609 1563
604 1554
601 1544
598 1534
596 1524
593 1514
590 1504
589 1494
586 1484
585 1474
585 1464
584 1440
584 1430
