91 77
86 86
91 95
100 89
108 81
116 75
126 71
134 65
138 75
136 90
138 100
144 108
152 114
162 115
170 109
175 98
177 82
187 85
192 94
194 104
195 114
197 124
199 134
201 144
204 154
206 164
208 174
210 184
210 194
208 210
206 226
204 240
202 252
195 262
185 264
172 266
180 273
190 275
200 275
210 275
220 275
229 264
229 254
231 240
233 224
235 208
237 198
237 188
237 178
237 168
237 158
237 148
239 136
239 126
239 116
249 119
257 125
267 129
277 130
287 131
297 129
307 129
313 118
311 108
306 99
301 90
295 82
288 74
282 66
275 58
269 50
261 43
254 35
245 30
236 25
226 21
216 20
206 20
196 22
186 26
176 30
168 38
163 47
155 55
150 46
142 40
132 38
122 38
112 42
104 50
102 60
97 69
