73 104
70 94
79 89
88 84
98 80
108 76
118 72
128 68
138 64
148 60
158 58
168 56
184 36
190 26
200 25
210 23
220 26
230 30
240 34
250 38
259 43
267 50
275 56
285 55
295 52
305 48
315 50
325 54
332 62
340 68
347 76
353 84
363 86
373 81
382 76
392 72
402 68
412 66
422 64
425 78
421 90
421 100
421 110
423 120
425 130
427 140
417 143
407 141
397 137
387 134
378 129
370 123
360 119
350 119
348 137
343 146
335 153
325 151
315 151
305 149
295 145
285 145
275 147
265 147
255 147
245 147
235 149
224 148
229 157
227 176
221 185
211 185
201 185
192 180
184 173
178 165
173 156
164 151
154 149
144 147
134 143
124 139
114 135
104 132
96 126
88 119
81 111
