51 84
48 74
54 64
62 54
68 44
74 32
72 22
82 20
92 24
102 26
112 29
121 34
130 39
138 45
145 53
153 60
162 65
171 70
181 74
191 78
201 80
211 82
221 82
231 82
241 82
251 80
261 79
271 78
281 78
291 82
301 86
311 81
321 80
331 84
338 92
343 101
347 111
351 121
353 131
351 144
351 160
347 176
342 185
333 191
323 194
321 212
321 222
322 232
319 246
314 259
304 259
294 259
284 259
276 252
282 242
286 228
288 216
286 206
283 196
277 188
272 179
266 171
260 163
254 155
244 157
234 159
224 161
214 161
204 161
194 161
185 166
185 176
183 188
181 198
181 208
179 222
179 232
175 246
167 259
157 259
147 259
138 254
144 242
148 232
150 218
150 208
150 198
148 188
148 178
147 168
146 158
141 149
135 141
130 132
126 122
123 112
118 103
115 93
110 84
100 81
90 83
80 83
70 87
60 89
