82 138
82 128
84 118
88 106
92 96
98 86
106 80
116 80
126 82
136 80
146 78
156 79
166 81
176 82
186 82
196 80
206 78
215 73
224 68
232 62
240 52
246 44
254 36
263 31
272 26
282 22
292 24
302 21
301 32
302 42
307 51
311 61
316 70
317 80
308 89
298 88
289 83
279 81
271 88
267 104
265 114
263 126
259 140
255 150
251 162
251 172
249 190
247 204
247 214
248 224
249 234
253 244
250 259
240 259
230 259
220 259
210 259
210 249
208 239
208 229
206 219
206 209
206 199
202 189
202 179
202 169
196 161
186 161
176 161
166 163
161 172
156 183
151 192
147 202
147 212
147 222
149 232
152 242
154 259
144 259
134 259
132 249
130 239
130 229
130 219
130 209
128 199
125 184
119 194
115 204
115 214
115 224
115 234
118 244
114 259
104 259
96 252
96 242
96 232
98 216
98 206
96 196
91 187
86 178
84 168
82 158
82 148
