43 257
53 257
62 262
64 272
66 282
70 292
76 300
82 308
88 316
94 324
99 333
104 342
108 352
111 362
114 372
116 382
112 396
106 404
100 412
92 422
84 428
85 438
94 443
104 445
114 447
124 447
134 447
144 447
154 449
164 447
174 447
184 447
194 447
204 445
214 445
224 441
226 425
217 420
212 411
217 400
223 392
229 384
235 374
240 365
245 352
249 340
253 330
259 322
267 314
276 309
284 303
292 297
300 289
305 280
310 271
313 258
314 247
317 236
315 226
315 216
315 206
315 196
313 186
313 176
313 166
311 156
311 146
311 136
309 126
309 116
308 106
307 96
307 86
305 76
303 66
300 56
293 48
283 46
273 42
265 36
256 31
246 30
237 40
227 40
217 40
207 40
197 40
187 38
180 30
170 32
161 37
153 45
147 53
142 62
138 72
134 88
132 102
132 112
132 122
132 132
132 142
133 152
134 162
136 172
138 182
142 192
145 202
150 211
154 221
154 231
148 246
138 246
128 246
118 246
108 246
98 246
88 246
78 246
68 246
58 246
48 246
38 248
