24 147
24 137
32 129
37 119
44 107
49 97
57 89
62 79
64 67
72 59
77 49
86 44
95 39
105 39
115 39
125 39
135 42
145 44
153 50
158 59
167 64
170 74
170 84
175 93
175 103
175 113
180 122
180 132
180 142
180 152
175 170
170 180
170 190
165 200
158 213
153 223
145 230
140 245
130 255
130 265
128 278
120 285
118 298
110 305
110 315
110 325
110 335
115 344
125 344
131 335
134 322
139 312
139 302
144 287
149 272
157 264
162 254
170 246
180 244
189 239
195 231
205 229
215 229
225 229
235 229
245 229
255 229
265 229
275 229
285 229
295 229
305 229
315 229
325 229
335 229
345 232
354 237
364 239
373 244
383 245
390 253
400 254
408 260
417 265
425 272
433 279
442 284
449 292
459 296
468 301
475 309
483 315
490 323
500 327
507 335
517 339
526 344
535 349
544 354
552 360
562 364
571 369
580 374
589 379
597 385
607 389
616 394
626 394
635 399
640 408
644 422
634 425
624 425
614 425
605 430
600 440
605 449
610 458
615 467
610 480
600 483
593 475
584 470
574 466
566 460
557 455
554 445
544 445
534 447
526 455
517 460
510 452
502 445
492 445
485 437
477 430
468 425
458 425
448 425
438 428
428 430
418 433
408 435
398 435
388 438
378 443
368 445
358 448
348 450
339 455
330 460
320 460
310 465
300 470
300 480
300 490
300 500
300 510
300 520
300 530
300 540
300 550
300 560
300 570
300 580
300 590
305 599
305 609
310 618
307 634
298 640
288 640
279 635
277 624
287 619
289 604
289 594
289 584
289 574
289 564
289 554
284 545
284 535
284 525
284 515
279 506
279 496
274 487
270 477
260 473
254 465
254 455
253 445
244 440
234 436
226 430
217 425
208 420
199 415
190 420
180 420
170 420
160 425
150 425
140 425
130 425
120 425
111 420
102 415
93 410
85 403
84 393
78 385
70 378
64 370
59 361
54 352
54 342
54 332
54 322
54 312
59 302
64 292
69 282
74 272
82 264
87 254
92 244
99 232
107 224
112 214
120 206
128 199
129 182
134 172
139 160
139 150
139 140
139 130
139 120
135 110
125 110
116 115
107 120
98 125
88 128
80 135
75 145
70 155
65 165
60 180
60 190
60 200
60 210
52 220
44 213
39 204
34 195
29 186
29 176
24 167
24 157
