32 264
42 265
52 265
62 265
72 265
82 265
92 265
102 265
112 265
122 269
132 270
142 270
152 274
162 275
170 282
180 285
189 290
195 298
199 308
199 318
194 327
194 337
194 356
194 366
199 375
202 385
204 395
209 404
211 414
214 424
220 432
224 442
229 451
236 459
241 468
249 475
254 484
254 494
260 502
267 510
277 514
285 520
294 525
297 535
302 544
306 554
311 563
314 573
312 589
304 597
304 607
310 615
316 623
326 625
335 630
339 640
339 650
345 658
355 654
355 644
350 635
350 625
350 615
350 605
350 590
360 585
369 580
379 577
387 569
397 564
407 560
417 560
427 559
437 555
447 555
457 555
467 555
477 555
487 555
497 555
507 555
517 555
527 555
537 555
547 555
557 555
567 555
577 555
587 555
597 555
607 555
617 559
627 560
637 560
647 560
657 559
667 555
677 555
687 555
697 555
707 555
716 550
725 540
735 529
732 519
722 519
712 519
702 519
692 519
682 519
672 519
662 519
652 515
643 510
633 509
623 509
613 509
604 504
594 501
584 499
574 499
565 494
555 492
545 489
535 487
527 480
520 472
510 469
506 459
500 451
495 442
488 434
480 428
473 420
465 414
462 404
453 399
448 390
440 384
430 383
425 374
419 366
414 357
407 349
397 345
389 339
380 334
374 326
366 319
357 314
348 309
340 302
340 292
340 282
340 272
340 262
340 252
340 242
340 232
340 222
335 213
335 203
330 194
330 184
325 175
319 167
310 162
302 155
295 147
285 144
275 144
265 144
255 144
245 144
235 144
225 144
215 143
215 133
215 123
210 114
206 104
197 99
189 107
185 121
177 129
169 137
169 147
164 157
159 172
159 182
154 192
149 207
140 219
131 224
122 229
112 229
102 229
92 234
82 234
73 239
63 239
54 244
44 247
34 252
