79 517
79 507
84 497
92 489
99 477
107 469
116 464
126 464
134 471
143 476
153 480
163 484
172 479
179 467
187 459
194 447
199 437
207 429
214 417
219 407
227 399
234 387
239 377
247 369
252 359
257 349
264 337
272 329
277 319
282 309
284 297
289 287
294 272
299 262
304 247
309 232
314 217
314 207
319 197
324 182
329 167
334 157
339 142
344 132
349 117
354 107
359 92
364 82
372 74
379 62
387 54
392 44
397 34
405 26
415 24
425 24
435 24
445 24
455 24
465 27
472 35
477 44
480 54
485 63
493 69
503 69
513 69
522 74
531 79
539 86
540 96
545 105
550 114
550 124
550 140
543 148
535 155
527 169
519 175
509 175
499 172
490 167
480 165
470 165
460 162
450 160
440 165
435 175
428 188
423 198
415 205
408 218
400 225
395 235
388 243
383 253
378 263
370 270
363 283
355 290
350 300
343 313
338 323
330 330
325 340
325 350
320 365
315 375
310 390
310 400
305 415
300 430
295 445
290 455
290 465
290 475
285 485
280 495
275 510
272 529
267 539
259 545
250 550
243 558
235 565
227 574
219 582
209 587
199 592
191 600
182 605
172 605
162 604
152 600
143 595
134 590
129 578
129 568
129 558
122 550
112 550
102 549
92 545
89 535
84 526
