79 507
79 497
87 489
95 481
103 474
110 466
120 461
128 454
135 446
143 439
150 431
158 424
165 416
173 409
180 401
188 394
197 389
205 381
213 374
220 366
228 359
235 351
243 344
250 336
258 329
265 321
273 314
282 309
287 299
294 287
294 277
294 267
299 257
304 242
309 232
314 217
319 202
324 187
324 177
329 167
334 152
339 137
344 127
349 112
354 102
362 94
369 77
374 67
382 59
387 49
392 39
400 31
410 26
420 24
430 24
440 24
450 24
460 24
468 30
475 38
480 47
480 57
485 66
495 69
505 69
515 69
524 74
532 80
540 87
540 97
545 106
550 115
552 125
550 140
543 148
535 155
528 168
520 175
513 183
505 190
495 195
485 200
478 208
470 215
463 223
455 230
445 235
438 243
430 250
422 259
412 264
404 270
395 275
388 283
380 290
372 299
364 305
355 310
348 318
338 323
333 333
328 343
323 353
315 360
310 370
305 385
300 395
295 410
290 425
285 435
280 450
275 465
270 475
265 490
260 505
255 515
255 525
248 533
243 543
238 553
233 563
228 573
220 580
210 585
200 590
192 599
184 605
175 610
165 607
155 603
146 598
136 594
129 586
129 567
132 555
123 550
113 550
103 550
95 543
89 535
84 526
79 517
