102 534
102 549
112 550
122 554
119 572
119 582
129 580
137 574
145 565
153 558
163 553
173 555
182 560
192 564
200 570
210 570
210 553
210 543
205 534
205 524
200 515
205 505
210 495
218 488
223 478
230 470
235 460
240 450
248 443
253 433
260 425
265 415
273 408
278 398
285 385
290 375
298 368
305 355
313 348
318 338
323 328
330 320
338 313
343 303
348 293
355 285
360 275
365 265
373 258
378 248
385 240
390 230
395 220
403 213
410 200
415 190
423 183
430 170
435 160
444 155
453 160
463 160
472 165
482 165
492 169
502 169
505 157
497 150
495 140
495 130
500 120
508 113
513 103
518 93
523 84
521 74
512 69
502 69
493 64
483 60
475 54
470 45
465 36
464 26
454 27
449 37
444 52
439 62
437 74
433 84
425 91
415 92
407 85
398 80
388 79
379 74
369 72
369 82
374 91
379 100
382 110
384 120
384 130
383 144
375 151
370 161
365 171
357 179
352 189
347 199
339 207
334 217
327 229
322 239
318 249
310 256
302 264
297 274
292 284
284 292
279 302
272 314
267 324
259 332
254 342
247 354
242 364
237 374
229 382
222 394
214 402
207 414
202 424
197 434
189 442
184 452
177 464
169 472
162 484
153 479
143 476
134 471
124 469
119 481
124 490
129 499
131 509
132 524
122 524
112 529
