289 537
289 527
294 517
294 507
294 497
299 487
299 477
299 467
304 452
309 437
314 422
319 412
319 402
319 392
324 377
329 362
334 347
339 332
344 322
344 312
344 302
349 287
354 272
359 262
364 252
369 242
374 227
379 212
384 197
389 182
394 167
399 152
404 137
409 127
409 117
409 107
409 97
409 87
409 77
409 67
409 57
409 47
409 37
417 29
427 24
437 24
447 24
457 24
466 29
475 34
480 43
480 53
480 63
480 73
475 85
475 95
475 105
475 115
475 125
475 135
475 145
475 155
475 165
475 175
475 185
475 195
475 205
475 215
475 225
480 234
480 244
480 254
480 264
480 274
480 284
485 293
485 303
490 312
490 322
490 332
495 341
498 351
500 361
500 371
503 381
505 391
505 401
508 411
510 421
510 431
510 441
510 451
510 461
505 475
505 485
505 495
505 505
505 515
505 525
505 535
505 545
505 555
500 565
500 575
500 585
500 595
500 605
495 615
495 625
495 635
490 645
490 655
490 665
485 675
485 685
485 695
480 705
480 715
480 725
480 735
475 750
470 760
460 765
451 770
441 770
431 770
421 770
411 770
401 770
391 768
381 764
372 759
362 755
353 750
343 750
333 750
324 745
314 745
305 740
297 734
289 727
289 717
289 707
289 697
289 687
289 677
289 667
289 657
289 647
289 637
289 627
289 617
289 607
289 597
289 587
289 577
289 567
289 557
289 547
