279 247
279 237
284 222
284 212
284 202
284 192
284 182
284 172
284 162
284 152
284 142
284 132
284 122
284 112
284 102
284 92
284 82
284 72
284 62
289 52
297 44
307 39
317 39
326 34
336 30
346 29
355 24
363 30
367 40
370 50
372 60
375 70
380 79
380 89
385 98
390 107
394 117
399 126
400 136
403 146
405 156
410 165
410 175
415 184
415 194
420 203
425 212
425 222
430 231
433 241
435 251
438 261
443 270
447 280
452 289
455 299
460 308
460 318
465 327
469 337
470 347
474 357
475 367
480 376
480 386
480 396
483 406
485 416
485 426
485 436
490 445
490 455
490 465
490 475
495 484
495 494
500 503
500 513
500 523
505 532
505 542
505 552
505 562
505 572
509 582
510 592
510 602
510 612
510 622
514 632
515 642
515 652
515 662
520 671
520 681
520 691
520 701
520 711
520 721
513 733
505 740
496 745
486 745
477 750
467 750
458 755
448 758
438 760
428 760
418 760
409 765
399 765
390 770
380 770
370 770
360 770
350 767
344 759
339 750
339 740
334 731
334 721
334 711
329 702
329 692
324 683
324 673
324 663
320 653
319 643
319 633
319 623
314 614
311 604
309 594
309 584
309 574
309 564
306 554
304 544
304 534
304 524
299 515
299 505
299 495
297 485
294 475
294 465
292 455
289 445
289 435
289 425
284 416
284 406
279 397
279 387
279 377
279 367
279 357
279 347
279 337
279 327
279 317
279 307
279 297
279 287
279 277
279 267
279 257
