319 357
319 347
324 332
324 322
329 312
329 302
337 294
344 282
349 272
359 262
369 257
369 247
374 237
374 227
374 217
374 207
374 197
374 187
379 177
379 167
379 157
379 147
379 137
379 122
379 112
379 102
379 91
374 82
374 72
379 62
387 54
397 54
407 54
417 54
427 54
437 54
444 62
449 71
445 85
445 95
440 110
445 119
445 129
445 139
445 149
450 158
450 168
450 178
450 188
450 198
450 208
450 218
450 228
450 238
455 247
460 256
466 264
474 271
480 279
488 285
490 295
495 304
500 313
505 322
505 332
505 342
505 352
505 362
505 372
505 382
505 392
505 402
505 412
505 422
505 432
505 442
505 452
505 462
505 472
505 482
505 492
505 502
505 512
505 522
505 532
505 542
505 552
505 562
505 572
505 582
505 592
505 602
505 612
505 622
505 632
505 642
509 652
510 662
510 672
505 685
510 694
510 704
510 714
510 724
510 734
505 745
505 755
498 768
488 773
478 775
468 775
458 775
448 778
438 780
428 780
418 780
408 780
398 780
388 780
378 780
369 775
359 775
349 775
339 775
331 769
324 761
324 751
319 742
319 732
319 722
319 712
319 702
319 692
319 682
319 672
319 657
319 647
319 637
319 627
319 617
319 607
319 597
319 582
319 572
319 562
319 552
319 542
319 532
319 522
319 512
319 502
319 492
319 482
319 472
319 462
319 452
319 442
319 432
319 417
319 407
319 397
319 387
319 377
319 367
