279 362
279 352
284 337
289 326
289 316
289 306
289 296
289 286
289 276
289 266
289 256
289 246
289 236
289 226
289 216
289 206
289 196
289 186
289 176
289 166
289 156
289 146
289 136
289 126
289 116
289 106
289 96
289 86
289 76
289 66
289 56
292 39
301 34
310 29
319 24
329 24
339 24
349 24
359 26
363 36
365 46
365 56
370 65
370 75
375 84
375 94
380 103
380 113
385 122
390 131
395 140
397 150
400 160
405 169
405 179
410 188
410 198
415 207
415 217
420 226
423 236
428 245
430 255
430 265
435 274
440 283
445 292
449 302
450 312
455 321
460 330
465 339
465 349
470 358
470 368
470 378
475 387
475 397
480 406
480 416
480 426
480 436
485 445
485 455
485 465
490 474
490 484
495 493
495 503
495 513
495 523
495 533
495 543
495 553
500 562
500 572
500 582
500 592
500 602
505 611
505 621
505 631
505 641
505 651
510 660
510 670
515 679
515 689
515 699
515 709
515 719
505 730
495 735
485 740
475 740
465 745
456 750
446 750
437 755
427 755
418 760
408 763
398 765
388 768
378 770
368 770
359 765
349 761
344 752
339 743
334 734
329 725
324 716
324 706
319 697
319 687
314 678
314 668
314 658
314 648
309 639
309 629
309 619
306 609
304 599
304 589
304 579
304 569
304 559
304 549
301 539
299 529
299 519
299 509
294 500
294 490
294 480
292 470
289 460
289 450
289 440
284 431
284 421
284 411
284 401
279 392
279 382
279 372
