14 102
22 84
30 76
40 74
50 71
60 69
70 67
80 64
90 64
99 59
108 54
117 49
126 44
136 44
144 37
152 29
160 21
165 30
165 40
165 50
175 54
183 60
185 75
190 84
195 95
195 105
195 115
195 125
195 135
193 153
185 160
180 175
170 180
165 190
170 199
179 192
189 182
194 172
199 162
204 152
209 142
214 132
219 122
224 112
229 97
234 87
234 77
239 67
244 57
249 47
257 39
265 31
273 24
283 24
293 25
302 30
310 37
315 46
320 55
325 64
325 74
334 79
339 67
339 57
344 42
352 34
360 26
368 19
378 19
388 19
398 20
405 28
413 35
417 45
422 54
425 64
425 75
430 84
435 93
440 102
447 110
455 117
462 125
470 132
479 137
484 146
490 154
500 157
504 167
510 175
510 190
515 199
510 210
510 225
510 240
515 249
520 258
520 268
525 277
530 286
536 294
544 301
545 311
545 321
550 330
550 340
550 350
555 359
555 370
555 380
557 390
550 400
545 415
545 425
545 440
545 450
545 460
540 470
540 480
540 490
534 500
524 500
514 500
504 500
494 501
499 482
507 474
514 457
519 442
519 432
519 417
524 404
524 394
524 384
519 375
509 371
504 362
504 351
499 342
494 333
489 324
484 315
475 302
469 290
460 285
460 295
465 304
460 315
460 325
460 335
455 345
457 355
458 373
448 375
439 380
430 385
433 398
428 408
420 415
420 425
420 435
415 445
415 455
410 470
410 480
405 490
400 500
390 497
380 495
370 495
364 487
372 479
381 474
389 467
394 452
399 442
399 432
404 422
404 412
404 402
404 392
409 381
401 375
391 374
384 366
379 357
384 341
379 332
379 322
379 311
370 290
362 299
352 304
344 310
334 312
324 315
314 315
304 315
294 315
284 315
275 320
275 330
270 345
270 355
265 370
255 370
250 380
250 390
250 405
250 415
250 425
245 440
245 450
245 460
245 470
245 480
244 492
234 495
224 495
214 495
204 495
194 495
184 492
179 482
179 472
189 467
199 462
209 452
214 437
219 425
219 415
214 406
209 397
217 389
219 375
209 375
204 366
199 357
199 347
199 337
199 327
199 317
204 304
199 295
199 285
190 280
190 290
188 303
183 313
178 323
170 330
160 335
153 343
143 348
133 353
125 360
119 352
124 335
124 325
109 307
100 302
94 294
92 284
82 280
75 272
70 263
64 255
59 246
54 237
59 220
49 217
49 207
54 196
49 187
54 177
59 167
59 157
67 149
75 141
83 134
79 122
70 117
60 115
50 115
40 115
30 115
22 109
