24 172
24 162
32 154
37 144
44 132
52 124
62 119
72 114
82 114
92 114
102 114
112 114
122 114
132 114
141 109
151 109
160 104
169 97
169 87
179 84
187 90
197 94
205 86
215 84
225 84
235 84
245 84
250 93
256 85
266 84
269 72
274 57
282 49
287 39
292 29
302 24
311 29
321 25
331 29
341 29
351 29
361 25
371 24
380 29
390 29
400 29
410 29
419 34
428 39
437 44
444 52
450 65
450 75
450 85
452 95
460 102
470 104
480 104
490 104
500 104
510 104
520 101
530 99
539 92
549 92
559 96
563 106
570 114
575 123
575 133
573 143
568 153
560 160
560 170
560 185
560 195
563 208
553 213
543 215
533 218
525 225
523 238
518 248
510 255
503 263
493 265
483 265
473 265
464 260
450 240
440 242
430 242
420 240
410 245
400 242
390 240
380 240
370 245
360 245
350 245
340 245
330 245
330 255
324 265
315 270
305 275
296 280
286 280
277 285
269 279
264 270
256 263
246 260
236 260
226 260
216 260
206 258
196 259
191 250
185 258
178 250
170 257
162 250
156 258
150 250
140 250
130 250
120 250
111 260
102 265
92 265
82 265
72 265
65 257
57 250
49 244
49 234
44 225
39 216
32 179
