34 107
37 124
47 124
55 115
65 115
74 120
79 137
79 147
79 157
79 167
82 179
77 189
72 199
64 207
64 217
64 227
64 237
69 246
74 255
77 265
87 264
95 255
100 245
100 235
100 225
100 215
100 205
108 198
118 195
128 195
137 190
146 185
156 185
166 185
176 185
185 180
195 180
204 185
209 194
215 202
222 210
229 218
229 228
229 238
229 248
229 258
234 270
244 270
247 260
245 250
245 240
245 225
245 215
245 205
245 195
255 190
265 190
275 185
284 190
284 200
284 210
284 220
284 230
287 240
289 250
292 260
297 269
304 277
314 280
324 280
333 285
343 283
353 280
360 270
365 260
375 250
375 235
375 225
375 215
375 205
375 195
372 185
370 175
380 175
390 175
399 180
408 185
415 193
420 202
424 221
431 229
436 238
444 245
453 250
462 255
472 255
482 255
492 255
502 255
507 264
511 274
521 278
530 283
540 287
550 290
560 290
569 295
579 295
589 292
597 285
605 275
615 270
615 260
620 245
625 234
625 224
619 216
614 207
607 199
599 192
590 187
582 180
580 170
580 160
580 150
580 140
580 130
577 120
570 112
560 109
550 105
548 95
540 89
531 84
525 76
523 66
514 61
504 64
494 62
484 67
479 77
484 86
484 96
484 106
474 112
464 117
454 122
449 132
449 142
449 152
440 159
430 159
420 159
410 157
400 153
400 143
395 134
395 124
395 114
390 105
388 95
383 86
380 76
380 66
380 56
375 47
374 37
367 29
357 29
349 37
349 47
349 57
354 66
354 76
351 89
342 94
332 94
324 102
319 112
319 122
319 132
319 142
312 159
302 159
292 159
283 164
273 164
263 164
255 157
255 147
250 138
243 130
233 126
224 121
214 119
204 119
194 119
184 119
174 119
164 119
154 119
144 116
136 109
127 104
117 100
108 95
98 91
89 86
79 84
69 81
59 79
49 82
39 87
39 97
