34 106
29 97
37 89
47 89
52 79
54 67
62 59
72 54
81 59
89 66
95 74
100 83
108 90
115 98
123 104
133 104
143 104
153 104
162 109
172 109
182 109
192 109
202 109
212 109
222 109
232 109
242 109
252 109
261 114
265 124
270 133
275 142
275 152
285 154
294 159
303 154
313 154
323 154
324 142
329 127
334 117
334 107
334 97
342 89
352 84
359 67
359 57
359 47
359 37
367 29
375 35
380 44
385 53
393 60
395 75
395 85
395 95
400 104
410 107
415 116
415 126
415 136
415 146
418 156
425 164
434 159
444 159
454 159
459 147
459 137
464 127
469 117
479 112
489 109
494 97
494 82
494 72
502 64
512 64
522 64
531 59
540 64
548 70
555 78
560 87
570 84
579 89
588 94
597 99
604 107
612 114
615 124
610 135
605 145
605 155
605 165
610 174
615 183
620 192
624 202
625 212
625 222
625 232
625 242
620 255
615 265
610 275
603 285
594 290
584 290
574 290
564 290
554 290
544 290
535 285
527 279
519 272
514 263
508 255
499 250
489 250
479 250
469 250
459 250
449 250
439 250
431 243
426 234
422 224
414 207
409 198
409 188
403 180
393 178
385 185
385 195
387 205
395 212
395 222
395 232
395 242
394 252
386 260
377 265
369 272
359 275
349 275
339 275
329 275
319 275
309 275
299 271
299 250
294 241
294 231
294 221
283 200
273 200
263 200
254 195
245 200
245 210
245 220
245 230
245 240
240 250
236 260
226 260
216 264
212 254
204 247
204 237
204 227
204 217
209 206
204 197
207 185
197 185
187 185
178 180
168 180
158 180
148 180
138 183
130 190
125 205
125 215
125 225
125 235
120 245
113 255
104 250
99 241
94 232
94 222
94 212
99 194
99 184
99 174
99 164
96 154
89 146
84 137
84 124
79 115
77 105
67 109
57 114
48 120
39 115
