54 257
54 247
64 244
74 246
80 254
90 257
98 264
107 269
116 274
125 269
135 269
145 266
155 264
165 264
174 257
182 249
189 237
197 229
205 221
215 222
220 231
220 241
220 251
220 261
220 271
220 281
220 291
220 301
226 309
236 309
246 309
256 309
266 309
275 304
285 301
293 294
302 289
311 284
321 284
330 279
340 279
350 279
360 276
370 274
380 274
390 274
400 274
410 274
420 274
429 279
439 279
449 279
459 279
469 279
479 279
489 279
499 277
509 272
517 264
525 256
533 249
540 241
548 234
555 226
563 219
567 209
575 201
580 191
588 184
595 176
600 166
608 159
612 149
614 137
619 127
624 118
624 108
624 98
619 89
614 80
613 70
605 63
598 55
590 48
584 40
575 35
569 27
577 19
584 27
594 31
603 36
610 44
618 50
625 58
633 65
637 75
642 84
645 94
650 103
650 113
650 123
650 133
645 145
640 155
635 170
630 180
625 190
618 203
610 210
603 223
598 233
590 240
583 253
575 260
568 273
563 283
555 290
548 298
540 305
540 315
540 325
542 335
545 345
545 355
547 365
552 374
555 384
555 394
555 404
560 413
560 423
560 433
560 443
565 452
569 462
570 472
570 482
574 492
575 502
580 511
580 521
583 531
588 540
595 548
603 555
605 565
605 575
610 584
610 594
610 604
610 614
615 623
615 633
615 643
620 652
620 662
617 679
608 685
599 680
589 680
579 680
569 677
569 667
577 659
584 648
584 638
584 628
584 618
584 608
581 598
576 589
569 581
564 572
557 564
549 557
540 552
532 545
525 537
519 529
514 520
505 515
495 515
500 524
505 533
510 542
510 552
510 562
505 580
500 595
495 610
495 620
490 630
482 644
477 654
467 659
457 664
447 665
437 665
427 664
424 647
432 639
441 634
451 634
459 622
464 612
469 597
469 582
469 572
463 555
455 548
448 540
440 533
433 525
425 518
419 510
414 501
409 492
404 483
397 475
394 465
390 455
380 460
370 460
360 460
353 468
345 475
340 485
338 498
333 508
328 518
323 528
318 538
313 548
305 555
304 567
299 577
294 587
289 597
284 607
279 617
274 627
269 637
264 647
259 657
249 662
239 665
229 665
219 661
214 652
224 647
234 642
239 632
250 611
254 600
259 582
264 572
264 562
264 552
264 542
269 524
269 514
269 504
264 495
255 490
255 500
255 510
255 520
250 535
250 545
250 555
250 565
250 575
245 585
245 595
240 605
240 615
233 623
225 630
217 639
207 640
197 644
187 645
177 644
177 629
185 621
195 619
205 616
213 609
214 591
214 581
214 571
214 561
214 551
214 541
214 531
214 521
209 512
209 502
204 493
204 483
198 475
189 470
180 465
171 460
162 455
153 450
145 443
139 435
137 425
134 415
126 409
122 399
117 390
108 385
100 378
96 368
91 359
89 349
84 340
83 330
75 323
74 313
70 303
64 295
59 286
59 276
54 267
