24 257
24 247
32 239
39 222
47 214
55 206
65 201
73 194
74 177
84 181
93 186
100 194
110 197
119 202
127 209
134 217
142 224
149 232
157 239
160 249
168 255
175 263
185 264
194 269
204 269
214 269
224 271
234 274
243 269
253 269
263 269
273 269
283 269
293 269
303 269
312 274
322 274
331 269
341 269
351 269
361 269
371 269
381 269
390 274
400 274
410 274
420 274
429 279
439 281
448 286
458 289
467 294
474 302
484 306
488 316
495 324
504 329
510 337
519 342
527 349
536 354
544 361
553 366
560 374
570 374
579 379
588 384
597 389
607 389
617 389
627 389
636 394
646 394
655 399
665 396
675 394
685 394
695 391
705 389
715 386
725 384
730 393
722 404
714 410
705 415
695 415
686 420
676 420
667 425
657 425
647 425
637 425
627 425
617 425
607 425
598 420
588 420
579 415
569 415
560 410
551 405
541 403
531 399
522 394
512 390
503 385
494 380
485 385
485 395
480 410
480 420
480 430
480 440
480 450
480 460
482 470
490 477
494 487
495 497
490 510
483 523
475 530
470 540
465 550
457 559
452 569
444 577
434 580
424 580
414 580
404 576
407 559
416 554
426 550
434 537
439 527
440 515
430 515
423 523
415 530
408 538
400 545
395 555
386 560
377 565
367 565
357 564
349 557
349 547
359 542
369 537
377 529
385 521
393 514
394 501
389 492
384 483
377 475
373 465
365 458
358 450
350 443
341 438
331 435
321 435
312 430
302 430
293 425
283 428
273 430
263 430
253 430
243 430
233 430
223 433
213 438
205 445
200 455
200 465
202 475
205 485
200 500
200 510
195 520
190 530
190 540
188 553
180 560
175 575
165 580
155 580
145 580
139 572
147 564
154 552
159 542
159 532
160 517
150 515
145 530
143 548
135 555
127 564
118 570
109 565
99 561
94 552
102 544
111 539
114 527
119 512
119 497
119 487
124 478
124 468
124 458
124 448
120 438
119 428
114 419
111 409
107 399
99 392
95 382
90 373
89 363
85 353
84 343
79 334
79 324
74 315
69 306
61 300
52 295
43 290
34 285
29 276
24 267
