24 147
24 137
32 129
41 124
51 120
61 115
71 114
80 109
90 109
99 97
107 89
112 79
120 71
129 76
133 86
143 89
149 77
157 69
167 64
177 64
180 74
180 84
180 94
185 103
185 113
190 122
195 131
200 140
200 150
200 160
200 170
200 180
200 190
200 200
200 210
202 220
212 224
221 229
230 224
240 221
250 219
260 219
269 214
279 214
289 214
299 214
308 209
317 204
327 204
337 199
347 199
356 194
366 194
376 194
386 194
396 194
406 194
415 199
425 199
435 199
444 204
453 209
463 209
473 210
483 214
493 215
500 223
508 229
518 229
528 229
537 224
545 216
555 214
565 211
573 204
580 196
590 194
599 187
607 179
614 170
609 161
604 152
597 144
587 140
580 132
572 125
562 124
552 120
542 119
534 112
534 102
544 99
554 99
564 99
574 99
584 101
594 104
604 106
613 111
623 115
630 123
640 124
645 133
650 142
655 151
660 160
665 169
665 179
663 198
655 205
647 214
639 220
630 225
620 230
616 240
607 245
598 250
588 250
578 253
568 258
558 263
548 268
538 273
530 280
530 290
532 300
537 309
540 319
540 329
540 339
540 349
545 358
550 367
550 377
550 387
550 397
550 407
557 415
565 422
572 430
580 437
587 445
595 452
602 460
605 470
605 480
605 490
610 499
615 508
615 518
615 528
615 538
615 548
610 560
610 570
602 579
592 580
582 580
572 580
562 580
552 579
544 572
544 562
552 554
561 549
569 536
564 527
567 515
563 505
555 498
549 490
548 480
540 473
534 465
525 470
527 480
530 490
530 500
535 509
535 519
535 529
530 545
530 555
530 565
530 575
525 590
515 595
515 605
513 618
503 620
493 620
483 620
473 620
463 620
453 620
444 615
434 611
437 594
445 586
455 581
465 579
474 567
479 557
484 546
479 537
479 527
479 517
480 503
473 495
465 488
458 480
450 473
443 465
435 458
429 450
428 440
420 433
414 425
414 415
405 410
396 415
387 420
378 425
368 428
358 430
349 425
340 430
330 430
320 435
310 435
300 435
290 435
280 435
270 435
260 435
250 435
240 440
235 450
230 460
225 470
225 480
225 490
225 500
225 510
225 520
225 530
225 540
225 550
220 565
215 580
210 595
201 600
191 600
181 600
171 600
161 599
154 591
149 582
157 574
165 566
174 557
179 545
179 535
178 525
169 520
160 525
155 535
150 545
144 555
135 560
133 573
123 578
115 585
105 585
95 585
85 585
77 579
69 572
69 562
77 554
86 549
96 549
101 540
109 527
114 517
119 507
119 497
124 482
129 467
134 452
134 442
134 432
134 422
127 414
119 407
115 397
107 390
100 382
95 373
89 365
85 355
79 347
79 337
79 327
79 317
79 307
79 297
79 287
79 277
79 267
79 257
84 247
89 237
89 227
84 218
84 208
75 203
69 195
59 195
49 195
40 190
32 184
24 177
24 167
24 157
