24 127
29 117
37 109
44 95
44 85
44 75
36 69
29 61
24 52
34 47
42 39
51 34
60 29
70 29
80 26
90 24
100 27
109 32
119 36
125 44
134 49
144 49
154 51
164 54
174 54
184 54
194 54
204 54
214 54
223 49
233 49
243 49
253 49
262 54
272 54
282 54
292 54
302 54
312 54
322 54
332 54
341 49
351 49
361 45
371 44
380 39
390 39
400 36
410 31
420 29
430 29
439 24
449 24
459 26
469 29
479 29
489 29
499 31
508 36
518 40
525 48
530 57
537 65
540 75
540 85
540 95
540 105
540 115
540 125
540 135
540 145
545 154
545 164
549 176
550 186
555 195
560 204
560 214
560 224
568 230
570 240
570 250
570 260
570 270
570 280
570 290
570 300
570 310
569 322
559 320
551 313
546 304
544 294
544 284
539 265
539 255
539 245
539 226
539 216
539 206
539 196
539 186
539 176
534 167
534 157
530 147
525 135
520 145
515 160
515 170
515 180
510 195
510 205
512 215
520 222
525 231
530 240
530 250
530 260
530 270
535 279
530 295
535 304
535 314
535 324
535 334
534 352
529 362
519 365
510 370
504 362
504 352
509 337
514 319
509 310
509 300
509 290
505 275
500 285
495 295
490 310
490 320
490 330
483 343
475 350
465 355
455 355
449 347
454 337
459 327
467 319
469 307
469 297
474 280
472 270
463 265
454 270
446 264
439 256
431 250
422 245
415 237
405 235
396 240
387 245
377 245
367 249
357 250
347 250
338 245
328 245
318 245
309 240
299 240
289 240
279 240
270 235
270 245
270 255
270 265
270 275
270 285
275 294
275 304
280 313
285 322
285 332
277 344
269 350
259 352
249 350
255 336
259 321
259 311
254 302
250 292
245 280
240 290
240 300
242 310
245 320
245 330
245 340
239 352
234 362
224 365
214 365
204 362
204 352
212 344
219 330
219 320
219 310
219 300
217 290
214 280
209 271
209 261
204 252
195 247
187 240
180 232
172 225
168 215
160 208
153 200
145 193
144 183
139 174
134 165
129 156
121 150
112 145
105 137
95 135
85 135
75 140
66 145
56 145
46 145
36 144
29 136
