47 334
49 345
59 345
68 340
74 348
75 358
80 367
87 375
92 384
99 392
104 401
104 411
111 419
121 420
130 415
135 405
143 398
153 393
163 388
170 380
179 375
189 375
199 375
208 380
218 380
227 385
236 390
244 396
251 404
261 408
269 415
275 423
283 430
292 435
302 435
311 440
321 440
331 440
340 435
349 430
359 430
368 435
377 440
385 447
392 455
394 465
394 475
397 485
406 480
414 472
419 462
424 452
425 440
425 429
422 419
414 412
407 404
399 397
392 389
387 380
385 370
385 360
390 350
398 343
405 330
413 323
420 315
429 310
437 304
445 295
455 297
464 302
474 302
475 290
475 280
475 270
483 263
488 253
495 245
500 235
510 230
520 232
529 237
539 240
548 245
557 250
567 254
574 262
582 269
586 279
589 289
589 299
589 309
589 319
591 329
601 325
610 315
615 305
615 295
623 288
628 278
630 267
622 260
615 252
607 245
600 237
600 227
595 218
588 210
580 203
575 194
575 184
570 175
570 165
579 170
585 178
590 187
594 197
602 204
609 212
614 221
621 229
626 238
634 245
638 235
633 226
629 216
621 209
615 201
610 192
602 185
598 175
590 168
583 160
575 153
570 144
563 136
559 126
551 119
545 111
540 102
532 95
528 85
520 78
513 70
505 63
498 55
490 49
481 44
472 39
462 39
452 44
448 54
440 61
432 69
423 74
415 81
407 89
398 94
390 101
382 109
373 114
365 121
357 129
349 137
341 144
332 149
324 157
314 162
305 171
295 176
287 184
277 189
269 197
260 204
251 209
242 214
234 222
224 227
214 229
205 234
196 239
187 244
177 244
167 249
157 254
148 259
139 264
131 270
126 280
116 284
107 289
97 289
89 297
82 309
73 314
65 321
57 329
