29 387
29 377
34 367
44 362
54 361
58 371
63 380
68 389
77 384
87 384
96 379
106 380
114 374
123 369
132 364
139 355
135 345
125 345
115 345
105 345
95 345
85 345
75 343
68 335
59 330
49 330
44 321
39 312
39 302
39 292
39 282
39 272
39 262
44 252
49 242
57 224
54 212
59 202
67 194
72 184
77 174
82 164
90 156
98 149
105 141
113 134
122 129
132 124
142 124
152 124
161 119
171 115
181 114
191 110
201 109
211 110
221 109
231 105
236 95
240 83
231 78
225 70
215 70
207 64
199 57
199 47
209 42
219 37
227 29
236 34
245 29
255 29
265 29
272 44
264 50
255 55
260 64
270 67
273 78
263 83
255 90
260 99
265 108
275 104
285 104
295 104
305 104
315 104
325 104
335 104
345 104
355 104
365 104
375 104
385 107
394 112
395 122
400 131
402 144
394 150
385 155
375 155
365 155
370 164
375 173
383 179
393 179
403 179
413 179
423 179
433 179
443 179
453 179
463 179
473 179
483 179
492 174
502 174
512 169
522 164
532 164
541 159
551 159
560 164
565 173
557 184
547 189
537 190
527 194
517 199
509 205
500 210
491 215
482 220
473 225
464 230
455 235
445 240
435 245
425 250
415 255
405 265
410 274
420 271
430 271
436 279
440 289
440 299
440 309
433 320
423 320
414 325
405 330
395 330
385 330
375 335
365 335
355 340
345 340
335 340
325 340
315 340
305 340
295 340
285 340
275 340
275 350
270 365
262 374
252 375
242 375
232 375
222 375
213 380
203 380
193 380
183 380
174 385
164 385
154 385
145 390
135 390
125 395
115 395
106 400
96 400
86 400
76 400
66 400
56 400
46 399
37 394
