19 132
19 147
19 157
19 176
24 185
27 195
35 202
44 207
54 210
64 210
74 207
84 202
92 195
100 202
104 212
114 215
123 220
133 220
143 220
153 218
160 210
170 200
175 185
185 185
195 185
205 185
215 185
225 185
235 185
245 185
255 185
265 185
275 185
285 185
295 185
305 185
315 185
325 185
335 185
345 185
355 185
365 185
374 190
383 195
393 195
402 200
411 195
420 190
429 185
438 180
448 180
457 185
467 184
474 192
482 199
491 204
501 208
511 205
520 200
528 193
535 185
535 175
535 165
540 155
545 167
555 170
555 159
550 150
550 140
555 127
555 117
550 108
545 99
540 90
545 79
545 69
540 60
545 49
540 40
539 29
530 24
520 24
511 19
501 19
491 19
481 19
471 19
461 19
451 19
441 19
431 19
421 19
411 19
401 15
391 15
381 15
371 15
361 15
351 15
341 19
332 14
323 19
313 19
303 19
293 19
283 19
273 19
264 24
254 24
244 27
234 27
229 41
229 51
229 61
225 76
215 79
205 79
195 79
185 79
175 79
165 79
156 84
146 80
136 79
126 80
116 79
106 80
96 79
87 84
79 92
74 104
64 102
54 102
44 107
38 124
29 129
