114 332
114 322
119 307
119 297
129 296
139 299
147 305
152 314
159 322
164 331
168 341
175 349
175 359
183 365
187 375
195 382
199 392
205 400
213 406
215 416
221 424
231 424
241 424
249 412
254 395
254 385
254 375
249 366
249 356
244 347
244 337
244 327
244 317
244 307
244 297
244 287
244 277
244 267
244 257
244 247
244 237
244 227
249 217
249 207
249 197
257 189
264 177
272 169
282 169
289 177
295 185
300 194
300 204
300 214
300 224
295 235
297 245
300 255
300 265
300 275
295 285
295 295
295 305
295 315
300 324
300 334
305 343
305 353
310 362
319 356
319 346
319 336
319 326
319 316
314 307
314 297
314 287
319 272
319 262
319 252
319 242
319 232
319 222
324 211
319 202
319 192
319 182
319 172
319 162
319 152
327 144
335 136
340 126
350 127
357 135
362 144
369 152
370 162
370 172
375 181
375 191
375 201
375 211
375 221
375 231
375 241
375 251
375 261
378 271
380 281
380 291
380 301
380 311
375 325
375 335
375 345
380 354
385 363
385 373
394 368
394 357
399 342
399 332
399 322
399 312
399 302
399 292
404 282
404 272
404 262
404 252
404 242
404 232
404 222
404 212
404 202
409 192
409 182
409 172
417 164
425 156
433 150
440 158
445 167
450 176
453 186
460 194
460 204
460 214
460 224
460 234
460 244
460 254
460 264
460 274
455 285
455 295
455 305
455 315
460 324
460 334
460 344
460 354
460 364
460 374
460 384
460 394
465 403
465 413
465 423
470 432
470 442
470 452
470 462
475 471
478 481
480 491
486 499
490 486
494 467
494 457
494 447
494 437
494 427
494 417
494 407
499 392
499 382
504 372
509 362
517 354
526 349
534 342
544 346
548 356
553 365
555 375
555 385
555 395
555 405
555 415
555 425
555 435
555 445
555 455
555 465
550 480
550 490
550 500
545 510
545 520
545 530
545 540
545 550
543 568
535 575
535 585
528 598
523 608
515 615
515 625
510 635
505 650
500 660
495 670
490 685
482 694
474 700
468 708
463 718
455 725
450 735
444 745
434 745
424 745
414 745
404 745
394 745
384 745
374 745
364 745
354 745
344 745
334 745
324 745
314 745
304 745
294 745
284 745
274 745
264 745
254 745
249 732
249 722
254 708
251 698
246 689
242 679
234 672
234 662
229 653
229 643
224 634
219 625
219 615
214 606
214 596
214 586
214 576
209 567
209 557
209 547
204 538
200 528
199 518
195 508
194 498
191 488
186 479
184 469
179 460
174 451
169 442
165 432
157 425
154 415
149 406
144 397
139 388
132 380
129 370
127 360
124 350
119 341
