24 187
24 177
32 169
40 161
48 154
55 146
64 137
72 129
77 119
85 111
93 104
103 104
112 99
122 99
132 99
142 99
152 99
161 104
170 109
179 114
187 120
192 129
195 139
200 148
208 155
212 165
220 172
227 180
232 189
239 197
247 204
256 209
265 214
275 217
285 219
294 224
303 229
313 229
323 229
333 230
343 234
352 239
362 239
372 239
382 239
392 239
401 244
411 244
421 244
431 244
441 244
451 244
461 244
471 244
480 239
489 232
494 217
499 207
499 197
504 185
504 175
504 165
504 155
504 145
504 135
502 125
499 115
494 106
494 96
489 87
494 77
504 74
512 80
522 84
530 90
535 99
535 109
543 115
545 125
550 134
550 144
550 154
550 164
545 180
545 190
545 200
540 210
540 220
535 230
535 240
535 250
535 260
535 270
537 280
545 287
545 297
549 307
550 317
550 327
555 336
555 346
561 354
565 364
570 373
575 382
580 391
586 399
590 409
590 419
598 425
605 433
610 442
615 451
620 460
615 470
615 480
615 490
615 500
615 510
615 520
615 530
615 540
610 550
603 563
593 565
583 565
574 560
569 551
564 542
569 532
579 520
579 510
570 505
562 514
554 522
544 527
534 530
524 526
519 517
524 507
534 497
542 489
544 479
544 469
539 460
531 454
527 444
519 437
512 429
502 425
495 417
487 410
478 405
469 400
459 400
450 405
440 410
433 418
423 423
413 425
404 420
394 417
387 409
377 405
368 400
358 400
348 400
338 400
328 400
318 400
308 400
298 400
288 403
280 410
275 420
275 430
275 440
275 450
275 460
275 470
275 480
275 490
275 500
270 515
270 525
265 540
261 550
251 550
242 555
233 550
223 550
215 543
209 535
204 526
199 517
204 507
204 497
209 481
209 471
209 461
209 451
209 441
204 432
204 422
204 412
199 403
199 393
196 383
191 374
187 364
179 357
170 352
164 344
159 335
154 326
149 317
149 307
144 298
144 288
139 279
136 269
134 259
132 249
124 242
120 232
112 225
102 225
92 225
82 229
72 230
62 230
53 225
44 220
36 214
29 206
24 197
