24 152
24 142
32 134
41 129
46 120
54 112
59 102
67 94
75 86
83 79
92 74
101 69
111 69
121 69
131 69
141 69
151 69
159 76
165 84
173 90
180 98
180 108
180 118
185 127
189 137
194 146
195 156
200 165
202 175
207 184
214 192
222 199
231 204
241 204
250 209
259 214
269 216
279 219
289 221
299 224
309 224
319 224
329 224
339 224
349 224
359 224
369 224
379 224
389 224
399 224
409 226
419 229
428 234
437 239
446 244
456 244
465 249
473 255
480 263
490 267
497 275
505 282
512 290
515 300
520 309
520 319
525 328
533 335
540 343
548 349
557 354
567 354
576 359
586 359
595 364
605 364
615 367
607 380
597 380
587 380
577 380
567 380
557 380
548 375
539 370
530 365
520 365
520 375
522 385
525 395
530 404
535 413
540 422
540 432
545 441
550 450
555 459
563 465
567 475
570 485
570 495
570 505
570 515
575 524
575 534
575 544
575 554
575 564
565 570
556 575
546 574
539 566
534 557
542 549
544 538
544 528
544 518
544 508
541 498
536 489
529 481
524 472
519 463
514 454
509 445
500 450
502 460
505 470
505 480
505 490
505 500
505 510
505 520
503 538
495 545
485 545
475 545
469 537
477 529
482 519
484 502
484 492
479 483
475 473
474 463
467 455
458 450
450 443
444 435
436 429
429 421
424 412
417 404
409 397
405 387
399 379
394 370
385 365
376 370
367 375
358 370
349 365
339 367
329 370
320 375
310 375
301 380
291 380
282 385
272 385
263 390
253 393
243 395
233 395
223 398
215 405
215 415
215 425
215 435
215 445
210 455
210 465
210 475
205 485
205 495
200 505
195 520
190 535
185 545
180 555
176 565
166 565
156 565
146 565
136 564
129 556
124 547
132 539
142 534
149 519
149 509
149 499
149 489
149 479
144 470
144 460
144 450
144 440
144 430
144 420
144 410
139 401
134 392
134 382
129 373
124 364
124 354
119 345
114 336
109 327
109 317
104 308
104 298
100 288
99 278
99 268
99 258
99 248
99 238
99 228
99 218
99 208
99 198
99 188
93 180
83 180
73 180
63 180
53 180
44 175
36 169
29 161
