24 127
24 117
34 112
44 109
54 109
64 102
72 94
82 89
92 89
102 89
112 84
121 89
131 89
139 96
145 104
153 110
160 118
165 127
172 135
177 144
186 149
194 156
198 166
205 174
213 180
218 189
227 194
236 199
246 199
255 204
264 209
274 211
284 214
294 216
304 219
313 224
323 224
332 229
342 229
352 229
362 229
372 229
381 234
391 234
401 234
411 234
421 234
430 239
440 242
450 244
459 249
469 251
479 254
489 254
499 254
509 254
519 254
529 254
539 254
549 254
559 254
569 254
578 249
588 249
597 244
607 244
616 239
626 239
635 234
645 234
655 234
653 248
645 255
636 260
626 260
616 260
607 265
597 269
587 270
578 275
568 275
558 275
548 275
539 280
529 280
520 285
525 294
530 303
535 312
539 322
540 332
540 342
540 352
540 362
545 371
545 381
545 391
550 400
555 409
560 418
568 425
575 433
583 440
590 448
600 452
607 460
615 467
615 477
619 487
620 497
620 507
624 517
625 527
625 537
625 547
625 557
625 567
625 577
624 587
614 590
604 590
594 586
589 577
597 569
599 558
599 548
599 538
594 529
594 519
591 509
589 499
584 490
575 485
565 485
565 495
570 504
570 514
575 523
575 533
575 543
575 553
567 564
559 570
549 570
539 566
539 547
539 537
539 527
539 517
539 507
539 497
535 487
530 478
523 470
514 465
504 461
496 455
487 450
478 445
469 440
461 434
454 426
449 417
442 409
434 402
429 393
424 384
419 375
409 372
402 364
392 360
382 360
372 360
362 360
352 360
342 364
332 365
322 365
313 370
304 375
294 377
284 380
274 380
264 380
255 385
250 395
250 405
250 415
250 425
245 440
245 450
245 460
245 470
240 485
240 495
245 504
240 520
238 533
230 540
225 550
220 565
215 575
205 585
195 590
185 590
176 585
166 584
157 579
149 572
149 562
159 557
167 549
172 539
174 522
179 512
179 502
179 492
184 474
184 464
184 454
184 444
179 435
179 425
179 415
179 405
179 395
174 386
174 376
169 367
165 357
159 349
154 340
152 330
149 320
144 311
144 301
139 292
139 282
139 272
139 262
134 253
130 243
129 233
124 224
121 214
119 204
114 195
112 185
105 177
95 175
85 175
75 175
65 175
56 170
46 168
36 164
29 156
24 147
24 137
