24 177
24 167
32 159
37 149
46 144
54 137
59 127
59 117
67 109
72 99
80 91
89 82
94 66
94 56
97 39
105 45
110 54
115 63
125 67
135 66
140 56
145 46
155 47
160 56
160 66
160 76
160 86
163 96
165 106
170 115
172 125
180 132
184 142
190 150
195 159
200 168
208 175
215 183
225 187
234 192
244 194
254 194
264 194
274 196
284 199
294 201
304 204
314 202
324 199
334 197
344 194
354 194
363 199
373 199
383 199
392 204
402 204
412 204
421 209
431 209
441 209
450 214
460 214
470 217
480 219
490 222
500 224
508 230
515 238
523 245
530 253
535 262
539 272
544 281
548 291
550 301
555 310
557 320
560 330
565 339
565 349
565 359
570 368
575 377
579 387
584 396
590 404
595 413
595 423
600 432
599 442
589 441
584 432
579 423
574 414
569 405
569 395
561 388
556 379
552 369
544 362
544 352
540 342
530 340
525 350
525 360
525 370
525 380
525 390
527 400
530 410
535 419
535 429
543 435
550 443
555 452
559 462
560 472
560 482
560 492
565 501
565 511
565 521
570 530
570 540
570 550
567 569
558 575
549 580
539 580
529 576
524 567
529 557
537 549
539 532
539 522
539 512
539 502
534 493
530 483
524 475
520 465
510 465
505 480
505 490
505 500
505 510
505 520
505 530
500 540
493 550
484 555
474 555
464 551
459 542
467 534
475 526
479 508
479 498
479 488
474 479
474 469
469 460
464 451
459 442
455 432
449 424
444 415
439 406
434 397
429 388
425 378
424 368
419 359
414 350
404 350
394 350
386 344
377 339
367 335
357 339
347 340
337 344
328 350
318 353
308 358
300 365
290 365
283 373
273 375
264 380
255 385
248 393
240 400
240 410
240 420
240 430
240 440
240 450
240 460
240 470
235 485
235 495
235 505
235 515
230 530
230 540
225 550
220 560
212 569
204 575
194 575
184 575
174 575
166 569
159 561
154 552
162 544
167 534
177 529
179 510
179 500
179 490
179 480
179 470
179 460
179 450
179 440
177 430
174 420
172 410
169 400
164 391
159 382
155 372
150 363
149 353
144 344
142 334
137 325
134 315
132 305
129 295
127 285
124 275
124 265
119 256
119 246
114 237
114 227
114 217
109 208
109 198
103 190
93 193
83 195
73 198
63 200
53 200
44 195
34 195
29 186
