89 247
89 237
94 227
99 217
107 209
115 201
123 194
127 184
132 174
137 164
145 156
150 146
158 139
167 134
175 126
185 121
195 116
205 111
215 109
225 112
234 107
239 96
239 86
234 77
239 67
239 57
244 47
252 39
260 31
270 26
280 24
290 24
300 27
304 37
310 45
315 54
320 63
320 75
315 85
315 95
320 104
329 109
338 114
348 114
358 114
368 115
375 123
385 127
393 134
402 139
404 122
404 112
414 109
424 109
434 109
443 114
453 114
463 114
473 114
483 114
493 114
503 114
512 119
522 119
532 119
542 119
545 129
545 139
540 155
540 165
540 175
540 185
540 195
540 205
540 215
535 225
535 235
535 245
535 255
535 265
535 275
528 290
518 290
508 290
499 285
489 285
479 285
469 285
459 285
449 285
439 285
430 280
420 280
410 280
400 280
394 272
394 262
394 252
394 242
394 232
394 222
397 205
394 195
384 191
376 185
366 183
360 175
353 183
345 190
345 200
345 210
335 220
335 230
335 240
335 250
330 260
330 270
328 283
320 290
325 299
325 309
330 318
335 327
339 337
344 346
350 354
350 364
358 370
362 380
370 387
374 397
382 404
385 414
394 419
400 427
405 436
408 446
415 454
420 463
425 472
429 482
435 490
440 499
440 510
440 520
432 530
424 523
415 518
408 510
400 503
393 495
385 488
378 480
370 473
364 465
356 459
352 449
347 440
340 432
335 423
328 415
320 408
314 400
306 394
301 385
292 380
285 372
275 370
268 378
260 385
253 393
248 403
243 413
235 420
228 428
220 435
214 445
208 453
200 460
195 470
190 480
190 490
185 500
190 509
190 519
188 533
178 535
168 535
160 528
154 520
149 511
149 487
149 477
149 467
149 457
154 447
159 432
169 422
174 412
182 404
187 394
192 384
197 374
204 362
214 352
222 344
224 327
229 317
229 307
234 294
234 284
234 274
229 265
224 256
224 246
219 237
219 227
214 218
214 208
210 198
206 188
200 180
190 180
180 185
173 193
165 200
157 209
149 217
139 222
131 230
122 235
114 242
109 252
99 250
