99 287
102 309
106 319
114 325
119 334
129 335
132 345
142 344
152 340
160 347
167 355
177 354
184 362
190 370
199 375
202 385
212 385
217 394
224 402
222 419
212 419
202 419
192 424
192 439
202 440
211 445
221 445
231 445
240 440
249 435
259 435
269 432
279 432
289 427
299 422
309 425
319 425
329 425
339 425
344 434
339 446
349 450
359 450
368 455
378 455
388 455
398 455
408 453
418 450
428 450
438 450
448 448
458 445
468 443
478 440
488 440
497 445
507 445
516 440
525 435
535 430
543 423
550 410
555 395
553 385
545 379
540 370
545 360
545 350
545 340
542 330
540 320
539 307
535 297
530 288
530 278
523 270
515 263
508 255
503 246
494 241
489 232
480 227
472 220
465 212
455 209
449 201
439 199
430 194
420 192
410 189
401 184
391 184
381 184
372 179
362 179
352 179
342 184
332 184
322 184
312 189
302 189
293 194
284 199
274 202
264 204
255 209
245 209
240 200
240 190
240 180
244 167
240 157
240 147
240 137
235 128
228 120
220 114
210 114
200 114
191 119
182 124
174 132
174 142
169 152
169 162
169 172
169 182
174 191
170 206
162 214
153 219
144 224
134 212
134 222
134 232
127 244
119 252
109 257
104 272
