74 232
74 242
79 251
84 260
90 268
98 275
107 280
117 284
126 289
136 290
145 295
155 297
162 305
171 310
175 299
170 290
168 280
158 280
148 279
140 272
130 269
120 269
113 261
105 255
102 245
100 235
100 225
105 215
114 210
123 205
133 205
143 205
153 205
163 205
172 210
182 214
192 215
202 215
212 215
221 220
231 220
226 229
213 229
204 234
195 229
185 229
176 224
166 224
157 219
157 234
167 235
176 240
186 240
195 245
205 245
215 245
225 247
235 247
245 245
249 255
258 260
265 268
270 277
274 287
279 296
284 305
284 317
284 332
284 342
279 352
279 362
284 371
284 381
284 391
289 400
294 409
289 427
284 442
284 452
279 462
279 472
277 489
269 497
269 507
269 517
259 527
251 539
242 544
234 552
234 562
244 565
254 565
263 570
272 565
282 569
292 565
302 565
312 564
320 549
315 540
323 533
325 515
330 500
338 493
345 485
345 475
353 468
355 455
363 448
370 440
380 440
390 440
400 440
409 445
412 455
417 464
424 472
429 481
429 491
429 501
434 510
434 527
429 537
429 547
429 557
419 557
419 567
419 577
427 584
437 585
446 580
455 585
465 585
475 585
485 580
494 575
500 562
500 552
500 542
495 533
490 524
490 514
490 504
485 495
485 485
490 470
490 460
495 450
505 450
515 450
524 455
530 463
534 473
534 483
539 492
539 502
544 511
544 521
544 531
547 549
539 557
539 567
549 570
558 575
567 580
576 575
585 570
594 565
602 555
600 545
600 535
600 525
600 515
600 505
609 510
612 520
610 536
614 546
624 550
634 547
644 542
654 537
655 527
655 517
650 508
650 498
645 489
640 480
637 470
635 460
635 450
635 440
635 430
632 420
630 410
630 400
630 390
635 380
640 365
649 370
649 380
649 390
649 400
652 410
657 419
667 419
662 410
660 400
660 390
660 380
660 370
655 361
655 351
650 342
650 332
645 323
645 313
640 304
634 296
629 287
622 279
617 270
610 262
605 253
598 245
590 239
584 231
574 227
567 219
557 219
548 214
540 207
530 204
521 199
512 194
502 194
492 194
482 194
472 194
464 187
455 182
445 178
438 170
428 169
418 169
408 165
398 164
388 164
378 164
368 164
360 157
350 154
341 149
331 150
321 154
311 154
301 154
292 159
282 159
272 159
262 164
252 169
242 169
235 177
225 176
215 177
205 174
195 174
185 174
176 169
166 170
156 169
146 169
137 174
127 174
117 174
108 179
100 186
92 194
84 202
79 212
