74 259
80 267
89 272
99 275
109 275
119 275
129 275
138 280
148 280
158 280
168 280
177 285
187 285
195 292
205 295
215 297
225 300
235 300
244 305
254 305
263 310
273 310
274 320
274 330
274 340
274 350
274 360
274 370
274 380
274 390
274 400
283 405
293 405
303 405
313 405
323 405
333 405
343 405
353 405
363 405
373 405
383 405
387 415
395 422
399 432
404 441
409 450
412 460
420 467
430 470
440 470
450 470
460 460
460 450
460 440
465 425
465 415
465 405
465 395
465 385
470 370
470 360
470 350
470 340
470 330
475 320
475 310
484 315
494 315
503 320
513 320
522 325
532 329
540 335
549 340
558 345
565 353
573 360
583 360
593 360
600 352
595 343
595 333
590 324
585 315
585 305
585 295
590 284
590 274
585 265
585 255
590 244
590 234
585 225
585 215
585 205
590 195
595 180
594 164
584 164
574 164
566 170
560 179
550 181
542 189
533 194
524 199
515 204
505 204
495 206
485 209
475 210
475 200
470 191
470 181
470 171
470 161
470 151
468 141
465 131
465 121
465 111
465 101
465 91
460 82
460 72
460 62
454 54
444 54
434 54
424 54
414 57
409 72
404 82
399 92
394 102
384 112
379 127
374 137
369 147
364 157
359 167
355 181
350 191
344 199
334 199
324 202
314 204
304 207
294 209
284 212
274 214
264 214
255 219
245 219
236 224
226 224
216 225
206 229
196 230
191 239
181 239
172 244
162 244
152 244
142 244
132 249
122 249
112 249
102 249
92 249
83 254
