59 167
59 157
67 149
77 149
87 149
97 149
107 149
114 157
122 164
129 172
137 179
144 187
152 194
159 202
167 209
174 217
184 221
194 224
204 226
214 229
224 231
234 234
243 239
244 227
244 217
244 207
244 197
244 187
244 177
244 167
249 137
249 127
249 117
249 107
254 97
254 87
254 77
254 67
254 57
254 47
264 32
264 22
272 14
281 19
289 26
299 29
309 29
319 29
329 29
339 29
349 29
359 29
369 26
379 29
387 35
379 45
369 45
359 47
349 45
340 50
330 50
335 59
335 69
343 75
345 85
350 94
355 103
360 112
364 122
369 131
373 141
378 150
382 160
385 170
390 179
395 188
400 197
404 207
409 216
413 226
418 235
428 239
438 239
448 239
458 239
468 239
477 244
487 244
497 244
506 249
516 249
525 254
535 254
544 259
554 259
564 259
573 264
583 264
593 264
603 265
613 269
622 274
631 279
641 279
650 284
660 284
670 284
680 284
690 284
700 284
710 284
720 284
730 284
740 284
750 287
758 294
768 294
778 295
780 305
770 310
761 315
751 315
741 315
732 320
722 320
712 320
702 320
692 320
682 320
672 320
662 320
652 320
642 320
632 324
623 330
613 333
603 335
593 338
583 340
573 340
563 340
553 340
544 345
534 345
524 347
514 350
504 350
495 355
485 355
475 355
465 355
455 360
445 360
435 360
425 360
415 360
410 370
405 380
400 390
395 405
390 415
385 425
380 435
375 445
370 455
365 465
363 478
355 485
350 500
345 510
340 520
335 530
330 540
335 549
345 549
355 549
365 549
375 552
387 559
379 565
369 565
359 565
349 565
339 565
329 565
319 565
309 565
299 565
289 567
279 565
269 565
261 558
256 549
254 539
254 529
254 519
254 509
254 499
249 490
249 480
249 470
249 460
249 450
249 440
247 430
244 420
244 410
244 400
244 390
244 380
244 370
243 360
233 360
224 365
214 367
204 370
195 375
185 375
175 375
168 383
160 390
153 398
145 405
135 410
128 418
120 425
112 434
104 442
94 445
84 445
74 445
64 441
59 432
59 422
67 414
69 402
74 392
79 382
84 372
89 362
94 352
99 342
92 334
84 327
84 317
84 307
94 302
94 290
84 286
79 277
79 267
87 259
97 259
94 242
90 232
85 223
81 213
76 204
74 194
69 185
64 176
