150 165
144 157
154 154
164 151
174 149
183 144
192 139
202 134
212 129
222 124
230 116
240 111
250 106
260 104
269 99
278 94
288 94
297 89
307 84
316 89
325 84
335 84
345 84
355 84
365 84
375 84
384 89
394 89
404 89
413 94
423 95
432 100
442 104
451 109
461 109
469 116
475 124
483 130
490 138
495 147
495 157
499 167
507 174
514 182
522 189
529 197
537 204
546 209
554 216
560 224
569 229
578 234
587 239
596 244
597 255
587 255
577 255
567 255
557 255
547 255
537 255
528 250
518 250
508 250
499 245
489 245
479 245
469 245
460 240
450 240
440 245
445 254
450 263
455 272
460 281
465 290
467 300
470 310
470 320
470 330
470 340
470 350
465 365
465 375
460 385
455 400
450 410
445 420
445 430
440 445
440 460
435 475
435 485
430 500
430 510
425 520
420 535
415 550
407 559
399 567
389 567
379 572
369 575
359 577
349 577
339 575
329 577
320 572
310 570
301 565
292 560
285 552
279 544
277 534
269 510
264 501
259 475
259 465
250 460
243 468
235 475
229 485
220 490
214 482
214 472
214 462
214 452
214 442
219 427
219 417
224 407
224 397
229 382
229 357
229 347
229 337
229 327
229 317
229 307
234 292
239 275
230 280
223 288
215 295
207 304
200 312
190 310
184 302
184 292
189 282
189 272
194 257
199 247
204 227
209 217
214 207
214 193
207 185
197 184
187 180
178 175
169 170
159 170
