19 72
19 62
29 64
38 69
47 64
54 72
64 74
73 79
82 84
91 89
99 96
109 99
118 104
127 109
136 114
146 114
156 114
164 107
172 99
182 94
187 84
189 71
184 47
194 46
204 46
210 54
219 59
228 64
235 72
244 77
254 79
264 79
274 79
284 79
294 77
304 74
309 62
314 52
314 42
322 34
324 22
334 19
344 16
350 24
355 33
360 42
364 52
369 61
375 69
385 69
395 69
405 69
415 72
423 79
432 74
442 74
451 79
461 79
471 79
481 79
491 79
501 79
510 84
520 84
530 84
539 89
549 89
558 94
568 94
577 99
586 104
596 104
605 109
615 112
624 117
630 125
628 143
620 150
615 160
605 160
595 160
585 165
577 174
567 170
558 175
548 175
539 180
529 180
519 180
510 185
500 185
490 185
480 190
470 190
460 190
450 190
443 198
438 208
430 215
425 230
421 245
412 250
403 255
395 248
389 240
381 234
379 224
379 214
374 205
373 195
363 195
353 195
343 195
333 195
323 195
313 195
303 195
293 195
283 195
273 198
265 205
255 215
248 223
240 230
231 235
221 239
214 231
209 222
209 212
205 202
197 195
194 185
192 175
183 170
173 170
163 170
153 170
143 173
135 180
125 185
115 190
107 200
99 207
91 215
81 215
72 220
63 225
54 230
44 230
34 227
34 217
39 207
44 197
49 182
54 172
54 162
54 152
54 133
47 125
44 115
39 106
34 97
27 89
19 82
