37 429
47 430
44 447
54 447
59 437
69 435
64 446
59 456
69 455
75 445
80 435
84 450
93 445
97 455
104 447
112 440
122 439
130 430
139 425
145 415
153 408
160 400
169 395
179 392
189 387
199 385
208 380
218 378
228 375
237 370
246 365
255 360
265 355
270 345
280 345
288 338
295 330
305 325
313 318
320 310
324 320
329 329
329 339
334 348
334 358
339 367
349 370
358 375
368 375
378 373
388 368
398 363
405 355
410 345
420 340
425 330
433 323
427 310
420 302
410 299
404 291
394 287
390 277
380 274
375 265
385 265
393 258
403 253
410 245
420 245
428 238
435 230
445 225
453 218
460 210
460 200
468 193
475 185
484 180
492 174
497 164
505 155
513 148
523 143
529 135
538 130
547 124
557 120
566 115
565 105
575 105
585 99
580 90
590 84
570 80
580 80
588 66
570 60
580 60
580 49
570 48
575 37
565 39
555 39
545 38
540 29
531 34
522 39
512 39
502 44
492 49
482 49
472 54
463 59
455 66
447 74
437 79
429 87
420 94
410 96
403 104
395 111
388 119
380 126
372 134
367 144
357 149
349 157
339 162
331 169
322 174
312 179
302 179
292 175
283 170
273 166
264 161
254 162
254 172
254 182
259 191
259 201
254 217
247 229
239 237
229 242
221 249
212 254
202 254
194 262
184 267
174 272
164 277
156 289
147 294
137 299
128 304
120 311
112 319
103 324
95 331
87 339
79 347
77 359
68 364
60 371
55 381
47 389
39 397
49 400
44 412
