34 482
42 474
47 465
45 455
37 449
47 444
55 436
65 431
72 420
64 414
70 406
78 399
87 394
95 386
105 381
113 374
122 369
132 364
139 352
147 344
157 339
167 334
177 334
186 329
196 325
206 320
216 315
226 310
236 309
245 304
254 299
260 291
267 280
264 270
264 260
262 249
271 244
280 239
290 239
300 242
309 247
319 242
324 232
332 224
337 214
344 202
354 197
359 187
364 172
369 162
374 152
382 144
390 136
398 129
404 117
414 112
422 104
430 96
435 86
443 79
450 71
455 61
463 54
472 49
468 63
460 70
470 74
479 67
484 57
492 49
500 41
508 34
510 44
520 44
530 41
530 51
520 55
520 65
530 66
539 57
549 54
555 62
547 69
539 75
530 80
538 93
530 100
520 110
520 120
510 125
510 135
503 143
498 153
490 160
490 170
488 183
483 193
475 200
475 210
470 220
460 230
453 243
448 253
440 260
432 274
427 284
417 289
412 299
402 304
394 310
385 315
385 325
390 334
395 343
403 350
408 359
417 364
426 369
434 376
440 384
449 389
457 395
467 399
474 407
472 419
467 429
457 434
447 435
442 444
434 452
424 457
414 455
404 452
400 442
394 434
389 425
384 416
379 407
374 398
369 389
364 380
356 373
346 370
336 370
327 365
322 374
317 384
307 389
299 397
289 400
280 405
270 415
260 420
250 425
241 430
232 435
222 439
212 440
202 440
193 445
183 448
173 450
163 453
153 455
144 460
135 465
125 465
116 475
107 480
97 484
89 492
79 495
84 480
75 485
67 494
59 500
54 487
64 477
66 460
57 465
52 474
