64 32
64 42
64 52
72 59
82 60
92 59
102 54
112 50
122 50
132 50
142 50
152 54
162 55
172 59
181 64
191 68
199 75
205 83
213 90
220 98
218 114
209 109
199 107
190 102
180 99
171 94
161 94
152 89
142 89
132 89
122 89
112 89
102 89
92 89
82 94
72 99
64 107
69 116
79 120
88 125
98 125
107 130
117 130
126 135
136 135
146 135
156 135
166 135
176 138
186 140
196 140
205 145
199 157
189 159
179 162
169 164
159 164
149 164
139 164
130 169
120 169
110 169
101 174
91 174
82 179
74 187
74 197
82 204
92 205
102 205
112 205
122 205
132 205
142 205
152 205
161 200
171 200
180 195
190 195
200 195
195 204
184 207
174 212
164 214
154 217
144 219
135 224
125 226
115 229
105 229
96 234
86 234
76 234
67 239
64 256
71 264
81 265
91 268
101 270
111 270
121 270
130 265
140 265
150 265
160 265
169 260
179 257
189 255
197 249
207 244
215 235
223 228
233 223
238 213
245 205
253 198
258 188
264 180
273 175
283 175
293 175
303 175
312 180
322 180
331 185
341 185
351 185
361 188
371 190
381 190
391 190
401 193
411 195
421 195
431 195
440 200
450 200
460 200
469 195
479 195
489 195
498 200
508 200
518 200
528 200
538 200
548 200
558 200
568 200
578 200
587 195
597 195
607 199
615 190
617 175
615 165
615 155
609 147
602 139
593 134
584 129
574 129
564 129
554 129
545 124
535 124
526 129
517 124
507 124
497 124
487 124
477 124
467 124
457 124
447 124
437 124
427 124
417 124
407 124
398 129
389 124
379 126
369 124
359 124
349 124
339 124
329 124
319 124
309 124
299 124
289 127
279 129
269 129
260 124
260 114
260 104
260 94
254 86
249 77
242 69
234 62
227 54
218 49
208 45
200 39
190 39
181 34
171 34
162 29
152 29
142 29
133 24
123 24
113 24
104 29
94 29
84 29
74 29
