14 132
19 112
29 109
39 109
48 114
58 114
67 119
77 119
86 124
96 124
106 124
116 124
126 124
136 125
146 129
154 118
148 110
138 110
128 110
119 105
109 105
99 105
89 105
79 105
70 100
60 100
50 97
40 95
30 95
24 87
24 77
32 69
42 69
52 69
61 74
71 74
81 74
91 74
100 79
110 79
119 84
129 84
139 81
149 84
153 70
144 65
134 65
124 65
114 65
105 60
95 60
85 57
75 57
65 55
55 55
45 52
35 50
29 42
34 32
39 22
47 14
57 14
66 19
76 19
86 19
96 19
106 19
116 20
126 24
135 19
145 19
155 22
164 27
172 34
175 44
183 50
185 60
185 70
195 74
205 74
215 71
225 69
234 74
244 76
254 79
263 84
273 85
282 90
292 94
302 94
311 99
320 104
330 104
339 109
349 109
359 109
369 111
379 114
388 119
398 119
408 119
418 120
428 120
438 120
448 120
458 124
468 124
478 124
488 124
498 124
507 129
517 129
527 129
536 134
544 141
553 146
555 156
555 166
550 175
548 188
538 190
528 193
518 195
508 195
499 190
489 190
479 190
470 185
460 185
450 182
440 180
430 180
421 175
411 175
402 170
392 169
382 165
372 164
362 160
352 160
343 155
333 155
324 150
314 150
304 150
295 145
285 145
276 140
266 140
257 135
247 135
238 130
228 130
218 130
209 125
199 125
190 120
180 120
180 130
180 140
178 158
173 168
163 173
155 180
145 190
136 195
127 190
117 194
107 195
98 190
89 185
80 180
70 180
61 175
51 175
41 175
31 174
22 169
19 152
29 151
39 154
49 156
59 156
69 159
79 159
89 159
98 164
108 164
118 164
128 164
138 164
142 150
132 150
122 149
112 149
102 149
92 149
82 145
72 145
62 145
53 140
44 135
34 135
24 135
