19 22
19 32
27 39
34 47
44 45
53 50
63 50
73 50
83 50
92 55
102 55
112 55
122 59
132 55
142 55
151 60
161 63
171 63
181 63
190 68
199 73
194 97
191 114
181 114
172 109
162 109
152 109
143 104
133 104
124 99
115 94
105 94
95 92
85 94
76 89
66 89
56 89
47 84
37 89
29 97
29 107
39 110
49 110
59 110
69 110
78 115
88 115
98 115
108 115
117 120
127 120
136 125
146 125
155 130
165 130
174 135
183 140
179 152
179 162
169 169
159 169
149 169
139 169
130 164
120 164
110 162
100 159
90 157
80 154
71 149
61 149
52 144
42 144
32 144
24 152
29 161
39 165
49 165
58 170
68 170
77 175
87 179
97 180
107 184
117 185
127 185
137 189
147 190
157 190
167 190
169 200
161 214
151 215
141 214
131 215
121 214
111 214
101 210
91 214
81 210
71 214
61 214
51 215
41 214
31 214
22 219
22 234
30 240
40 240
50 240
60 240
70 235
80 235
90 235
100 235
110 235
120 237
130 240
140 240
150 240
160 240
170 242
180 242
187 234
190 215
190 205
195 190
195 180
195 170
205 170
215 172
224 177
234 180
244 180
254 180
264 180
273 185
283 185
292 190
302 190
312 194
322 195
332 195
341 200
350 205
360 207
370 207
380 210
389 215
399 215
408 220
417 225
427 225
436 230
446 233
456 235
466 235
476 235
486 235
496 238
506 240
516 240
526 240
535 235
545 230
550 220
558 213
552 205
545 197
535 194
529 186
519 184
510 179
500 177
490 179
481 174
472 169
462 169
452 169
443 174
434 169
424 169
414 169
404 169
394 169
384 169
374 169
364 166
354 169
345 164
335 164
326 159
316 159
307 154
297 154
288 149
278 149
269 144
259 144
250 139
240 137
230 134
220 132
210 130
210 120
215 110
215 100
220 85
225 70
223 55
215 49
205 49
195 47
185 44
175 44
166 39
156 39
146 39
136 39
126 35
116 34
106 34
96 34
86 34
77 29
67 29
57 29
48 24
39 19
29 17
