19 296
24 282
34 277
44 272
54 272
64 269
73 264
82 259
92 254
102 254
112 249
122 244
132 244
141 239
151 235
161 234
170 229
185 229
190 220
180 220
171 215
162 210
153 205
144 210
135 205
125 205
115 202
105 200
97 194
87 190
78 185
68 188
60 195
50 200
44 210
34 206
29 197
37 189
47 184
55 176
63 169
70 161
80 162
89 167
99 171
105 179
115 182
125 184
135 187
145 187
155 187
165 187
174 192
182 199
196 199
191 190
182 185
168 175
159 170
149 170
141 163
131 159
122 154
114 147
107 139
97 135
93 125
85 118
79 110
79 100
74 91
69 82
77 74
86 79
90 89
95 98
100 107
107 115
115 122
124 127
132 134
139 142
149 146
158 151
168 155
177 160
187 164
196 169
205 174
214 162
219 150
217 140
208 135
199 130
191 124
182 119
172 115
163 110
155 103
148 95
139 90
129 86
124 77
115 72
107 65
100 57
92 50
83 45
74 40
65 35
59 27
67 19
77 19
86 24
95 29
103 35
110 43
118 50
125 58
133 64
140 72
150 74
155 83
165 87
174 92
182 99
192 99
199 107
209 111
215 119
224 124
234 124
242 130
240 140
235 155
235 165
245 169
255 169
265 169
275 169
283 175
292 180
302 184
311 189
320 194
329 199
338 204
347 209
356 214
365 219
375 222
385 224
395 227
404 232
414 231
423 236
433 239
443 240
452 245
462 249
472 249
481 254
491 254
501 254
510 259
520 259
530 259
539 264
549 266
555 274
555 285
552 299
542 300
532 300
523 295
513 295
504 290
494 290
485 285
475 282
465 280
455 280
446 275
436 275
427 270
417 269
407 265
397 265
387 264
377 260
368 255
359 250
349 250
339 247
330 242
320 242
312 235
302 234
292 230
282 230
273 225
264 220
254 220
245 215
235 212
225 210
215 215
210 230
207 249
197 250
187 250
177 254
167 250
158 255
148 258
138 260
129 265
120 270
110 270
100 270
92 279
82 280
73 285
64 290
54 290
45 295
36 300
26 304
