24 37
24 27
34 24
44 24
54 24
64 24
74 24
84 24
94 24
104 24
114 24
124 24
134 24
144 24
154 24
164 24
174 24
184 24
193 29
202 34
211 39
219 46
228 51
235 59
245 62
254 67
262 74
271 79
281 79
291 79
301 79
310 74
319 67
324 57
332 49
341 44
349 37
359 32
369 29
379 27
389 24
399 26
405 34
410 43
410 53
410 63
410 73
410 83
410 93
410 103
405 120
398 128
393 138
385 145
378 153
370 160
363 168
355 175
345 175
336 180
327 185
318 190
308 193
298 198
290 205
280 210
280 220
280 230
280 240
280 250
280 260
280 270
280 280
280 290
280 300
280 310
280 320
280 330
280 340
280 350
280 360
280 370
280 380
280 390
280 400
280 410
285 419
294 424
304 424
313 429
322 434
331 439
341 439
350 444
359 449
368 454
378 455
387 460
397 464
406 469
415 474
425 477
415 485
405 485
395 485
385 485
375 485
365 485
355 485
345 485
335 485
325 485
315 485
305 485
295 485
285 485
275 485
265 485
255 485
245 485
235 485
225 485
215 485
205 485
195 485
185 485
175 485
165 485
155 485
145 485
135 485
125 485
115 485
105 485
95 485
85 485
75 485
65 485
55 485
49 477
59 474
68 469
78 469
87 464
96 459
105 454
115 451
125 446
135 444
144 439
154 439
164 437
174 432
184 429
193 424
202 419
209 410
209 400
209 390
204 381
204 371
204 361
204 351
204 341
204 331
204 321
204 311
204 301
199 292
199 282
199 272
199 262
199 252
199 242
199 232
199 222
195 212
185 210
176 205
166 205
156 204
147 199
137 195
128 190
118 190
108 190
99 185
90 180
82 174
72 170
65 162
57 155
48 150
40 143
34 135
29 126
29 116
29 106
24 97
24 87
24 77
24 67
24 57
24 47
