24 37
24 27
34 24
44 24
54 24
64 24
74 24
84 24
94 24
104 24
114 24
124 24
134 24
144 24
154 24
164 24
174 24
184 24
194 24
204 24
214 24
224 24
234 24
244 24
254 24
264 24
274 24
284 24
294 24
304 24
314 24
324 24
334 24
344 24
354 24
364 24
374 24
384 24
394 24
404 26
405 36
405 46
410 55
410 65
410 75
410 85
410 95
405 110
400 120
395 130
385 140
378 153
370 160
363 168
355 175
345 175
336 180
327 185
318 190
308 193
298 198
290 205
280 210
280 220
280 230
280 240
280 250
280 260
280 270
280 280
280 290
280 300
285 309
290 318
290 328
295 337
300 346
303 356
308 365
310 375
315 384
320 393
325 402
332 410
340 417
348 424
357 429
366 434
375 439
383 445
390 453
400 457
407 465
417 469
420 485
410 485
400 485
390 485
380 485
370 485
360 485
350 485
340 485
330 485
320 485
310 485
300 485
290 485
280 485
270 485
260 485
250 485
240 485
230 485
220 485
210 485
200 485
190 485
180 485
170 485
160 485
150 485
140 485
130 485
120 485
110 485
100 485
90 485
80 485
70 485
60 485
54 477
64 472
74 469
83 464
93 464
103 464
112 459
122 454
132 449
142 449
152 449
161 444
171 440
181 435
191 434
201 434
211 430
221 425
231 420
241 419
249 405
249 395
244 386
239 377
235 367
230 358
226 348
221 339
219 329
214 320
209 311
204 302
204 292
199 283
199 273
199 263
199 253
199 243
199 233
199 223
196 213
186 210
176 209
167 204
157 200
148 195
138 195
128 195
119 190
109 187
100 182
90 180
81 175
72 170
65 162
57 155
48 150
40 143
34 135
29 126
29 116
29 106
24 97
24 87
24 77
24 67
24 57
24 47
