14 222
19 202
29 201
29 181
29 161
29 142
29 132
29 122
34 107
42 99
47 89
54 72
64 62
72 54
80 46
90 41
98 34
107 29
117 29
125 21
135 19
145 17
140 30
135 40
135 50
130 65
130 75
125 90
125 105
125 115
125 125
135 129
145 129
155 129
165 129
175 129
185 129
195 129
205 129
215 129
225 129
235 129
245 129
255 129
265 129
275 129
285 129
295 129
305 129
315 129
325 129
335 129
345 129
355 129
365 129
375 129
385 129
395 129
405 129
415 129
425 129
435 129
445 129
455 129
465 129
475 129
485 129
495 129
505 129
515 129
525 129
535 129
545 129
555 132
555 142
555 155
555 170
555 180
554 190
544 190
534 190
524 190
514 190
504 190
494 190
484 190
474 190
464 190
454 190
444 190
434 190
424 190
414 190
404 190
394 190
384 190
374 190
364 190
354 190
344 190
334 190
324 190
314 190
304 190
294 190
284 190
274 190
264 190
254 190
244 190
234 190
224 190
214 190
204 190
194 190
184 190
174 190
164 190
154 190
144 190
134 190
125 195
130 204
135 215
135 225
135 235
135 250
134 265
124 265
114 265
104 265
94 265
84 265
74 265
64 265
54 265
44 265
34 265
24 265
