29 132
29 151
39 155
48 160
58 158
65 145
75 140
85 135
94 130
103 125
113 123
123 125
129 133
130 143
134 153
139 162
139 172
139 182
144 191
149 200
155 208
159 218
164 227
164 237
164 247
164 257
164 267
164 277
169 286
174 295
174 305
179 314
185 322
189 332
194 341
199 350
202 360
204 370
204 380
204 390
204 400
209 409
209 419
209 429
214 438
214 448
214 458
214 468
214 478
214 488
209 497
204 512
204 522
209 531
219 532
227 524
232 514
235 500
235 490
232 480
230 470
230 460
230 450
230 440
235 425
235 415
235 405
235 395
235 385
244 390
244 400
249 409
251 419
254 429
254 439
259 448
259 458
259 468
259 478
254 492
249 502
249 521
259 522
269 517
270 505
275 490
280 480
277 470
275 460
275 450
272 440
270 430
270 420
275 408
275 398
275 388
270 379
270 369
270 359
265 350
265 340
265 330
270 320
280 315
290 315
300 315
310 315
320 315
330 315
340 315
350 317
360 320
370 320
380 315
390 315
400 315
410 310
420 305
430 305
439 300
449 297
459 295
468 300
472 310
480 317
484 327
489 336
489 346
489 356
494 365
499 374
501 384
504 394
504 404
504 414
504 424
499 437
494 452
489 467
482 484
474 492
469 502
469 512
475 520
485 520
490 510
498 503
503 493
510 485
510 475
510 465
515 450
520 435
520 425
528 418
533 408
538 398
548 395
555 403
563 410
567 420
569 430
569 440
569 450
569 460
569 470
569 480
567 499
559 507
559 526
569 527
579 522
585 510
585 500
593 493
595 479
595 469
590 460
590 450
590 440
590 430
590 420
590 410
590 400
592 385
588 375
580 368
573 360
565 354
562 344
557 335
555 325
560 310
565 300
570 285
575 270
580 254
580 244
580 234
580 224
575 215
575 205
585 207
592 215
600 222
607 230
612 239
619 247
627 254
636 259
646 255
650 240
650 230
650 220
650 210
650 200
650 190
655 177
650 168
650 158
643 150
635 144
625 144
615 146
605 151
597 159
588 164
580 171
570 174
561 179
551 179
542 174
532 170
523 165
513 164
504 159
494 159
484 159
475 154
465 154
455 154
446 159
437 164
427 164
418 169
408 169
398 169
389 174
379 174
369 174
359 174
349 171
339 169
330 164
320 162
312 155
303 150
293 146
284 141
274 139
265 134
255 134
246 129
237 124
228 119
220 113
213 105
205 98
198 90
190 84
184 76
176 69
167 64
158 59
148 56
139 51
129 49
120 44
110 42
100 39
93 31
84 26
74 27
69 36
62 54
54 62
54 72
49 87
44 102
42 114
34 122
