49 357
49 347
59 344
69 344
79 344
89 344
98 339
108 339
117 334
127 334
137 329
146 324
155 319
165 319
175 319
184 314
194 312
204 309
213 304
223 304
232 299
237 289
244 272
249 262
257 254
265 246
273 239
282 234
289 217
294 202
299 187
304 177
312 169
317 159
319 141
319 131
319 121
314 112
307 104
299 97
294 88
288 80
279 75
271 69
264 61
264 42
269 32
277 24
287 24
296 29
305 34
315 37
323 44
332 49
341 54
350 59
360 62
369 67
379 69
387 75
390 85
390 95
390 105
395 114
395 124
400 133
405 142
405 152
405 162
412 170
415 180
415 190
415 200
415 210
410 220
412 230
415 240
415 250
415 260
415 270
420 279
425 288
430 297
434 307
442 314
449 322
457 329
464 337
472 344
481 349
490 354
500 357
507 365
515 372
523 379
532 384
539 392
547 399
550 409
555 418
563 424
572 429
581 434
590 439
600 442
609 447
617 454
624 462
632 469
639 477
647 484
650 494
655 503
650 515
644 525
635 530
627 524
617 520
608 515
599 510
594 501
589 492
582 484
577 475
574 465
565 460
558 473
550 480
545 490
540 500
533 508
528 518
520 525
522 535
530 542
535 551
535 561
541 569
540 585
538 598
533 608
525 615
520 625
515 640
515 650
515 660
520 669
520 679
519 692
511 700
502 695
499 685
494 676
489 667
489 657
489 647
494 637
499 622
504 608
504 598
504 588
497 580
488 585
479 590
470 595
465 605
465 615
460 625
451 634
444 626
439 617
439 607
439 597
444 587
454 582
464 577
469 565
469 555
464 546
456 540
447 535
444 525
439 516
439 506
439 496
434 487
430 477
422 470
413 465
404 460
395 455
386 450
377 445
368 440
359 435
349 432
342 424
334 417
327 409
322 400
313 395
304 390
295 385
288 393
280 400
275 410
270 420
268 433
260 440
253 453
245 460
240 470
235 485
234 497
226 505
217 510
207 514
197 515
187 514
179 507
179 497
187 489
197 489
207 489
216 484
219 472
224 457
229 442
234 432
239 417
244 402
249 387
254 372
259 361
259 351
251 345
241 345
232 340
222 340
213 345
203 345
193 345
184 350
174 350
164 350
154 350
144 352
134 355
124 355
114 357
104 362
94 365
84 365
74 367
64 370
55 365
