22 184
22 199
29 207
37 214
44 222
52 229
59 237
67 244
74 252
82 259
89 267
97 274
104 282
112 289
121 294
126 303
134 310
140 318
149 323
154 332
162 339
169 347
177 354
185 360
194 365
203 370
212 375
222 375
232 374
242 369
250 360
260 355
265 345
275 340
283 333
290 325
299 320
305 310
313 303
320 290
328 283
330 270
335 255
345 250
354 245
363 240
373 238
383 233
390 225
398 218
408 215
418 215
428 215
438 215
448 215
458 215
468 215
478 215
488 215
498 215
508 215
518 215
528 215
538 215
548 215
558 215
568 215
578 215
588 215
598 215
608 215
618 215
628 214
626 204
617 199
607 199
597 199
587 199
578 194
568 194
558 194
548 194
539 199
530 194
520 194
510 194
501 189
491 189
481 189
471 189
461 189
451 189
442 184
432 184
422 184
412 184
402 184
393 179
385 172
384 162
377 154
367 154
357 150
348 145
343 136
339 126
334 117
330 107
325 98
318 90
310 84
304 76
299 67
292 59
284 52
277 44
269 37
262 29
253 24
244 19
235 14
225 14
215 16
205 21
197 29
188 34
180 41
170 46
162 54
158 64
150 71
143 79
135 86
127 94
118 99
110 106
103 114
95 121
85 126
75 131
68 139
60 146
53 154
45 161
37 169
27 174
