159 127
154 137
159 146
164 155
164 165
173 170
180 178
188 185
195 193
203 200
201 210
191 214
182 219
174 227
177 244
184 252
194 255
200 263
210 267
217 275
225 282
232 290
237 304
229 312
227 324
219 332
214 342
209 357
204 367
204 377
199 387
199 397
199 407
199 422
192 434
184 442
184 452
189 461
196 469
204 475
213 480
220 488
225 497
232 505
237 514
241 524
246 533
250 543
258 550
262 560
267 569
274 577
282 584
290 590
299 595
309 595
318 600
328 600
338 600
348 600
358 600
367 595
377 594
387 589
397 584
407 579
415 570
420 560
425 550
430 540
438 533
440 520
448 513
453 503
455 490
460 480
468 473
470 460
475 445
480 435
485 425
485 415
490 400
490 385
490 375
490 365
490 352
485 343
485 333
480 324
475 315
469 307
465 297
457 290
455 280
465 270
473 263
483 260
493 260
502 255
512 255
522 255
531 250
541 250
551 248
561 245
569 237
579 232
584 222
588 210
583 201
579 191
569 187
564 197
557 209
547 209
538 214
528 214
519 209
509 209
500 204
490 204
485 195
483 185
475 178
468 170
460 164
454 156
444 152
435 147
425 144
416 139
406 139
397 134
387 134
377 134
367 134
358 129
349 134
339 132
329 134
319 134
309 136
299 139
290 144
280 146
270 151
260 154
251 159
241 159
232 154
222 154
212 154
203 149
195 142
185 138
180 129
174 121
164 117
