164 156
167 139
176 144
185 149
195 149
204 154
214 156
224 159
234 159
244 161
254 159
263 154
272 149
282 149
291 144
300 139
310 139
319 134
329 134
339 131
349 132
359 134
368 129
377 134
387 134
397 134
406 139
415 144
425 144
434 149
444 151
453 156
460 164
468 170
475 178
483 185
485 195
490 204
499 209
508 214
518 214
528 215
538 219
547 214
556 219
565 214
575 214
567 229
562 239
552 239
542 244
532 249
522 250
512 254
502 255
493 260
483 260
474 265
465 270
455 280
460 289
465 298
470 307
475 316
480 325
485 334
490 343
490 353
495 362
490 375
490 385
490 395
490 405
485 415
485 425
480 435
475 450
470 460
465 470
460 480
458 493
450 500
448 513
440 520
438 533
430 540
425 550
420 560
412 574
402 579
393 585
384 590
375 595
365 595
356 600
346 600
336 600
326 600
316 600
307 595
297 595
288 590
280 583
274 575
266 569
262 559
257 550
250 542
245 533
241 523
236 514
231 505
222 500
213 495
204 490
195 485
187 479
179 472
172 464
172 449
180 441
185 431
195 429
201 420
199 402
199 392
204 377
204 367
209 357
214 347
219 332
227 324
232 314
230 300
221 295
211 294
202 289
194 282
187 274
187 259
197 259
204 251
204 231
204 207
200 193
193 185
185 178
179 170
171 164
