79 137
82 154
89 162
97 169
104 177
112 184
119 192
127 199
134 207
139 216
144 225
144 235
147 245
149 255
149 265
149 275
149 285
149 295
149 305
144 317
139 332
134 347
129 357
127 369
122 379
117 389
112 399
104 407
99 417
94 432
94 442
94 452
99 461
104 470
107 480
112 489
120 495
130 495
140 495
149 500
158 505
164 513
169 522
177 529
181 539
186 548
190 558
198 565
207 570
216 575
225 580
235 580
244 585
254 585
264 585
273 590
282 595
292 599
301 604
311 608
321 610
330 615
339 620
349 620
358 625
368 625
378 625
388 625
398 625
407 620
417 620
427 619
437 615
446 610
455 605
465 605
474 600
483 595
492 590
501 585
510 580
519 575
528 570
537 564
537 545
529 539
520 534
510 534
505 525
505 515
510 505
515 495
520 480
525 470
535 465
545 465
555 465
560 450
565 435
565 425
570 412
565 403
565 393
560 384
557 374
549 367
545 357
537 350
530 342
522 335
518 325
510 318
505 309
500 300
500 290
510 285
520 280
529 275
537 269
545 260
553 253
560 245
568 238
570 226
565 217
565 207
557 200
550 192
542 185
540 175
540 165
545 155
553 148
555 134
555 124
555 114
549 106
539 104
529 104
519 104
510 109
501 114
491 114
481 114
471 114
462 109
453 104
445 97
437 90
428 85
420 78
413 70
405 64
399 56
389 52
382 44
373 39
364 34
355 29
345 29
335 29
326 24
316 24
306 24
296 24
286 24
276 24
266 24
256 24
246 24
237 29
227 29
217 34
208 39
200 46
190 51
180 56
170 61
162 69
153 74
145 81
138 89
130 96
122 104
114 112
105 119
96 124
87 129
