84 151
79 142
87 134
95 126
103 119
113 119
120 111
128 104
135 96
143 89
150 81
160 76
168 69
177 64
185 56
195 51
205 46
215 41
225 36
235 31
245 26
255 26
265 24
275 24
285 24
295 24
305 27
315 24
324 29
334 29
344 29
353 34
362 39
371 44
380 49
390 52
398 59
405 67
414 72
422 79
429 87
437 94
446 99
454 106
463 111
465 125
463 138
455 145
450 155
450 165
452 175
462 179
471 184
481 184
491 184
501 184
511 184
521 180
531 184
540 189
545 198
553 205
555 215
555 225
550 240
548 253
543 263
535 270
530 280
525 290
518 298
510 305
503 313
495 320
488 328
478 333
470 340
460 345
450 350
452 360
457 369
464 377
474 381
484 384
494 384
503 389
513 389
523 389
533 390
543 394
552 399
560 405
565 414
565 424
560 440
552 454
543 460
533 460
524 455
514 457
505 452
495 450
486 445
477 440
467 440
458 435
448 435
438 435
428 435
418 435
409 440
400 445
393 453
388 463
380 470
375 480
380 489
389 494
399 496
409 496
418 501
428 500
438 504
447 509
456 514
466 514
475 519
485 522
495 524
504 529
513 534
522 539
530 545
532 559
523 565
514 570
505 575
496 580
487 585
478 590
469 595
460 600
450 600
441 605
432 610
422 614
412 615
402 619
392 619
382 620
372 620
362 619
352 619
342 615
333 610
324 605
314 605
305 600
296 595
286 594
277 589
267 585
258 580
249 575
239 575
229 575
220 570
210 568
203 560
195 553
189 545
184 536
179 527
174 518
169 509
164 500
155 495
146 490
136 490
127 495
119 488
112 480
109 470
104 461
104 451
99 442
99 432
104 417
109 407
114 397
119 387
124 377
129 367
137 359
139 347
144 337
149 327
149 317
154 302
154 292
159 281
156 259
154 249
152 239
147 230
144 220
139 211
134 202
127 194
119 187
112 179
102 175
98 165
89 160
