154 437
157 454
161 464
171 465
180 470
190 472
200 475
210 475
220 475
229 470
230 460
235 445
235 435
235 425
235 415
235 405
240 395
240 385
245 370
253 363
258 353
263 343
268 333
275 325
280 315
288 308
298 303
308 298
318 295
328 295
337 300
345 307
352 315
354 325
354 335
354 345
360 353
368 360
375 368
385 370
395 370
405 370
415 370
425 365
434 370
444 372
454 375
463 370
470 378
480 377
487 385
497 384
505 390
514 395
524 395
530 403
540 405
549 410
557 404
560 389
560 379
560 369
560 359
553 351
550 341
549 331
541 324
532 319
522 319
512 319
502 324
492 329
483 334
474 339
465 344
455 346
445 349
435 346
425 349
415 349
405 351
395 354
390 345
390 335
390 325
390 315
390 305
390 295
390 285
390 275
390 265
395 250
400 234
395 225
390 216
390 206
388 196
385 186
383 176
379 166
369 162
365 152
360 143
353 135
343 131
335 125
329 117
320 112
310 112
303 104
294 99
285 94
275 91
265 94
255 92
250 83
245 74
239 66
229 62
220 57
210 54
201 49
192 54
184 62
179 72
179 82
184 91
189 100
195 108
200 117
212 149
216 159
221 168
230 173
238 180
247 185
255 192
262 200
271 205
279 211
279 221
284 230
284 240
280 256
270 261
262 269
254 277
249 287
244 307
237 319
232 329
222 349
218 359
210 366
205 376
197 384
192 394
184 402
177 414
169 422
159 427
