59 197
59 187
64 172
74 167
74 157
82 149
90 141
98 134
105 126
113 119
123 119
127 109
137 104
147 104
152 94
162 94
172 89
182 89
190 81
200 79
210 79
219 74
229 74
239 74
249 67
259 64
269 64
279 64
289 64
299 64
309 64
319 64
329 64
339 64
349 64
359 64
369 64
379 64
389 64
399 64
409 66
415 74
425 74
435 74
445 77
455 79
465 79
470 88
480 89
490 92
500 94
510 97
518 104
527 109
535 115
545 119
553 125
558 134
567 139
570 149
580 152
585 161
588 171
590 181
599 186
600 196
600 206
600 216
600 226
600 236
600 246
590 255
585 270
580 285
574 295
565 300
559 310
550 315
542 325
532 329
522 334
512 335
507 344
497 345
487 349
477 350
469 357
459 360
449 360
440 365
430 365
420 365
410 365
405 375
395 375
385 375
375 375
365 375
355 375
346 380
336 380
326 380
316 380
307 375
297 375
287 375
277 375
267 375
257 375
254 365
244 365
234 365
228 373
218 375
209 380
199 380
189 380
179 380
169 380
159 380
149 380
139 380
129 380
124 362
134 357
134 347
137 330
127 329
117 325
109 318
102 310
94 303
87 295
79 289
74 280
64 276
64 266
59 257
59 247
59 237
59 227
59 217
59 207
