114 127
114 117
124 114
134 114
144 114
154 114
164 114
174 114
184 114
194 114
204 114
214 114
224 114
233 109
243 109
253 109
263 109
273 109
283 109
293 109
303 109
313 109
323 109
333 109
343 109
353 109
363 109
373 109
383 109
393 109
403 109
413 109
423 109
433 109
443 109
447 99
457 99
467 99
477 99
487 99
497 99
507 99
517 99
527 99
537 99
547 99
557 99
567 99
577 99
587 99
595 105
595 115
595 125
595 135
595 145
595 155
595 165
595 175
595 185
595 195
595 205
595 215
595 225
603 231
605 241
605 251
605 261
605 271
605 281
605 291
605 301
605 311
605 321
605 331
605 341
605 351
605 361
605 371
605 381
595 390
585 390
575 390
565 390
555 390
545 390
535 390
525 390
515 390
505 390
495 390
491 400
481 400
471 400
461 400
451 400
441 400
431 400
421 400
411 400
401 400
391 400
381 400
371 400
361 400
351 400
341 400
331 400
321 400
312 405
302 405
297 414
287 419
277 420
269 427
259 430
249 430
240 435
230 435
220 445
210 445
200 450
190 450
189 462
179 465
169 465
159 465
159 452
167 444
175 436
179 422
189 417
193 405
183 405
173 405
163 405
153 405
143 405
133 405
124 400
124 390
124 380
124 370
124 360
124 350
124 340
124 330
124 320
124 310
124 300
124 290
114 287
114 277
114 267
114 257
114 247
114 237
114 227
114 217
114 207
114 197
114 187
114 177
114 167
114 157
114 147
114 137
