14 242
19 212
24 202
32 194
42 194
52 194
62 194
72 189
74 172
82 164
90 156
100 151
108 145
117 139
124 127
129 117
134 107
139 97
144 87
154 82
164 72
172 64
182 59
191 54
200 49
209 44
219 42
229 39
238 34
248 34
257 29
267 29
276 24
286 20
296 19
306 15
316 15
326 19
336 19
345 24
355 24
365 24
375 24
385 24
394 29
404 29
414 29
424 29
434 29
442 35
452 39
461 44
465 54
475 57
484 62
494 64
503 69
512 74
519 82
527 89
537 84
546 89
550 99
545 110
539 125
533 133
525 140
528 153
520 160
515 170
525 171
535 174
545 177
549 187
555 195
555 205
557 215
553 228
545 235
539 250
530 245
529 257
519 262
509 260
499 260
494 251
489 242
489 232
489 220
480 215
470 215
460 215
450 220
443 228
433 233
423 238
415 245
405 250
395 255
388 263
378 268
370 275
361 280
351 280
342 285
332 289
322 294
312 295
303 300
294 305
284 305
274 305
265 310
255 310
245 310
250 319
255 328
255 338
250 350
242 359
234 365
225 370
220 385
210 387
200 388
194 380
189 371
194 337
195 327
189 319
184 310
182 300
173 295
164 290
154 290
146 284
137 279
127 275
118 270
108 270
99 275
89 275
79 275
69 277
59 277
49 280
39 280
29 280
19 276
