19 57
19 47
24 37
29 27
39 27
47 19
57 19
67 19
77 19
86 24
96 24
105 29
115 32
122 40
130 47
139 52
147 59
150 69
160 72
167 80
177 84
187 84
197 84
205 76
210 66
218 59
227 54
237 54
246 59
256 59
266 59
276 55
286 55
296 54
306 50
316 54
325 59
335 62
343 69
352 74
361 79
370 84
378 90
387 95
392 104
401 109
405 119
415 122
419 132
427 139
434 147
442 154
450 160
458 166
465 174
473 180
480 188
488 195
493 204
500 212
508 219
515 227
522 235
527 244
535 250
537 260
545 267
545 277
550 286
550 296
555 305
555 315
555 325
555 335
555 345
550 355
545 370
545 380
538 388
533 398
525 405
520 415
515 430
510 440
510 450
505 460
505 470
503 483
498 493
490 500
482 509
473 515
464 520
455 525
460 534
457 544
450 552
444 544
439 535
430 530
429 542
419 547
412 555
403 550
393 550
384 545
374 542
367 534
357 530
354 520
344 517
344 507
352 489
361 484
359 465
354 456
349 447
345 437
337 430
333 420
325 413
316 408
311 399
307 389
302 380
294 373
287 365
284 355
276 349
269 341
264 332
257 324
252 315
244 309
239 300
230 295
220 300
210 305
200 303
191 298
186 289
177 284
172 275
169 265
159 262
159 252
169 249
179 246
184 237
175 232
170 223
166 213
160 205
150 210
144 220
135 225
128 233
120 240
111 245
101 245
92 250
83 245
75 238
66 233
60 225
52 219
44 212
44 202
44 192
52 184
62 184
72 184
80 176
90 171
98 164
107 159
116 154
124 147
131 135
121 133
115 125
107 119
97 115
88 110
79 105
69 102
62 94
54 87
45 82
35 83
29 75
24 66
