74 84
74 94
74 120
74 130
75 140
76 150
78 160
78 170
76 182
76 192
74 210
74 220
74 230
74 240
74 250
77 260
80 270
82 280
88 288
94 296
101 304
109 310
117 317
122 326
124 336
126 346
128 356
130 366
134 376
138 386
142 396
144 406
139 417
131 423
126 432
131 441
141 445
151 447
161 447
171 447
181 449
191 447
201 447
211 447
221 445
231 443
240 437
235 422
227 415
222 406
216 398
215 388
215 378
219 364
223 354
227 344
232 335
237 326
243 318
249 308
255 300
260 291
265 278
267 268
273 258
283 252
275 246
265 246
255 246
245 243
245 233
245 223
245 213
245 203
244 193
248 183
251 172
255 156
257 146
259 132
259 122
259 106
259 96
257 86
255 76
253 66
248 57
243 48
235 41
227 35
218 30
208 28
200 34
190 38
180 38
170 38
160 38
150 38
140 38
130 36
124 28
114 30
104 34
96 40
88 48
82 58
78 68
