914 537
914 547
914 557
914 567
914 577
914 587
914 597
914 607
914 617
914 627
914 637
914 647
919 517
919 527
919 656
919 666
919 676
924 502
924 685
924 695
929 217
929 227
929 237
929 247
929 257
929 267
929 492
929 704
929 714
934 276
934 286
934 296
934 306
934 316
934 472
934 482
934 723
934 733
937 209
939 325
939 335
939 345
939 355
939 365
939 375
939 385
939 395
939 405
939 415
939 425
939 435
939 445
939 455
939 742
939 752
944 761
944 771
944 781
944 791
946 204
949 800
949 810
949 820
952 830
954 840
954 850
954 860
954 870
954 880
954 890
956 204
959 899
959 909
959 919
959 929
964 938
964 948
964 958
964 968
966 204
969 977
969 987
969 997
969 1007
974 1016
976 204
979 1025
982 1035
986 204
990 1042
996 204
1000 1045
1006 204
1010 1045
1016 200
1020 1045
1026 204
1030 1045
1035 209
1035 219
1035 229
1035 239
1035 249
1035 259
1035 269
1035 279
1035 289
1035 299
1035 309
1035 319
1040 328
1040 338
1040 1045
1045 347
1050 356
1050 1045
1053 366
1055 376
1060 385
1060 395
1060 1045
1065 404
1065 414
1069 1040
1070 423
1070 433
1075 442
1079 452
1079 1040
1080 462
1084 472
1085 482
1089 1040
1090 491
1093 501
1098 510
1099 1040
1102 520
1105 530
1109 1037
1110 539
1110 549
1115 558
1119 1035
1120 567
1120 577
1124 587
1125 597
1125 607
1129 617
1129 1032
1130 627
1130 637
1130 647
1130 657
1130 667
1130 677
1135 686
1135 696
1135 706
1138 716
1139 1030
1140 726
1140 736
1140 746
1140 756
1143 766
1145 776
1145 786
1145 796
1145 806
1145 816
1145 826
1148 836
1149 1027
1150 846
1150 856
1150 866
1150 876
1150 886
1150 896
1153 906
1155 916
1155 926
1155 936
1155 946
1155 956
1157 1019
1158 966
1160 976
1160 986
1160 996
1160 1006
