559 1032
559 1042
559 1052
564 912
564 922
564 932
564 942
564 952
564 962
564 972
564 982
564 992
564 1002
564 1012
564 1022
564 1061
569 882
569 892
569 902
574 867
574 1065
579 837
579 847
579 857
583 1070
584 802
584 812
584 822
589 717
589 727
589 737
589 747
589 757
589 767
589 777
589 787
593 1070
594 687
594 697
594 707
599 662
599 672
603 1070
604 647
609 632
613 1070
614 622
622 614
623 1070
630 606
633 1070
635 596
640 586
642 1065
644 572
649 557
652 1065
654 542
659 507
659 517
659 527
662 1065
664 432
664 442
664 452
664 462
664 472
664 482
664 492
669 407
669 417
672 1064
674 392
679 362
679 372
679 382
682 1060
684 332
684 342
684 352
692 324
692 1060
702 324
702 1060
712 324
712 1060
722 324
722 1060
731 329
732 1059
740 1050
741 329
745 1030
745 1040
750 1005
750 1015
751 329
755 415
755 425
755 435
755 445
755 455
755 465
755 475
755 485
755 495
755 505
755 515
755 525
755 535
755 545
755 555
755 565
755 575
755 585
755 595
755 970
755 980
755 990
760 395
760 405
760 604
760 614
760 624
760 910
760 920
760 930
760 940
760 950
760 960
761 329
765 385
765 633
765 890
765 900
769 336
770 365
770 375
770 642
770 652
770 662
770 870
770 880
775 344
775 354
775 671
775 681
775 691
775 850
775 860
780 700
780 710
780 720
780 730
780 740
780 750
780 760
780 770
780 780
780 790
780 800
780 810
780 820
780 830
780 840
