559 987
559 997
559 1007
559 1017
559 1027
559 1037
564 962
564 972
567 1044
569 867
569 877
569 887
569 897
569 907
569 917
569 927
569 937
569 947
574 792
574 802
574 812
574 822
574 832
574 842
574 852
575 1050
579 772
579 782
584 762
585 1052
589 752
594 732
594 742
595 1055
599 717
604 697
604 707
605 1055
609 672
609 682
614 652
614 662
614 1060
619 637
624 622
624 1060
629 607
634 592
634 1060
639 577
644 567
644 1060
652 559
653 1065
654 547
659 532
663 1065
664 522
669 507
673 1065
674 487
674 497
679 472
683 1065
684 447
684 457
689 427
689 437
692 1070
694 332
694 342
694 352
694 362
694 372
694 382
694 392
694 402
694 412
702 324
702 1070
711 319
711 1075
721 319
721 1075
730 1070
731 319
740 1060
741 319
745 990
745 1000
745 1010
745 1020
745 1030
745 1040
745 1050
750 324
750 975
755 955
755 965
760 327
760 910
760 920
760 930
760 940
765 470
765 480
765 490
765 500
765 510
765 520
765 530
765 540
765 550
765 560
765 570
765 580
765 590
765 600
765 610
765 620
765 630
765 640
765 650
765 660
765 670
765 680
765 690
765 890
765 900
769 332
770 450
770 460
770 699
770 709
770 719
770 729
770 739
770 749
770 880
775 435
775 758
775 768
775 778
775 788
775 798
775 808
775 818
775 828
775 838
775 848
775 858
775 868
779 336
780 425
783 346
785 356
785 366
785 376
785 386
785 396
785 406
785 416
