579 732
584 722
584 741
584 751
584 761
589 770
592 714
592 780
597 789
599 799
599 809
599 819
599 829
599 839
599 849
599 859
599 869
599 879
601 889
602 709
604 899
604 909
609 918
609 928
612 704
614 937
614 947
619 956
621 699
624 965
630 694
633 970
639 689
642 975
648 684
652 975
658 684
662 975
668 684
672 975
677 679
682 975
687 674
691 970
697 669
700 965
707 669
709 960
717 664
717 954
725 945
727 664
735 945
737 664
745 945
747 664
755 945
757 664
765 945
767 664
775 945
777 664
785 945
787 664
795 945
797 664
805 945
807 664
815 945
817 664
825 945
827 664
835 945
837 664
845 945
847 664
855 945
857 664
865 656
865 945
869 637
874 627
875 945
882 619
885 945
892 614
895 945
902 614
905 945
912 614
915 940
922 614
925 940
932 614
935 940
940 606
945 940
948 599
952 589
954 935
962 584
964 932
972 584
974 927
982 579
984 922
992 579
994 917
1001 574
1002 910
1011 574
1011 905
1019 581
1020 900
1025 589
1030 900
1033 595
1039 905
1039 915
1039 925
1040 603
1042 935
1044 945
1048 609
1049 954
1054 963
1057 604
1059 972
1064 552
1064 562
1064 572
1064 582
1064 592
1064 981
1069 527
1069 537
1071 989
1074 517
1079 507
1079 995
1087 499
1088 1000
1095 491
1098 1000
1105 486
1108 1000
1115 484
1118 998
1125 481
1128 993
1135 479
1135 985
1144 980
1145 479
1152 974
1155 479
1160 965
1165 479
1168 958
1175 479
1175 950
1183 943
1184 484
1190 935
1194 484
1195 925
1200 905
1200 915
1204 486
1210 905
1214 489
1220 905
1223 494
1229 900
1233 494
1239 900
1243 495
1249 900
1252 500
1259 900
1262 504
1269 900
1271 509
1279 900
1281 509
1289 900
1291 509
1299 900
1300 514
1309 900
1310 514
1319 900
1320 514
1329 900
1330 517
1339 900
1340 519
1349 900
1350 519
1359 900
1360 519
1369 900
1370 519
1379 900
1380 519
1389 900
1390 522
1399 527
1399 900
1404 536
1404 909
1405 546
1405 556
1405 566
1405 576
1405 586
1405 596
1405 606
1408 616
1409 918
1414 927
1418 620
1419 936
1427 625
1429 940
1437 629
1438 945
1446 634
1447 950
1455 639
1457 950
1464 644
1467 950
1474 644
1477 950
1483 649
1487 950
1493 649
1497 949
1503 649
1507 945
1513 650
1516 940
1523 654
1526 940
1533 654
1535 935
1540 925
1543 654
1545 870
1545 880
1545 890
1545 900
1545 910
1550 860
1553 654
1558 853
1563 654
1565 845
1573 654
1575 845
1583 654
1584 840
1593 654
1593 835
1602 830
1603 654
1611 825
1613 654
1619 817
1623 654
1625 770
1625 780
1625 790
1625 800
1630 760
1632 659
1635 750
1639 667
1640 677
1640 687
1645 750
1648 694
1653 743
1655 702
1660 711
1660 721
1660 731
