264 1007
264 1022
264 1032
264 1042
264 1052
269 917
269 927
269 977
269 987
269 997
269 1061
269 1071
274 907
274 962
274 1080
279 930
279 952
279 1097
282 899
284 942
284 1106
288 925
289 1115
292 899
295 1123
297 920
300 1132
302 899
307 1140
311 894
316 1145
320 889
321 1154
329 882
331 1155
339 877
341 1155
344 1165
349 872
353 1170
354 832
354 842
354 852
354 862
359 822
362 1175
367 814
372 1175
375 806
382 1179
385 801
392 1180
395 799
402 1180
405 799
411 1175
415 799
421 1175
424 804
431 1175
434 804
440 1170
443 809
450 1170
453 809
459 1165
462 804
467 794
468 1160
469 777
474 767
477 1154
482 759
487 1149
490 751
492 1139
498 744
500 1130
505 736
510 1130
515 731
519 1135
525 729
529 1135
535 729
538 1140
542 1150
545 729
547 1159
554 1167
555 729
559 1176
565 729
569 1180
572 1190
575 729
582 1194
585 729
590 1200
595 729
599 1205
605 729
608 1210
615 729
617 1215
625 729
627 1215
635 729
636 1220
645 729
646 1220
655 729
656 1220
665 729
666 1220
675 729
676 1220
685 729
686 1220
695 729
695 1215
705 729
705 1215
715 729
715 1210
724 1205
725 729
733 1200
735 729
742 1194
744 724
750 1185
754 724
759 1180
764 724
765 1170
773 1163
774 724
780 1155
784 724
785 1145
790 1135
794 724
795 1125
800 1115
804 724
805 1090
805 1100
814 724
815 1090
824 724
825 1090
834 724
835 1090
844 724
845 1090
854 724
855 1090
864 724
865 1090
874 724
875 1085
884 724
885 1085
894 724
895 1085
904 724
905 1085
913 719
915 1085
923 719
925 1087
933 719
935 1090
942 714
945 1092
952 714
955 1095
959 557
962 714
965 1095
969 554
971 719
974 692
974 702
975 1095
977 560
979 570
979 580
979 590
979 600
979 610
979 620
979 630
979 640
979 650
979 660
979 670
979 680
981 550
985 1095
991 549
995 1095
1001 549
1005 1095
1010 544
1015 1095
1020 544
1025 1095
1029 539
1035 1095
1039 539
1045 1095
1049 539
1055 1095
1059 537
1065 1095
1069 534
1075 1095
1079 534
1085 1095
1089 532
1095 1095
1099 529
1105 1095
1109 529
1115 1095
1119 527
1125 1095
1129 524
1135 1095
1139 524
1145 1095
1149 524
1155 1095
1159 524
1165 1095
1169 524
1175 1095
1178 519
1185 1095
1188 519
1195 1095
1198 519
1205 1095
1208 519
1215 1095
1218 519
1225 1095
1228 519
1235 1095
1238 519
1245 1095
1248 519
1255 1095
1258 519
1265 1095
1267 514
1275 1095
1277 514
1285 1095
1287 514
1295 1095
1297 514
1305 1095
1307 514
1315 1095
1317 514
1325 1095
1327 514
1335 1095
1337 514
1345 1095
1347 514
1355 1095
1357 514
1365 1095
1367 514
1375 1095
1377 514
1385 1090
1387 509
1395 1090
1397 509
1405 1090
1407 509
1415 1090
1417 509
1425 1090
1427 509
1435 1085
1437 509
1445 1085
1447 509
1455 1087
1457 509
1459 1097
1467 509
1467 1104
1474 1112
1477 509
1484 1115
1487 509
1493 1120
1497 509
1502 1125
1507 509
1512 1129
1517 509
1522 1130
1527 509
1532 1130
1537 509
1542 1134
1547 509
1552 1135
1557 509
1562 1135
1566 514
1572 1135
1576 514
1581 1130
1586 514
1590 1125
1596 514
1600 1125
1606 514
1608 1118
1616 514
1618 1113
1625 519
1625 1105
1635 519
1635 1105
1643 1098
1645 519
1650 1090
1655 519
1660 1085
1665 519
1670 1080
1675 519
1679 1075
1685 519
1689 1075
1695 519
1699 1075
1705 519
1709 1075
1715 519
1719 1075
1725 519
1729 1075
1735 519
1739 1075
1745 519
1749 1075
1755 519
1758 1080
1765 519
1768 1080
1775 519
1778 1080
1785 519
1788 1080
1794 1088
1795 519
1799 1097
1804 1106
1805 519
1809 1115
1815 519
1815 1123
1823 1130
1825 519
1830 1138
1835 519
1840 1142
1845 522
1847 1150
1855 524
1857 1154
1865 524
1866 1159
1875 524
1876 1160
1885 524
1886 1163
1895 524
1896 1165
1905 524
1906 1165
1915 524
1916 1165
1925 524
1926 1165
1935 524
1935 1160
1944 529
1945 1155
1954 529
1955 1155
1963 534
1963 1148
1973 534
1973 1143
1980 1135
1982 539
1988 1128
1992 539
1995 1115
2002 539
2003 1108
2008 1098
2012 539
2013 1088
2015 1075
2020 1055
2020 1065
2021 544
2025 995
2025 1005
2025 1015
2025 1025
2025 1035
2025 1045
2029 551
2035 559
2035 990
2040 568
2040 605
2040 645
2040 655
2040 665
2040 675
2040 755
2040 765
2040 775
2040 785
2040 795
2040 805
2042 685
2044 985
2044 995
2044 1005
2044 1015
2044 1025
2045 577
2045 587
2045 614
2045 624
2045 634
2045 730
2045 740
2045 814
2047 694
2047 1035
2050 704
2050 714
2055 817
2057 1035
2062 825
2065 960
2066 1040
2067 970
2070 832
2072 979
2073 953
2074 842
2075 852
2075 989
2076 1040
2078 943
2079 862
2080 872
2080 882
2080 892
2080 902
2080 912
2080 922
2080 932
2080 998
2080 1008
2085 1017
2085 1027
2085 1045
