279 1037
284 1017
284 1027
285 1045
289 862
289 872
289 882
289 892
289 902
289 912
289 922
289 932
289 942
289 992
289 1002
294 842
294 852
294 951
294 982
294 1040
299 832
299 972
301 959
304 1040
307 824
313 1035
315 816
319 697
319 707
319 717
319 727
323 1033
324 572
324 582
324 592
324 602
324 612
324 622
324 632
324 642
324 687
324 736
324 746
325 811
325 985
325 995
325 1005
325 1015
329 562
329 651
329 661
329 671
329 755
329 765
329 775
329 785
329 795
334 990
337 554
343 995
344 1005
344 1015
344 1025
344 1035
344 1045
345 546
347 1055
349 1065
352 1075
354 1085
355 541
359 1094
364 1103
365 539
369 1112
374 1121
375 539
381 1129
385 539
389 1135
394 534
395 1143
404 534
405 1147
412 1155
413 529
422 1155
423 529
431 1160
432 524
440 1165
442 524
450 1165
452 524
460 1165
462 524
470 1165
472 524
480 1165
482 524
489 1160
492 524
499 1160
502 524
508 1155
512 524
517 1150
522 524
526 1145
531 519
535 1140
541 519
543 1133
550 1125
551 519
558 1118
561 519
565 1105
570 1095
571 519
575 1080
581 519
585 1080
591 519
595 1080
601 519
605 1080
611 519
615 1080
621 519
624 1075
631 519
634 1075
641 519
644 1075
651 519
654 1075
661 519
664 1075
671 519
674 1075
681 519
684 1075
691 519
694 1075
700 1083
701 519
710 1087
711 519
719 1092
721 519
727 1099
731 519
735 1105
741 519
745 1107
750 514
752 1115
760 514
762 1119
770 514
770 1125
780 514
780 1127
789 1132
790 514
799 1135
800 514
809 509
809 1135
819 509
819 1135
829 509
829 1132
839 509
839 1130
849 509
849 1130
859 509
859 1127
869 509
869 1122
879 509
879 1120
888 1115
889 509
897 1109
899 509
905 1100
909 509
910 1090
919 509
919 1085
929 509
929 1085
938 1090
939 509
948 1090
949 509
958 1090
959 509
968 1090
969 509
978 1090
979 509
987 1095
988 514
997 1095
998 514
1007 1095
1008 514
1017 1095
1018 514
1027 1095
1028 514
1037 1095
1038 514
1047 1095
1048 514
1057 1095
1058 514
1067 1095
1068 514
1077 1095
1078 514
1087 1095
1088 514
1097 1095
1098 514
1107 1095
1108 515
1117 1095
1118 519
1127 1095
1128 519
1137 1095
1138 519
1147 1095
1148 519
1157 1095
1158 519
1167 1095
1168 519
1177 1095
1178 519
1187 1095
1188 519
1197 524
1197 1095
1207 524
1207 1095
1217 524
1217 1095
1227 524
1227 1095
1237 524
1237 1095
1247 524
1247 1095
1256 529
1257 1095
1266 529
1267 1095
1276 529
1277 1095
1285 534
1287 1095
1295 534
1297 1095
1305 534
1307 1095
1314 539
1317 1095
1324 539
1327 1095
1334 539
1337 1095
1344 541
1347 1095
1354 544
1357 1095
1364 546
1367 1095
1374 549
1377 1095
1384 549
1387 1095
1390 560
1390 570
1390 580
1390 590
1390 600
1390 610
1390 620
1390 630
1390 640
1390 650
1390 660
1390 670
1390 680
1392 690
1395 700
1395 710
1397 1095
1398 554
1405 714
1406 560
1407 1095
1415 714
1417 1095
1425 714
1426 1090
1435 717
1436 1090
1445 719
1445 1085
1455 719
1455 1085
1464 724
1465 1085
1474 724
1475 1085
1484 724
1485 1085
1494 724
1495 1087
1504 724
1505 1090
1514 724
1515 1090
1524 724
1525 1090
1534 724
1535 1090
1544 724
1545 1090
1554 724
1555 1090
1564 724
1564 1095
1564 1105
1567 1115
1572 1124
1574 724
1576 1134
1581 1143
1584 724
1585 1153
1593 1160
1594 724
1600 1168
1604 724
1605 1177
1614 724
1614 1182
1622 1189
1624 724
1629 1197
1633 729
1639 1200
1643 729
1648 1205
1653 729
1655 1213
1663 729
1665 1215
1673 729
1675 1217
1683 729
1685 1220
1693 729
1695 1220
1703 729
1705 1220
1713 729
1715 1220
1723 729
1725 1220
1733 729
1735 1220
1743 729
1744 1215
1753 729
1754 1212
1763 729
1764 1210
1772 1204
1773 729
1782 1199
1783 729
1790 1190
1793 729
1800 1180
1803 729
1810 1170
1813 729
1818 1163
1823 729
1825 1150
1830 1140
1833 729
1839 1135
1843 729
1849 1135
1853 730
1858 1130
1862 735
1868 1130
1870 742
1875 1138
1877 750
1880 1147
1885 757
1889 1152
1892 765
1897 774
1897 1159
1900 784
1900 794
1905 803
1906 1164
1913 809
1916 1168
1923 809
1926 1170
1932 804
1935 1175
1942 804
1945 1175
1952 799
1955 1175
1962 799
1964 1180
1972 799
1974 1180
1982 799
1984 1180
1991 804
1993 1175
1999 811
2003 1175
2005 819
2010 828
2010 865
2012 1170
2015 837
2015 847
2018 871
2022 1169
2025 1155
2028 875
2035 1155
2037 880
2045 887
2045 1155
2050 1145
2054 892
2060 1140
2064 896
2068 1133
2070 920
2073 1123
2074 899
2075 929
2080 938
2080 1115
2084 899
2085 927
2085 947
2085 1090
2085 1100
2090 956
2092 905
2093 1083
2095 930
2095 965
2097 914
2097 975
2098 1073
2100 985
2100 995
2100 1015
2100 1055
2102 1005
2105 1024
2105 1034
2105 1044
