169 327
169 337
169 347
169 357
169 367
169 377
169 387
169 397
174 317
174 406
174 416
174 426
174 436
179 307
179 445
179 455
179 465
179 475
179 485
179 495
179 505
179 515
184 524
184 534
184 577
184 587
184 597
187 299
189 543
189 553
189 563
189 606
189 616
194 625
194 635
196 294
199 644
199 654
204 663
204 673
205 289
205 683
209 693
209 703
214 284
214 712
214 722
214 732
214 742
219 751
219 761
219 771
219 781
219 791
219 801
224 284
224 810
224 820
224 830
224 840
224 850
224 860
229 869
231 879
233 279
234 889
239 898
239 908
240 918
243 279
244 928
244 938
244 948
244 958
249 967
249 977
249 987
249 997
249 1007
253 279
254 1016
254 1026
254 1036
254 1046
254 1056
254 1066
254 1076
259 1085
262 1095
263 279
264 1105
269 1114
271 1124
273 279
274 1134
274 1144
274 1154
279 1163
279 1173
279 1183
279 1193
282 274
284 1202
284 1212
284 1222
289 1231
289 1241
289 1251
292 274
294 1260
294 1270
297 1280
299 1290
299 1300
302 274
302 1310
304 1320
304 1330
307 1340
309 1350
309 1360
312 274
312 1370
314 1380
314 1390
314 1400
314 1492
314 1502
317 1410
319 1420
319 1430
319 1440
319 1472
319 1482
319 1511
319 1521
322 274
322 1450
324 1460
324 1530
330 1538
332 269
335 1547
339 1557
342 269
344 1566
344 1576
344 1586
349 1595
349 1605
349 1615
352 269
354 1624
354 1634
354 1644
356 1654
359 1664
362 269
364 1673
369 1682
372 269
374 1691
381 1699
382 269
386 1708
392 269
395 1713
402 269
403 1720
412 264
412 1725
421 1730
422 264
430 1735
432 264
439 1740
442 264
448 1745
452 264
458 1745
462 264
467 1750
472 264
477 1754
482 264
487 1755
491 259
497 1759
501 259
507 1760
511 259
516 1765
521 255
525 1770
531 254
535 1770
541 254
544 1775
551 254
554 1775
560 249
564 1775
570 249
574 1775
580 249
584 1775
590 249
594 1775
600 249
604 1775
610 249
614 1775
620 249
624 1775
630 249
634 1775
640 246
644 1775
650 244
654 1775
660 244
664 1775
670 244
674 1775
680 241
684 1775
690 239
694 1775
700 239
704 1775
710 239
714 1775
720 239
724 1775
730 239
734 1775
740 239
743 1780
750 239
753 1780
760 239
763 1780
770 239
773 1780
780 242
783 1780
790 244
793 1780
800 244
803 1780
810 244
812 1775
820 244
822 1775
830 244
832 1775
839 239
842 1775
848 234
852 1775
858 235
862 1775
868 239
871 1770
878 239
881 1770
888 239
890 1765
898 239
900 1765
908 239
909 1760
918 239
919 1757
928 239
929 1755
938 239
938 1750
947 1745
948 239
957 1744
958 239
967 1739
968 239
977 1735
978 239
986 1730
988 239
995 1725
997 234
1005 1725
1007 234
1014 1720
1017 234
1024 1717
1027 234
1034 1715
1037 234
1043 1710
1047 234
1053 1708
1057 234
1063 1703
1067 234
1073 1700
1077 234
1082 1694
1087 234
1092 1689
1097 234
1102 1684
1107 234
1112 1679
1117 234
1122 1674
1127 234
1130 1665
1137 234
1140 1660
1147 234
1150 1655
1157 234
1159 1650
1167 234
1167 1644
1175 1635
1177 234
1183 1628
1187 234
1193 1623
1197 234
1200 1615
1207 234
1208 1608
1215 1600
1217 234
1220 1590
1227 234
1228 1583
1235 1570
1237 234
1240 1555
1245 1505
1245 1515
1245 1525
1245 1535
1245 1545
1247 234
1250 1385
1250 1395
1250 1405
1250 1415
1250 1425
1250 1435
1250 1445
1250 1455
1250 1465
1250 1475
1250 1485
1250 1495
1255 1340
1255 1350
1255 1360
1255 1370
1257 234
1260 1300
1260 1310
1260 1320
1260 1330
1265 1260
1265 1270
1265 1280
1265 1290
1266 239
1270 1095
1270 1105
1270 1115
1270 1125
1270 1135
1270 1145
1270 1155
1270 1165
1270 1175
1270 1220
1270 1230
1270 1240
1270 1250
1274 246
1275 890
1275 900
1275 910
1275 920
1275 930
1275 940
1275 950
1275 960
1275 970
1275 980
1275 990
1275 1070
1275 1080
1275 1184
1275 1194
1275 1204
1279 1352
1280 254
1280 850
1280 860
1280 870
1280 880
1280 999
1280 1009
1280 1019
1280 1029
1280 1039
1280 1049
1280 1059
1284 1312
1284 1322
1284 1332
1284 1342
1285 263
1285 740
1285 750
1285 760
1285 770
1285 780
1285 790
1285 800
1285 810
1285 820
1285 830
1285 840
1289 1272
1289 1282
1289 1292
1289 1302
1289 1352
1290 272
1290 720
1290 730
1294 282
1294 1232
1294 1242
1294 1252
1294 1262
1295 292
1295 302
1295 312
1295 322
1295 332
1295 342
1295 352
1295 705
1297 1344
1299 362
1299 1202
1299 1212
1299 1222
1300 372
1300 382
1300 392
1300 402
1300 412
1300 422
1300 432
1300 442
1300 452
1300 695
1304 462
1305 685
1305 1335
1309 1199
1312 469
1313 678
1315 665
1315 1330
1319 1197
1320 655
1321 474
1324 1325
1328 648
1329 1192
1331 474
1333 638
1333 1320
1337 1184
1340 469
1340 625
1342 1314
1347 1179
1348 618
1350 469
1352 1310
1355 610
1355 1171
1360 469
1361 1305
1363 603
1363 1164
1370 469
1370 1300
1372 1159
1373 598
1380 466
1380 590
1380 1295
1381 1154
1390 464
1390 585
1390 1295
1391 1154
1399 1290
1400 464
1400 585
1401 1154
1408 1285
1410 464
1410 585
1411 1154
1418 1283
1420 464
1420 585
1420 1149
1428 1278
1429 590
1430 464
1430 1149
1438 595
1438 1275
1439 1142
1440 464
1447 600
1447 1270
1449 1137
1450 464
1457 604
1457 1269
1459 1132
1460 467
1464 612
1467 1124
1467 1265
1469 621
1470 469
1474 630
1476 1260
1477 1119
1479 474
1479 639
1481 649
1485 1111
1486 658
1486 1260
1489 476
1493 1104
1494 665
1495 1255
1499 479
1500 673
1502 1099
1504 1250
1505 682
1508 484
1510 1091
1512 690
1513 1245
1517 699
1518 484
1518 1084
1521 709
1522 1240
1524 719
1525 1076
1527 489
1529 728
1529 738
1531 1235
1533 1069
1534 747
1534 757
1537 489
1537 1059
1539 766
1539 776
1539 786
1540 1230
1544 795
1544 805
1544 1047
1546 494
1549 814
1549 824
1549 834
1549 1037
1550 1225
1554 501
1554 843
1554 853
1554 863
1554 873
1554 883
1554 893
1554 987
1554 997
1554 1007
1554 1017
1554 1027
1555 903
1559 913
1559 923
1559 933
1559 962
1559 972
1560 509
1560 519
1560 1220
1564 942
1564 952
1565 528
1569 1215
1570 537
1574 547
1578 1210
1579 556
1583 566
1587 1204
1590 574
1595 583
1595 1195
1600 592
1604 602
1605 1190
1610 610
1613 1183
1615 619
1620 628
1620 1175
1625 637
1625 647
1628 1168
1629 657
1630 667
1630 677
1633 1158
1634 687
1635 697
1639 707
1640 717
1640 1145
1645 726
1645 1135
1648 736
1650 746
1650 1120
1655 755
1655 765
1655 1105
1660 774
1660 784
1660 1090
1665 793
1665 803
1665 1010
1665 1020
1665 1030
1665 1040
1665 1060
1665 1070
1665 1080
1670 812
1670 822
1670 832
1670 842
1670 852
1670 862
1670 970
1670 980
1670 990
1670 1000
1670 1049
1674 872
1675 882
1675 892
1675 945
1675 955
1680 901
1680 911
1680 921
1680 931
