369 2252
374 2242
377 2259
379 2232
384 2217
387 2260
392 2209
397 2199
397 2260
399 2187
404 2177
407 2259
409 2167
414 2152
417 2259
419 2142
424 2132
427 2259
429 2117
434 2102
437 2255
439 2092
444 2082
447 2255
449 2067
454 2052
457 2255
459 2037
464 2027
467 2255
469 2017
474 1997
474 2007
477 2255
479 1987
484 1972
487 2254
489 1957
494 1947
497 2254
499 1932
504 1917
507 2250
509 1907
514 1892
517 2250
519 1877
524 1862
527 2250
529 1852
534 1837
537 2250
539 1827
544 1812
547 2249
549 1802
554 1787
557 2249
559 1777
564 1762
567 2245
569 1752
574 1742
577 2245
579 1727
584 1717
587 2245
589 1707
594 1692
597 2245
599 1682
604 1672
606 2240
609 1662
614 1652
616 2240
619 1642
624 1627
626 2240
629 1617
634 1607
636 2240
639 1597
644 1587
646 2240
649 1577
654 1567
656 2240
659 1557
664 1547
665 2235
672 1539
675 2235
677 1529
682 1519
685 2235
687 1509
692 1499
695 2235
699 1487
704 1477
705 2235
712 1469
715 2235
717 1459
722 1449
725 2235
729 1437
734 2230
737 1429
742 1419
744 2230
749 1407
754 2230
757 1399
762 1389
764 2230
769 1377
774 2230
777 1369
784 1357
784 2230
792 1349
794 2230
797 1339
804 2230
805 1331
813 1324
814 2227
817 1314
824 2230
825 1306
830 1296
833 2225
838 1289
843 2225
845 1281
850 1271
853 2225
859 1262
863 2225
867 1254
872 2230
875 1246
881 2225
883 1239
889 1227
891 2225
899 1217
901 2225
907 1209
911 2225
915 1201
921 2225
923 1194
930 1186
931 2225
938 1179
941 2225
945 1171
951 2228
953 1164
960 1156
961 2228
968 1149
971 2228
977 1144
981 2228
982 1134
991 2225
992 1129
1000 1121
1000 2230
1008 1114
1010 2230
1015 1106
1020 2230
1023 1099
1030 1091
1030 2230
1040 1086
1040 2230
1048 1079
1050 2230
1055 1071
1060 2230
1063 1064
1070 1056
1070 2230
1079 2235
1080 1051
1088 1044
1089 2235
1095 1036
1099 2235
1103 1029
1109 2235
1112 1024
1119 2235
1120 1016
1128 1009
1129 2237
1135 1001
1139 2240
1144 992
1149 2240
1154 987
1159 2240
1162 979
1169 2240
1170 971
1178 964
1179 2242
1185 956
1189 2245
1195 951
1199 2245
1203 944
1207 934
1209 2245
1217 929
1219 2245
1224 917
1229 2245
1234 907
1238 2250
1244 897
1248 2250
1252 889
1258 2250
1260 881
1267 2255
1268 874
1274 862
1277 2254
1284 852
1287 2255
1292 844
1297 2255
1299 832
1307 824
1307 2255
1312 814
1317 2255
1319 802
1326 2260
1327 794
1332 784
1336 2260
1339 772
1344 762
1346 2260
1352 754
1356 2263
1357 744
1362 734
1366 2265
1367 724
1372 714
1376 2265
1377 704
1382 694
1386 2265
1387 684
1392 674
1396 2265
1397 664
1399 652
1404 642
1406 2265
1409 627
1414 617
1415 2270
1419 602
1424 587
1425 2270
1429 577
1434 562
1435 2270
1439 547
1445 2272
1449 549
1455 557
1455 2272
1462 565
1465 2275
1470 572
1474 582
1475 2275
1482 589
1485 599
1485 2275
1493 605
1495 2275
1500 613
1505 622
1505 2275
1510 631
1514 2280
1516 639
1520 649
1524 2280
1528 655
1534 2280
1535 663
1540 672
1544 682
1544 2280
1550 690
1554 2280
1555 699
1560 708
1564 2282
1568 715
1572 725
1574 2285
1580 732
1584 742
1584 2285
1589 751
1593 761
1594 2285
1600 769
1604 2285
1605 778
1610 787
1614 797
1614 2285
1619 806
1623 816
1624 2285
1630 824
1630 834
1634 2285
1638 840
1642 850
1644 2285
1647 859
1650 869
1654 2285
1655 878
1660 887
1663 2290
1664 897
1669 906
1670 916
1673 2290
1675 925
1680 934
1680 944
1683 2290
1685 953
1690 962
1693 2290
1694 972
1695 982
1700 991
1703 2290
1705 1000
1705 1010
1710 1019
1710 1029
1713 2290
1715 1038
1720 1047
1720 1057
1723 2290
1725 1066
1725 1076
1730 1085
1730 1095
1733 2290
1735 1104
1735 1114
1740 1123
1740 1133
1740 1143
1743 2290
1745 1152
1745 1162
1749 1172
1750 1182
1750 1192
1753 2290
1754 1202
1755 1212
1755 1222
1759 1232
1760 1242
1760 1252
1760 1262
1763 2290
1764 1272
1765 1282
1765 1292
1765 1302
1765 1312
1765 1325
1770 1334
1770 1344
1770 1354
1770 1364
1770 1374
1773 2290
1775 1383
1775 1393
1775 1403
1775 1413
1775 1423
1780 1432
1780 1442
1780 1452
1780 1470
1783 2290
1785 1479
1785 1489
1790 1498
1790 1508
1790 1518
1793 2290
1795 1527
1795 1537
1795 1550
1800 1559
1800 1569
1802 2295
1805 1578
1810 1587
1810 1597
1811 2290
1814 1607
1815 1617
1820 1626
1821 2290
1825 1635
1827 1645
1830 1655
1831 2290
1835 1664
1840 1673
1841 2290
1845 1682
1849 1692
1850 1702
1851 2290
1857 1710
1861 2290
1862 1719
1865 1729
1870 1738
1871 2290
1875 1747
1881 2290
1882 1755
1887 1764
1891 2290
1894 1772
1899 1781
1901 2290
1903 1791
1910 1799
1911 2290
1915 1808
1921 2290
1923 1815
1927 1825
1931 2290
1935 1832
1940 1841
1941 2290
1946 1849
1951 2290
1954 1856
1958 1866
1961 2290
1965 1874
1971 2290
1973 1880
1980 1888
1981 2290
1985 1897
1991 2288
1992 1905
2000 1912
2001 2288
2007 1920
2011 2285
2012 1929
2019 1937
2021 2285
2027 1944
2031 2285
2034 1952
2041 2285
2042 1959
2049 1967
2051 2285
2054 1976
2061 2285
2063 1981
2068 1990
2071 2285
2075 1998
2080 2280
2083 2005
2090 2013
2090 2280
2098 2020
2100 2280
2105 2028
2110 2280
2113 2035
2120 2043
2120 2280
2125 2052
2130 2280
2133 2059
2140 2067
2140 2280
2147 2075
2150 2280
2155 2082
2160 2275
2162 2090
2170 2097
2170 2275
2177 2105
2180 2275
2185 2112
2190 2121
2190 2275
2199 2126
2200 2275
2203 2136
2210 2144
2210 2275
2218 2150
2220 2275
2225 2158
2230 2275
2233 2165
2237 2175
2239 2270
2245 2182
2249 2270
2252 2190
2259 2270
2260 2197
2265 2206
2269 2270
2271 2214
2279 2221
2279 2270
2285 2229
2289 2270
2290 2238
2298 2245
2299 2270
2302 2255
2307 2264
