9 1292
17 1284
19 1262
19 1295
25 1303
26 1279
27 1254
29 1265
35 1305
37 1249
44 1310
47 1249
53 1315
57 1244
63 1315
67 1239
70 1323
77 1234
80 1327
87 1234
90 1330
97 1229
99 1335
107 1229
109 1335
117 1229
118 1340
126 1224
127 1345
135 1219
137 1345
145 1219
145 1352
154 1214
155 1355
164 1214
164 1360
174 1212
174 1360
183 1365
184 1207
192 1370
194 1204
201 1375
204 1202
211 1378
214 1199
220 1383
224 1197
229 2027
230 1387
234 517
234 1194
234 2012
237 1395
239 526
239 536
239 2030
242 2004
244 514
244 545
244 1192
244 1992
246 1400
249 1982
249 2030
253 550
254 514
254 1189
254 1406
257 1974
258 2025
259 558
261 1414
262 1964
264 514
264 567
264 1187
264 1952
268 2025
269 576
269 1420
272 1944
273 519
274 585
274 1184
275 1428
277 1934
277 2020
279 594
283 519
283 1179
283 1435
284 1922
287 600
287 2020
290 1443
292 609
292 1914
293 519
293 1179
296 619
296 2015
297 1904
298 1450
301 628
302 524
303 1179
304 1892
306 2015
307 1455
310 633
312 524
312 1174
312 1884
315 642
315 2010
316 1460
317 1874
319 652
321 529
322 1169
325 1465
325 1866
325 2005
329 655
329 1852
331 529
332 665
332 1169
335 1467
335 2005
337 1844
341 529
341 670
341 1164
344 1472
344 1827
345 2005
346 679
349 1817
350 534
350 1159
351 688
354 1475
354 1807
354 2000
359 695
359 1797
360 534
360 1159
363 1995
364 1475
364 1782
365 703
369 539
369 1154
369 1757
369 1767
370 712
372 1990
373 1480
374 1722
374 1732
374 1742
378 1149
379 541
379 717
379 1702
379 1712
382 1990
383 1480
384 726
387 1144
387 1694
389 544
391 734
391 1985
392 1684
393 1480
396 743
397 1144
397 1674
398 549
400 1980
402 1485
405 748
405 1666
406 1139
408 549
410 757
410 1656
410 1975
412 1485
415 1134
417 765
418 550
418 1649
420 1970
422 1485
424 773
425 1131
425 1641
428 554
429 782
430 1970
432 1485
433 1634
435 1129
437 789
437 1624
438 555
440 1965
442 1485
444 797
445 1126
447 1619
448 559
449 806
450 1960
452 1485
454 815
455 1124
455 1611
458 560
460 823
460 1955
462 1489
463 1604
464 1119
465 832
468 564
470 1955
472 840
472 1490
472 1599
474 1119
477 849
478 564
480 1591
480 1950
481 859
482 1490
484 1119
488 564
488 1584
489 865
490 1945
492 1490
493 1114
494 874
497 1579
498 564
499 883
499 1940
502 1490
503 1114
504 892
505 1571
508 564
509 1940
512 899
512 1490
513 1114
515 1566
516 909
518 564
518 1935
522 1490
523 1114
523 1559
524 915
528 564
528 1933
530 923
530 1551
532 1490
533 1114
538 564
538 930
538 1928
540 1546
542 1490
543 1114
545 938
548 564
548 1539
548 1925
552 1490
553 945
553 1114
555 1531
557 559
557 1920
562 950
562 1490
563 1114
563 1524
566 1915
567 559
570 957
570 1516
571 1495
573 1114
576 1915
577 559
577 965
580 1511
581 1495
583 1114
585 972
585 1910
587 554
592 980
593 1114
595 1910
596 559
602 984
603 1114
605 1905
606 559
610 990
613 1114
615 564
615 1905
619 995
623 1114
624 1900
625 564
628 1000
632 1010
633 1114
634 1900
635 567
642 1014
643 1114
643 1895
644 572
651 1019
653 1114
653 1895
654 574
659 1025
662 580
662 1119
663 1893
668 1030
672 584
672 1119
673 1890
677 1035
681 589
682 1119
682 1885
685 1042
690 594
691 1880
692 1119
694 1047
698 600
701 1880
702 1119
704 1050
708 604
710 1058
710 1875
711 1124
717 609
719 1870
720 1062
721 1124
726 614
727 1864
729 1067
731 1124
734 621
737 1860
739 1070
741 1124
743 626
746 1855
748 1075
750 634
751 1124
755 1083
755 1850
760 637
760 1129
763 1843
765 1087
767 645
770 1129
773 1838
774 1092
777 649
780 1129
780 1830
784 1095
786 654
790 1103
790 1129
790 1825
795 659
799 412
799 422
799 432
799 442
799 452
799 462
799 472
799 1134
799 1820
800 1107
803 665
804 397
804 481
804 491
804 501
805 1810
809 387
809 510
809 520
809 1134
810 673
810 1110
814 377
814 529
814 539
815 1805
816 549
819 367
819 559
819 1115
819 1134
820 677
821 569
824 357
824 579
824 1800
828 684
828 1120
829 588
829 598
829 1130
830 608
832 349
833 1795
834 332
834 618
837 689
839 317
839 627
839 637
840 1785
844 287
844 297
844 307
844 646
847 689
849 227
849 237
849 247
849 257
849 267
849 277
849 655
849 665
849 675
849 1780
854 152
854 162
854 172
854 182
854 192
854 202
854 212
855 1770
859 107
859 117
859 127
859 137
864 77
864 87
864 97
865 1765
869 52
869 62
869 2317
869 2327
869 2337
869 2347
869 2357
869 2367
869 2377
869 2387
869 2397
869 2407
869 2417
869 2427
869 2437
869 2447
869 2457
874 1760
874 2017
874 2027
874 2037
874 2047
874 2057
874 2067
874 2247
874 2257
874 2267
874 2277
874 2287
874 2297
874 2307
874 2466
874 2476
874 2486
874 2496
879 49
879 1982
879 1992
879 2002
879 2076
879 2086
879 2096
879 2106
879 2116
879 2126
879 2136
879 2146
879 2156
879 2166
879 2176
879 2186
879 2196
879 2206
879 2216
879 2226
879 2236
880 1750
884 1957
884 1967
884 2497
885 57
889 1937
889 1947
890 1745
892 65
892 2490
894 1922
895 1735
897 74
899 1902
899 1912
901 2485
904 1892
905 1730
906 79
909 1872
909 1882
909 2477
910 89
914 1725
914 1862
915 2465
918 95
919 1842
919 1852
920 1715
923 104
923 2458
924 1832
929 1710
929 1822
930 112
930 2450
934 1812
937 120
937 1704
939 1792
939 1802
940 2440
942 129
942 1695
944 1782
945 139
948 2433
949 1772
951 1690
954 1762
955 142
955 2420
959 152
959 1682
959 1752
963 2413
964 161
967 1674
967 1744
969 1727
970 169
973 2408
974 1717
975 1665
978 175
978 2398
982 185
982 1709
983 1658
984 1692
985 2385
987 194
990 204
992 1684
993 1655
993 2378
995 213
997 1674
999 1663
1000 2370
1005 217
1005 2360
1009 227
1013 2353
1014 236
1020 244
1020 2345
1025 253
1028 2338
1030 262
1034 272
1035 2330
1040 280
1043 2323
1045 289
1048 2313
1050 298
1055 2305
1058 305
1062 315
1065 2300
1070 322
1073 2293
1075 331
1081 339
1083 2288
1085 349
1093 355
1093 2283
1100 363
1103 2278
1105 372
1112 380
1113 2273
1117 389
1123 2268
1126 394
1130 404
1130 2260
1138 410
1140 2255
1143 419
1149 2250
1150 427
1155 2240
1157 435
1162 444
1163 2233
1165 454
1170 463
1170 2220
1178 470
1178 2213
1180 480
1183 2203
1185 489
1190 498
1190 508
1190 2185
1190 2195
1198 515
1198 2178
1200 525
1202 535
1205 2160
1205 2170
1210 542
1210 552
1210 2145
1214 562
1215 572
1215 2135
1219 582
1220 592
1220 2120
1224 602
1225 2110
1229 611
1230 621
1230 2095
1233 631
1235 641
1235 651
1235 2080
1240 660
1240 670
1240 2065
1245 679
1245 689
1245 2055
1250 698
1250 708
1250 718
1250 2045
1255 727
1255 737
1255 2030
1259 747
1260 757
1260 767
1260 2015
1265 776
1265 786
1265 796
1265 2005
1271 804
1274 2000
1279 797
1284 772
1284 782
1284 2000
1284 2010
1289 747
1289 757
1289 2019
1291 2029
1294 727
1294 737
1294 2039
1299 697
1299 707
1299 717
1299 2048
1304 677
1304 687
1304 2057
1309 657
1309 667
1309 2066
1309 2076
1314 632
1314 642
1314 2085
1317 2095
1319 612
1319 622
1319 2105
1324 602
1324 2114
1329 582
1329 592
1329 2123
1330 2133
1334 562
1334 572
1335 2142
1339 542
1339 552
1339 2152
1344 2161
1344 2171
1347 534
1349 517
1351 2179
1357 509
1359 492
1359 2185
1359 2195
1365 2203
1367 484
1369 472
1370 2212
1377 464
1377 2220
1382 454
1382 2229
1387 444
1389 2237
1392 434
1394 2246
1399 422
1404 2250
1409 412
1410 2258
1417 404
1420 2262
1422 394
1427 2270
1432 389
1437 379
1437 2274
1445 371
1446 2279
1450 361
1456 2283
1458 354
1464 342
1465 2288
1472 334
1475 2292
1477 324
1482 2300
1485 316
1490 306
1491 2305
1498 299
1499 2311
1502 289
1504 2320
1509 277
1510 2328
1517 269
1518 2335
1522 259
1525 2343
1527 249
1532 239
1533 2350
1539 227
1540 2358
1544 217
1545 2367
1550 1655
1550 1665
1552 1675
1552 2375
1554 207
1557 1684
1559 197
1560 1655
1560 2382
1564 187
1564 1692
1564 2392
1565 1702
1569 177
1569 1660
1569 1712
1572 2399
1575 1668
1575 1720
1576 2409
1577 169
1580 1729
1580 1739
1583 1675
1585 161
1585 1748
1586 2413
1590 151
1590 1683
1590 1757
1594 2420
1595 141
1595 1766
1597 2430
1598 1690
1600 1775
1604 132
1605 1784
1605 2437
1607 1695
1609 122
1609 2447
1610 1793
1610 1803
1612 1704
1615 1812
1617 114
1619 1822
1619 2450
1620 1710
1622 104
1624 1831
1625 2458
1628 1841
1629 1715
1630 96
1630 1851
1632 1725
1633 1861
1633 2465
1637 2475
1638 89
1638 1870
1640 1880
1642 79
1642 1729
1642 1890
1645 2482
1647 1899
1650 1735
1650 1909
1650 1919
1652 74
1652 2490
1655 1928
1656 1743
1657 64
1660 1937
1660 1947
1662 2494
1664 52
1664 1750
1664 1957
1665 1967
1665 1977
1669 2502
1670 1758
1670 1986
1670 1996
1670 2006
1670 2070
1670 2080
1670 2090
1670 2100
1670 2110
1670 2120
1670 2130
1670 2140
1670 2150
1670 2160
1670 2170
1670 2180
1670 2190
1670 2200
1670 2210
1670 2220
1670 2230
1670 2240
1673 2016
1674 49
1675 2026
1675 2036
1675 2046
1675 2056
1675 2249
1675 2259
1675 2269
1675 2279
1675 2289
1675 2299
1675 2309
1675 2465
1675 2475
1675 2485
1680 57
1680 67
1680 1762
1680 2318
1680 2328
1680 2338
1680 2348
1680 2358
1680 2368
1680 2378
1680 2388
1680 2398
1680 2408
1680 2418
1680 2428
1680 2438
1680 2448
1684 77
1685 87
1685 97
1687 1770
1689 107
1690 117
1690 127
1690 137
1690 147
1695 156
1695 166
1695 176
1695 186
1695 196
1695 206
1695 216
1695 1777
1698 226
1700 236
1700 246
1700 256
1700 266
1700 276
1700 655
1700 665
1700 675
1700 685
1703 286
1704 1782
1705 296
1705 306
1705 645
1708 316
1709 1791
1710 326
1710 625
1710 635
1710 689
1715 335
1715 345
1715 610
1719 684
1719 1795
1720 354
1720 585
1720 595
1720 1120
1720 1130
1725 363
1725 570
1728 679
1728 1800
1730 372
1730 550
1730 560
1730 1115
1730 1134
1735 381
1735 525
1735 535
1735 1808
1737 674
1739 1110
1740 390
1740 510
1740 1134
1744 1813
1745 399
1745 409
1745 480
1745 490
1745 500
1745 666
1749 1107
1750 418
1750 428
1750 438
1750 448
1750 458
1750 468
1750 1134
1752 1820
1753 659
1759 1102
1759 1129
1760 1827
1762 654
1767 1095
1769 1129
1769 1832
1772 649
1776 1090
1777 1839
1779 1129
1782 644
1785 1085
1786 1844
1789 1127
1790 636
1794 1850
1795 1080
1799 1124
1800 631
1803 1855
1804 1075
1808 624
1809 1124
1812 1860
1813 1070
1817 619
1819 1124
1822 1065
1822 1864
1825 611
1829 1124
1830 1870
1831 1060
1835 606
1839 1122
1839 1875
1840 1055
1845 604
1848 1880
1849 1050
1849 1119
1854 597
1858 1045
1858 1880
1859 1119
1864 592
1865 1035
1867 1885
1869 1119
1872 584
1875 1030
1876 1890
1879 1119
1882 584
1885 1025
1886 1893
1889 1117
1890 576
1895 1020
1896 1895
1899 1114
1900 574
1904 1015
1906 1895
1909 569
1909 1114
1913 1010
1915 1900
1918 564
1919 1114
1920 1000
1925 1900
1928 564
1929 1114
1930 995
1934 1905
1937 559
1939 990
1939 1114
1944 1905
1947 559
1947 984
1949 1114
1953 1910
1957 559
1957 979
1959 1114
1963 1910
1965 965
1965 1495
1965 1505
1967 559
1969 1114
1970 1514
1972 1915
1975 960
1975 1495
1977 559
1979 1114
1980 1517
1982 1915
1983 953
1985 1490
1987 559
1987 1525
1989 1114
1991 1920
1993 948
1995 1490
1995 1532
1996 564
1999 1114
2000 940
2000 1925
2002 1540
2005 1490
2006 564
2008 933
2009 1114
2010 1547
2010 1927
2015 925
2015 1490
2016 564
2019 1114
2019 1552
2019 1932
2023 918
2025 1490
2026 564
2027 1559
2029 1114
2029 1935
2030 910
2034 1567
2035 900
2035 1490
2036 564
2038 1940
2039 1114
2043 893
2044 1571
2045 1490
2046 564
2048 1940
2049 1114
2050 880
2050 1579
2055 870
2055 1490
2056 564
2057 1945
2059 1116
2059 1584
2063 863
2065 1490
2066 564
2066 1950
2067 1590
2069 1119
2070 850
2075 840
2075 1490
2075 1597
2075 1955
2076 564
2079 1119
2083 833
2084 1602
2085 1490
2085 1955
2086 564
2088 823
2089 1121
2092 1609
2094 1485
2094 1960
2095 559
2095 815
2099 1124
2099 1617
2100 800
2103 1965
2104 1485
2105 559
2107 1624
2108 793
2108 1129
2112 1970
2114 554
2114 1485
2115 785
2115 1630
2118 1129
2120 1639
2122 1970
2123 778
2124 554
2124 1485
2127 1134
2128 768
2128 1645
2132 1974
2133 549
2134 1485
2135 760
2135 1653
2137 1134
2140 750
2140 1662
2141 1979
2143 549
2144 1485
2146 1139
2147 1670
2149 745
2151 1983
2153 549
2153 1480
2155 735
2155 1144
2155 1677
2159 1687
2160 1988
2162 544
2163 728
2163 1480
2164 1696
2165 1147
2168 718
2170 1704
2170 1714
2170 1990
2172 539
2173 1480
2174 1152
2175 1723
2175 1733
2175 1743
2175 1753
2178 713
2180 1762
2180 1772
2180 1992
2182 539
2182 1475
2183 703
2184 1156
2184 1782
2185 1792
2189 695
2189 1997
2190 1801
2191 534
2192 1475
2194 1159
2195 1810
2197 689
2199 2000
2200 1819
2201 534
2202 679
2202 1474
2204 1161
2205 1828
2205 1838
2207 670
2208 2005
2210 529
2212 1469
2213 1166
2213 1845
2216 665
2218 2005
2220 529
2220 655
2220 1853
2220 1863
2222 1465
2223 1169
2227 2010
2228 1870
2230 526
2230 645
2231 1460
2232 1174
2235 635
2235 1878
2237 2014
2240 524
2240 1455
2240 1887
2242 1174
2244 630
2245 1896
2247 2015
2250 521
2250 620
2250 1450
2251 1179
2251 1904
2255 610
2255 1914
2257 2019
2258 1443
2260 519
2260 600
2261 1179
2263 1920
2265 1435
2267 1930
2267 2020
2270 519
2270 590
2270 1184
2273 1428
2275 1937
2277 2024
2278 583
2279 1947
2280 516
2280 1184
2280 1420
2283 573
2285 1955
2287 1965
2287 2025
2288 563
2288 1413
2289 1189
2290 514
2292 1974
2293 553
2295 1405
2297 2029
2299 1189
2299 1982
2300 514
2303 548
2304 1400
2304 1991
2305 2001
2307 2030
2308 538
2308 1194
2310 514
2310 525
2311 2009
2312 1394
2315 2019
2317 2034
2318 1194
2320 1385
2327 1199
2330 1380
2337 1199
2340 1375
2346 1204
2350 1375
2356 1204
2358 1368
2365 1209
2368 1365
2375 1212
2377 1360
2385 1214
2387 1359
2395 1214
2397 1355
2404 1219
2406 1350
2414 1219
2415 1345
2423 1224
2425 1345
2432 1229
2433 1338
2442 1229
2443 1335
2452 1229
2453 1333
2461 1234
2463 1330
2471 1234
2472 1325
2480 1239
2481 1320
2489 1244
2490 1315
2498 1249
2500 1310
2508 1249
2510 1305
2517 1254
2520 1305
2525 1275
2525 1285
2526 1259
2528 1298
2535 1264
2549 1282
2557 1274
