474 1167
474 1177
479 1186
479 1202
482 1159
484 1211
484 1222
489 1231
490 1151
494 1240
494 1250
499 1259
499 1277
500 1146
504 1286
508 1139
509 1295
509 1305
514 1314
514 1324
515 1131
516 1334
519 1344
521 1354
523 1124
524 1364
524 1374
529 1383
529 1393
532 1119
534 1402
534 1412
534 1422
539 1431
539 1441
540 1111
544 1450
544 1460
544 1470
549 1479
549 1489
549 1499
550 1106
554 1508
554 1518
554 1532
558 1099
559 1541
559 1551
564 1560
564 1570
564 1580
565 1091
569 1589
569 1599
569 1612
574 1621
574 1631
575 1086
579 1640
579 1650
582 1660
583 1079
584 1670
584 1680
589 1689
589 1699
591 1709
592 1074
594 1719
594 1729
599 1738
599 1748
600 1066
600 1758
604 1768
604 1782
608 1059
609 1791
609 1807
614 1816
617 1054
619 1825
619 1835
622 1845
624 1855
625 1046
627 1865
629 1875
632 1885
634 1895
635 1041
637 1905
639 1915
642 1925
643 1034
644 1935
649 1944
649 1954
652 1029
654 1963
655 1973
659 1983
660 1993
661 1024
664 2003
669 1017
669 2012
669 2022
674 2031
674 2041
677 1009
679 2050
682 2060
684 2070
687 1004
687 2080
689 2090
694 2099
696 999
699 2108
699 2118
704 992
704 2127
709 2136
709 2146
714 987
714 2155
714 2165
719 2174
722 979
724 2183
725 2193
730 2202
732 974
734 2212
734 2222
739 2231
741 969
744 2240
747 2250
750 964
752 2259
754 2269
759 957
759 2278
760 2288
764 2298
769 952
769 2307
774 2316
774 2326
779 947
779 2335
784 2344
786 2354
787 939
791 2363
794 2373
797 934
799 2382
804 2391
807 929
814 2390
816 924
824 2390
825 919
834 912
834 2390
844 907
844 2390
854 902
854 2390
864 897
864 2390
874 892
874 2390
884 887
884 2390
894 882
894 2390
902 874
904 2390
912 869
914 2390
922 864
924 2390
932 859
934 2390
942 854
944 2390
952 849
954 2390
962 844
964 2390
972 839
974 2390
982 834
984 2390
992 829
994 2390
1002 824
1004 2390
1012 819
1014 2390
1022 814
1024 2390
1032 814
1034 2390
1041 809
1044 2390
1050 804
1054 2390
1059 799
1064 2390
1068 794
1074 2390
1077 789
1084 2390
1087 784
1094 2390
1097 779
1104 2390
1107 774
1114 2390
1117 774
1123 2395
1126 769
1133 2395
1135 764
1143 2395
1144 759
1153 754
1153 2395
1162 749
1163 2395
1172 744
1173 2395
1182 744
1183 2395
1191 739
1193 2395
1200 734
1203 2395
1209 729
1213 2395
1218 724
1223 2395
1227 719
1232 2400
1237 714
1242 2400
1247 709
1252 2400
1257 704
1262 2400
1267 699
1272 2400
1277 694
1282 2400
1287 689
1292 2404
1297 684
1302 2404
1306 679
1312 2404
1315 674
1322 2405
1324 669
1332 2405
1333 664
1342 659
1342 2405
1351 654
1352 2405
1360 649
1362 2405
1369 642
1372 2405
1379 637
1382 2405
1387 629
1391 2410
1397 624
1401 2408
1406 619
1411 2410
1414 612
1421 2410
1424 607
1431 2410
1432 599
1441 2410
1442 594
1450 586
1451 2410
1460 581
1461 2413
1468 574
1471 2413
1477 569
1481 2413
1485 561
1491 2415
1493 554
1501 2415
1502 549
1510 541
1511 2415
1518 534
1521 2415
1528 535
1531 2415
1535 543
1541 2415
1545 547
1551 2415
1552 555
1560 562
1561 2415
1569 567
1571 2415
1577 574
1581 2415
1584 582
1591 2415
1594 586
1600 594
1600 2420
1608 600
1610 2420
1617 605
1620 2420
1625 612
1630 2420
1632 620
1640 627
1640 2420
1648 634
1650 2420
1657 639
1660 2420
1664 647
1670 2420
1672 654
1679 662
1680 2420
1687 669
1690 2420
1695 675
1700 2420
1703 681
1710 689
1710 2420
1718 695
1720 2420
1725 703
1730 2420
1733 710
1740 718
1740 2420
1748 725
1750 2420
1755 733
1760 2420
1763 740
1770 748
1770 2420
1778 755
1780 2420
1785 763
1790 2420
1793 770
1800 778
1800 2420
1810 782
1810 2420
1814 792
1820 2420
1822 799
1829 807
1830 2420
1837 814
1840 2420
1844 822
1850 2420
1852 829
1859 837
1860 2420
1867 844
1870 2420
1874 852
1880 860
1880 2420
1888 866
1890 2420
1893 875
1900 883
1900 2420
1908 890
1910 2420
1915 898
1920 2420
1923 905
1930 913
1930 2420
1938 920
1940 2420
1945 928
1950 2420
1953 935
1958 944
1960 2420
1965 952
1970 2420
1972 960
1980 967
1980 2415
1987 975
1989 2420
1995 982
1998 2415
2002 990
2008 2415
2010 997
2010 2405
2015 2385
2015 2395
2017 1005
2020 2365
2020 2375
2025 1012
2025 2345
2025 2355
2030 2320
2030 2330
2032 1020
2035 2305
2040 1027
2040 2285
2040 2295
2045 2265
2045 2275
2047 1035
2050 2245
2050 2255
2055 1042
2055 2225
2055 2235
2060 2210
2062 1050
2065 2190
2065 2200
2070 1057
2070 2175
2075 2155
2075 2165
2077 1065
2080 2140
2085 1072
2085 2125
2090 2110
2092 1080
2095 2095
2100 1087
2100 2080
2105 2065
2109 1092
2110 2050
2115 2035
2117 1099
2120 2020
2124 1107
2125 2010
2130 1995
2132 1114
2135 1980
2139 1122
2140 1970
2145 1955
2149 1126
2150 1945
2155 1134
2155 1930
2160 1915
2163 1140
2165 1905
2170 1148
2170 1895
2175 1880
2180 1152
2180 1870
2185 1855
2187 1160
2190 1845
2195 1167
2195 1835
2200 1825
2204 1172
2205 1810
2210 1800
2212 1179
2215 1785
2220 1775
2221 1184
2225 1765
2229 1191
2230 1755
2235 1740
2238 1196
2240 1730
2245 1204
2245 1720
2250 1705
2254 1209
2255 1695
2260 1680
2262 1215
2265 1670
2270 1660
2272 1219
2275 1645
2280 1635
2281 1224
2285 1625
2289 1231
2290 1610
2295 1239
2295 1595
2300 1585
2305 1242
2305 1575
2310 1560
2314 1247
2315 1550
2320 1535
2322 1254
2325 1525
2330 1510
2331 1259
2335 1495
2340 1264
2340 1485
2345 1470
2349 1269
2350 1460
2355 1445
2358 1274
2360 1430
2365 1415
2367 1279
2370 1400
2375 1390
2376 1284
2380 1375
2385 1289
2385 1360
2390 1345
2394 1294
2395 1330
2400 1315
2402 1300
