159 1642
159 1652
159 1662
167 1669
169 1637
171 1679
177 1629
181 1683
185 1621
190 1688
195 1616
200 1692
203 1609
210 1695
212 1604
219 1700
220 1596
228 1589
228 1705
237 1584
238 1705
245 1713
246 1579
254 1572
255 1717
259 1727
264 1567
264 1736
269 1745
269 1755
269 1765
272 1559
274 1774
276 1784
277 1549
284 1790
287 1544
289 1799
295 1536
295 1807
299 1917
299 1927
299 1937
302 1815
304 1892
304 1902
305 1531
307 1944
309 1823
309 1877
313 1524
314 1832
314 1842
314 1852
314 1862
314 1952
322 1519
322 1959
329 572
329 582
332 1514
332 1959
334 562
337 589
341 599
341 1509
342 554
342 1954
346 608
349 1502
352 549
352 1950
354 615
359 1497
360 623
362 549
362 1949
365 632
367 1489
371 544
372 640
372 1945
377 649
377 1484
381 544
381 659
382 1944
387 1479
389 665
391 544
392 675
392 1940
397 1474
399 683
401 544
401 1935
404 692
406 1469
410 1930
411 544
412 699
415 1464
416 709
420 1930
421 540
424 715
424 1459
427 725
430 1925
431 539
433 1454
435 732
439 742
440 1925
441 535
442 1449
447 749
449 1920
451 530
452 1444
454 757
459 522
459 766
459 1917
462 1439
464 512
466 774
469 502
469 1915
471 783
472 1434
477 494
479 790
479 1912
482 484
482 1429
485 798
489 1910
491 479
492 1424
493 805
497 815
499 472
499 1907
502 1419
507 819
509 467
509 1905
511 829
512 1419
518 1900
519 462
521 833
522 1414
525 843
527 454
527 1895
532 1409
534 442
535 847
537 1894
539 422
539 432
542 1404
544 367
544 377
544 387
544 397
544 407
544 852
547 1890
549 352
549 861
552 1399
554 342
557 1889
559 865
562 334
562 875
562 1399
567 1884
570 1391
572 329
572 879
575 1875
576 889
580 1389
582 329
585 1870
586 893
589 337
589 1382
590 903
595 1870
599 341
599 1377
600 907
605 1865
607 915
608 346
609 1372
615 354
615 922
615 1860
619 1367
622 930
623 360
625 1855
629 1362
632 365
632 934
635 1850
637 1354
639 942
640 372
645 1840
647 949
647 1349
649 377
654 957
655 1835
657 1344
659 381
662 964
665 389
665 1830
667 1339
669 972
675 392
675 1825
677 979
677 1334
683 399
684 987
684 1820
687 1334
689 996
692 404
693 1815
696 1004
696 1329
699 412
702 1810
704 1010
705 1324
709 416
710 1018
711 1805
715 424
715 1321
718 1025
720 1800
725 427
725 1319
727 1030
729 1795
732 435
734 1314
735 1037
738 1790
742 439
742 1045
744 1312
747 1784
749 447
750 1052
754 1309
757 454
757 1060
757 1779
764 1309
766 459
767 1060
767 1774
773 1304
774 466
775 1067
777 1769
782 1075
783 471
783 1304
787 1764
790 479
792 1079
792 1299
797 1759
798 485
799 1087
802 1299
805 493
807 1754
809 1090
811 1294
815 497
817 1750
818 1095
819 507
821 1294
825 1103
826 1745
829 511
830 1289
833 521
835 1107
835 1740
840 1289
843 525
844 1112
845 1735
847 535
849 1284
852 544
852 1119
855 1730
859 1284
861 549
861 1124
864 1267
865 559
865 1725
869 1276
871 1128
874 1262
874 1720
875 562
879 572
879 1135
884 1157
884 1259
884 1717
888 1140
889 576
892 1164
892 1709
893 586
893 1254
900 1170
900 1700
903 590
903 1254
907 600
909 1175
909 1695
912 1249
915 607
918 1180
919 1692
922 615
922 1249
927 1185
927 1684
929 1217
929 1227
929 1237
930 622
934 632
934 1193
934 1203
937 1679
942 639
945 1670
949 647
953 1663
957 654
960 1655
964 662
970 1650
972 669
978 1643
979 677
985 1635
987 684
994 1630
996 689
1000 1620
1004 696
1009 1615
1010 704
1017 1609
1018 710
1025 718
1027 1605
1030 727
1037 735
1037 1605
1045 742
1046 1610
1052 750
1054 1602
1060 757
1060 767
1062 1594
1067 775
1070 1585
1075 782
1079 792
1080 1580
1087 799
1089 1575
1090 809
1095 818
1099 1575
1103 825
1107 835
1109 1575
1112 844
1112 1585
1119 852
1121 1590
1124 861
1128 871
1131 1590
1135 879
1139 1596
1139 1606
1139 1616
1139 1626
1139 1636
1139 1646
1139 1656
1140 888
1144 1797
1144 1807
1144 1817
1144 1827
1144 1837
1144 1847
1144 1857
1149 1660
1149 1707
1149 1717
1149 1727
1149 1737
1149 1747
1149 1757
1149 1767
1149 1777
1149 1787
1149 1866
1149 1876
1149 1886
1150 889
1154 1669
1154 1679
1154 1689
1154 1895
1154 1905
1154 1915
1159 1924
1159 1934
1160 887
1164 1943
1164 1953
1165 1963
1167 895
1169 1973
1169 1983
1169 1993
1170 2003
1172 904
1174 2013
1174 2023
1174 2033
1174 2043
1175 914
1175 2053
1179 2063
1179 2073
1179 2083
1179 2093
1183 920
1184 2102
1184 2112
1184 2122
1184 2132
1184 2142
1187 930
1189 2151
1189 2161
1189 2171
1194 2180
1194 2190
1197 934
1199 2199
1199 2209
1201 2219
1204 2229
1206 2239
1207 934
1209 2249
1214 2258
1215 2268
1217 929
1219 2278
1224 2287
1227 929
1229 2296
1229 2306
1234 2315
1237 929
1237 2325
1239 2335
1244 2344
1247 924
1249 912
1249 2353
1249 2363
1254 892
1254 902
1254 2372
1259 877
1259 2381
1259 2391
1264 2400
1267 869
1267 2410
1269 2420
1274 2429
1277 869
1279 2438
1284 847
1284 857
1284 2447
1289 827
1289 837
1294 807
1294 817
1294 2450
1299 792
1303 2455
1304 772
1304 782
1309 747
1309 757
1312 2449
1314 732
1319 717
1322 2444
1324 702
1329 692
1330 2435
1334 677
1335 2425
1339 667
1344 657
1345 2415
1349 647
1353 2408
1354 637
1359 2400
1362 629
1367 619
1367 2394
1372 609
1375 2385
1377 599
1382 589
1385 2380
1389 572
1395 2380
1397 564
1399 552
1404 542
1405 2380
1409 532
1414 522
1415 2380
1419 502
1419 512
1424 492
1425 2380
1429 482
1434 472
1435 2380
1439 462
1444 452
1445 2380
1449 442
1454 432
1455 2380
1459 422
1464 412
1464 2375
1469 402
1473 2370
1477 394
1482 384
1483 2368
1487 374
1492 364
1493 2365
1499 352
1503 2365
1505 1530
1505 1540
1505 1550
1507 344
1510 1559
1510 1569
1510 1605
1510 1615
1512 334
1513 2365
1515 1525
1515 1578
1515 1624
1519 317
1520 1587
1520 1605
1520 1633
1520 1643
1523 2365
1525 1515
1525 1652
1527 309
1530 1505
1530 1661
1532 2370
1534 297
1535 1670
1537 1680
1540 1505
1542 289
1542 1689
1542 2370
1545 1699
1549 277
1550 1505
1550 1708
1550 1718
1551 2375
1555 1727
1556 2384
1559 272
1559 1510
1559 1737
1560 1747
1565 1756
1566 2388
1567 264
1568 1766
1569 1510
1570 1776
1572 254
1575 1085
1575 1095
1575 1105
1575 1785
1575 2393
1577 1795
1578 1515
1579 242
1580 1805
1580 1815
1583 1078
1583 1111
1585 1824
1585 1834
1585 1844
1585 1854
1585 1864
1585 1874
1585 2397
1587 234
1587 1520
1588 1068
1590 1119
1590 1129
1590 1883
1590 1893
1590 1903
1592 224
1594 2402
1595 1060
1595 1138
1595 1912
1595 1922
1597 1524
1599 1932
1600 1942
1600 1952
1601 219
1603 1053
1604 1962
1604 2405
1605 1020
1605 1030
1605 1139
1605 1510
1605 1972
1606 210
1607 1040
1609 1982
1610 1992
1611 200
1613 1013
1614 2002
1614 2402
1615 1139
1615 1510
1615 2012
1615 2022
1618 1003
1619 187
1619 2032
1620 2042
1620 2052
1624 1515
1624 2397
1625 1139
1625 2061
1625 2071
1625 2081
1628 998
1629 177
1630 2090
1630 2100
1630 2110
1630 2380
1632 2120
1633 988
1633 1520
1635 1139
1635 2130
1635 2140
1635 2150
1635 2160
1635 2170
1635 2180
1635 2190
1635 2200
1635 2210
1635 2220
1635 2230
1635 2240
1635 2250
1635 2260
1635 2270
1635 2280
1635 2290
1635 2300
1635 2310
1635 2320
1635 2330
1635 2340
1635 2350
1635 2360
1635 2370
1637 169
1640 980
1642 159
1643 1520
1645 1139
1648 973
1652 159
1652 1525
1655 960
1655 1139
1660 1148
1661 1530
1662 159
1663 953
1668 1154
1669 167
1670 945
1670 1535
1678 938
1678 1154
1679 171
1680 1537
1683 181
1683 928
1688 190
1688 1154
1689 1542
1690 920
1692 200
1695 210
1695 905
1698 1154
1699 1545
1700 219
1703 898
1705 228
1705 238
1707 1149
1708 1550
1710 890
1713 245
1717 255
1717 1149
1718 883
1718 1550
1720 870
1727 259
1727 1149
1727 1555
1728 863
1733 853
1736 264
1737 1149
1737 1559
1738 843
1743 833
1745 269
1747 1149
1747 1560
1748 823
1750 810
1755 269
1755 800
1756 1565
1757 1149
1760 790
1765 269
1765 780
1766 1568
1767 1149
1770 770
1774 274
1775 760
1776 1570
1777 1149
1780 750
1784 276
1785 1575
1787 1149
1788 743
1790 284
1793 733
1795 1577
1797 1144
1798 723
1799 289
1805 710
1805 1580
1807 295
1807 1144
1810 700
1815 302
1815 690
1815 1580
1817 1144
1820 680
1823 309
1824 1585
1827 1144
1828 673
1832 314
1833 663
1834 1585
1837 1144
1838 653
1842 314
1844 645
1844 1585
1847 1144
1850 635
1852 314
1854 1585
1855 625
1857 1144
1860 615
1862 314
1864 1585
1865 605
1866 1149
1870 585
1870 595
1872 314
1874 1585
1875 575
1876 1149
1881 309
1883 568
1883 1590
1886 1149
1888 558
1890 540
1891 305
1893 1590
1895 525
1895 1154
1900 515
1901 304
1903 1590
1905 500
1905 1154
1910 480
1910 490
1911 304
1912 1595
1915 460
1915 470
1915 1154
1920 299
1920 445
1922 1595
1924 1159
1925 430
1930 299
1930 410
1930 420
1932 1599
1934 1159
1935 400
1940 302
1940 385
1942 1600
1943 1164
1945 365
1945 375
1947 310
1950 345
1950 355
1952 1600
1953 1164
1955 317
1955 335
1960 326
1962 1604
1963 1165
1972 1605
1973 1169
1982 1609
1983 1169
1992 1610
1993 1169
2002 1614
2003 1170
2012 1615
2013 1174
2022 1615
2023 1174
2032 1619
2033 1174
2042 1620
2043 1174
2052 1620
2053 1175
2061 1625
2063 1179
2071 1625
2073 1179
2081 1625
2083 1179
2090 1630
2093 1179
2100 1630
2102 1184
2110 1630
2112 1184
2120 1632
2122 1184
2130 1635
2132 1184
2140 1635
2142 1184
2150 1635
2151 1189
2160 1635
2161 1189
2170 1635
2171 1189
2180 1194
2180 1635
2190 1194
2190 1635
2199 1199
2200 1635
2209 1199
2210 1635
2219 1201
2220 1635
2229 1204
2230 1635
2239 1206
2240 1635
2249 1209
2250 1635
2258 1214
2260 1635
2268 1215
2270 1635
2278 1219
2280 1635
2287 1224
2290 1635
2296 1229
2300 1635
2306 1229
2310 1635
2315 1234
2320 1635
2325 1237
2330 1635
2335 1239
2340 1635
2344 1244
2350 1635
2353 1249
2360 1635
2363 1249
2365 1485
2365 1495
2365 1505
2365 1515
2365 1525
2370 1470
2370 1534
2370 1544
2370 1635
2372 1254
2375 1460
2375 1553
2380 1385
2380 1395
2380 1405
2380 1415
2380 1425
2380 1435
2380 1445
2380 1630
2381 1259
2385 1375
2385 1557
2389 1567
2390 1630
2391 1259
2393 1368
2394 1576
2398 1586
2398 1623
2400 1264
2400 1355
2403 1595
2403 1613
2410 1267
2410 1350
2419 1345
2420 1269
2425 1335
2429 1274
2435 1330
2438 1279
2443 1323
2447 1284
2448 1313
2450 1294
2455 1303
