399 1387
399 1402
404 1302
404 1312
404 1322
404 1332
404 1342
404 1352
404 1362
404 1372
404 1411
404 1421
404 1431
404 1441
404 1451
404 1461
404 1471
404 1487
409 1262
409 1272
409 1282
409 1292
409 1496
409 1506
409 1516
409 1526
409 1537
414 1232
414 1242
414 1252
414 1546
414 1556
419 1197
419 1207
419 1217
419 1565
419 1575
419 1585
419 1595
424 1177
424 1187
424 1604
424 1614
429 1157
429 1167
429 1623
429 1633
434 1137
434 1147
434 1642
434 1652
439 1117
439 1127
439 1661
439 1671
444 1102
444 1680
444 1690
449 1087
449 1699
451 1709
454 1072
454 1719
459 1057
459 1728
460 1738
464 1047
465 1747
469 1032
469 1757
474 1017
474 1766
474 1776
479 1007
479 1785
484 997
484 1794
489 837
489 847
489 857
489 987
489 1803
490 1813
494 972
495 1822
497 829
497 864
499 962
499 1832
504 952
504 1841
506 824
506 869
509 942
509 1850
514 932
514 1859
516 824
516 870
519 922
519 1868
524 912
524 1877
526 824
526 873
529 902
529 1886
534 892
534 1895
535 878
536 824
537 1905
544 1913
545 829
549 1922
554 1931
555 832
559 1940
563 839
565 1948
570 1957
572 834
577 1965
579 822
582 1974
587 814
589 1982
592 804
594 1991
599 792
599 2000
605 2008
607 784
610 2017
612 774
617 2025
620 766
625 2032
628 759
632 2040
634 747
637 2049
642 739
644 2057
650 731
652 2064
658 724
659 2072
665 716
667 2079
673 709
674 2087
679 697
682 2094
686 2104
689 687
694 2110
697 679
699 592
699 602
699 612
703 2115
704 621
705 671
707 584
707 2125
709 630
709 640
709 650
709 2182
713 664
714 2167
714 2191
716 579
717 2129
721 2199
722 2159
724 2137
726 579
729 2146
731 2203
735 584
741 2200
743 590
747 600
750 2195
752 609
755 619
760 2185
765 616
769 2180
775 611
778 2185
783 604
785 2193
790 596
793 2200
800 591
802 2205
808 584
810 2212
817 579
819 2217
825 571
827 2224
835 566
836 2229
843 559
844 2235
852 554
853 2240
861 549
862 2245
869 542
870 2252
879 537
879 2257
887 2264
889 532
894 2302
896 2269
897 524
899 2292
899 2311
904 2320
906 2273
907 519
907 2284
910 2328
917 514
920 2330
926 509
929 2325
935 504
937 2319
944 499
945 2310
950 2300
953 494
954 442
954 452
954 462
959 471
960 2302
962 434
962 489
966 479
969 2307
971 429
979 2310
981 429
988 2315
990 434
997 2320
998 440
1002 450
1006 2325
1010 457
1016 2328
1018 464
1025 2333
1027 459
1035 2335
1037 459
1044 2340
1046 454
1054 2340
1055 449
1063 2345
1065 446
1072 2350
1075 444
1082 2354
1084 439
1089 2377
1089 2387
1092 2355
1094 437
1094 2367
1094 2396
1101 2404
1104 434
1111 2408
1113 429
1121 2405
1123 429
1130 2400
1132 424
1135 2390
1142 424
1143 2383
1149 2375
1151 419
1159 2375
1161 419
1169 2375
1171 415
1178 2380
1181 414
1188 2380
1191 410
1197 2385
1201 409
1207 2385
1211 409
1217 2389
1220 404
1227 2390
1230 404
1237 2390
1240 404
1247 2394
1250 402
1257 2394
1260 399
1267 2395
1270 399
1277 2395
1280 399
1287 2399
1290 396
1297 2400
1299 2410
1299 2420
1299 2430
1299 2440
1300 394
1302 2450
1310 394
1312 2454
1320 394
1322 2455
1330 394
1332 2454
1340 394
1340 2445
1345 2425
1345 2435
1350 394
1350 2405
1350 2415
1360 391
1360 2405
1370 392
1370 2405
1380 389
1380 2405
1390 392
1390 2405
1400 389
1400 2405
1410 392
1410 2405
1414 357
1414 367
1414 377
1419 347
1420 2405
1427 339
1430 2400
1436 334
1439 2405
1446 334
1448 2400
1455 339
1458 2400
1460 348
1465 357
1465 367
1465 377
1465 387
1468 2400
1473 394
1478 2400
1483 394
1488 2400
1493 395
1497 2395
1503 399
1507 2395
1513 399
1517 2395
1523 399
1527 2395
1533 400
1536 2390
1543 404
1546 2390
1553 404
1556 2390
1563 404
1565 2385
1572 409
1575 2385
1582 409
1585 2385
1592 409
1595 2380
1601 414
1605 2380
1611 414
1615 2375
1620 419
1625 2375
1630 419
1635 2370
1640 422
1644 2375
1647 2385
1650 424
1652 2394
1659 429
1660 2400
1669 429
1669 2405
1678 434
1678 2400
1687 2394
1688 435
1690 2355
1690 2365
1692 2384
1695 2374
1698 439
1700 2355
1707 444
1709 2350
1717 444
1719 2347
1726 449
1729 2342
1735 454
1739 2340
1745 457
1748 2335
1755 459
1757 2330
1764 464
1767 454
1767 2329
1775 446
1777 2324
1783 439
1787 429
1787 2319
1796 424
1797 2314
1805 480
1806 420
1807 2309
1813 486
1815 470
1816 424
1817 2305
1823 463
1823 490
1824 431
1825 450
1826 2300
1832 495
1835 2295
1842 499
1844 2290
1849 507
1853 2285
1859 511
1862 2280
1868 516
1871 2275
1878 520
1880 2270
1887 525
1890 2265
1895 532
1899 2260
1904 537
1908 2255
1912 544
1917 2249
1921 549
1927 2245
1930 554
1935 2252
1939 559
1945 2255
1947 565
1955 572
1955 2255
1964 577
1965 2250
1970 2210
1970 2220
1970 2240
1972 584
1975 2229
1980 2205
1981 589
1988 2198
1989 596
1998 601
1998 2193
2005 609
2005 2185
2013 615
2013 2178
2020 623
2020 2170
2029 2165
2030 627
2037 635
2037 2159
2045 2150
2047 634
2052 624
2053 2143
2057 614
2059 602
2060 2135
2067 594
2068 2128
2075 2120
2077 589
2080 665
2080 675
2083 2113
2085 684
2086 594
2088 658
2090 2105
2093 648
2093 690
2095 599
2098 638
2098 2098
2100 608
2100 625
2100 698
2105 2090
2108 705
2113 2083
2115 713
2120 2075
2123 720
2128 2068
2130 728
2135 2060
2138 735
2140 2050
2142 745
2148 2043
2150 752
2155 2035
2157 760
2163 2028
2165 767
2168 2018
2169 777
2175 2010
2177 784
2180 2000
2184 792
2188 1993
2189 801
2195 809
2195 1980
2200 818
2203 1973
2205 827
2208 1963
2212 835
2215 1950
2217 844
2223 1943
2224 852
2228 1933
2229 861
2233 871
2233 1923
2240 879
2240 1910
2245 888
2245 1900
2250 897
2250 1890
2255 906
2258 1883
2260 915
2263 1873
2265 924
2268 1863
2270 933
2273 1853
2275 942
2278 1843
2279 952
2283 1833
2284 961
2288 971
2288 1823
2290 981
2290 1810
2295 1800
2296 989
2300 1790
2305 1775
2306 989
2310 1765
2315 1035
2315 1750
2316 989
2317 1045
2320 1055
2320 1735
2325 1035
2325 1064
2325 1074
2325 1720
2326 989
2330 1083
2330 1705
2335 1035
2335 1092
2335 1102
2335 1690
2336 989
2340 1111
2340 1121
2340 1670
2340 1680
2343 1028
2345 994
2345 1130
2345 1655
2347 1140
2350 1003
2350 1015
2350 1150
2350 1635
2350 1645
2352 1160
2355 1170
2355 1180
2355 1610
2355 1620
2360 1189
2360 1199
2360 1590
2360 1600
2365 1208
2365 1218
2365 1228
2365 1240
2365 1555
2365 1565
2365 1575
2370 1249
2370 1259
2370 1269
2370 1279
2370 1520
2370 1530
2370 1540
2375 1288
2375 1298
2375 1308
2375 1475
2375 1485
2375 1495
2375 1505
2380 1317
2380 1327
2380 1337
2380 1347
2380 1357
2380 1367
2380 1377
2380 1387
2380 1397
2380 1407
2380 1417
2380 1427
2380 1437
2380 1447
2380 1457
