4 117
4 127
4 137
4 147
4 227
4 237
4 247
9 156
9 166
9 176
9 186
9 196
9 206
9 216
10 255
14 114
20 255
24 114
30 255
34 114
40 255
43 119
50 255
53 119
60 255
63 119
69 250
72 124
78 245
82 124
87 240
91 129
97 239
101 129
107 235
111 129
116 230
120 134
126 230
130 134
135 225
140 137
145 220
150 139
155 220
160 139
165 215
170 139
175 215
179 144
185 210
189 144
195 210
199 117
199 142
205 210
207 109
207 124
209 139
214 215
216 104
219 135
224 215
226 100
229 252
234 215
234 242
234 261
234 271
236 95
241 279
242 234
243 220
246 90
246 288
249 298
252 225
254 307
256 89
262 314
265 84
272 315
275 81
281 310
283 74
290 305
292 69
298 298
302 69
303 288
311 64
313 283
318 273
321 64
325 265
330 59
334 260
339 54
343 265
349 52
353 265
359 49
362 270
369 49
372 270
379 47
382 270
389 44
392 270
399 44
402 274
409 44
412 275
419 44
422 275
429 46
432 275
438 51
442 275
448 55
452 275
455 63
462 275
463 70
467 80
471 280
475 87
480 275
483 94
489 280
493 94
499 280
502 89
509 62
509 280
510 81
517 69
519 42
519 52
519 280
528 275
529 22
529 39
538 275
539 12
548 275
549 7
558 275
559 4
568 275
569 6
575 14
578 275
580 23
588 275
590 22
594 307
594 317
594 327
594 337
594 347
594 357
595 31
598 275
599 366
600 40
602 299
605 49
607 289
608 275
609 362
610 58
615 67
616 281
617 354
619 77
624 86
625 340
630 94
630 330
635 320
640 94
640 310
645 300
650 94
650 285
655 270
660 94
664 265
670 94
674 265
680 97
683 260
690 99
693 260
700 99
702 255
710 102
712 254
720 104
722 249
730 104
732 244
739 109
742 240
749 109
752 239
759 111
762 235
769 114
772 234
779 114
782 230
788 119
791 225
798 119
800 220
807 124
810 220
817 124
820 215
826 129
830 215
836 129
839 210
845 134
849 207
855 137
859 202
865 139
869 197
870 155
870 165
873 145
879 192
880 169
887 184
890 169
