299 862
299 872
299 882
299 892
299 902
299 912
299 922
299 932
299 942
299 952
299 962
299 972
305 980
309 859
315 980
319 859
325 980
329 859
335 980
339 859
345 980
349 859
355 980
359 859
365 980
369 859
375 980
379 859
385 980
389 859
395 980
399 859
405 980
409 859
415 980
419 859
425 980
429 859
435 980
439 859
445 980
449 859
455 980
459 859
465 980
469 859
475 980
479 859
485 980
489 859
495 980
499 859
505 980
509 859
515 980
519 859
525 980
529 859
535 980
539 859
545 980
549 859
555 980
559 859
565 980
569 859
575 980
579 859
585 980
589 859
595 980
599 859
605 980
609 859
615 980
619 859
625 980
629 859
635 980
639 859
645 980
649 859
655 980
659 859
665 980
669 859
675 980
679 859
685 980
689 859
695 980
699 859
705 980
709 859
715 980
719 859
725 980
729 859
735 980
739 859
745 980
749 859
755 980
759 859
765 980
769 859
775 980
779 859
785 980
789 859
795 980
799 859
805 980
809 859
815 980
819 859
825 980
829 859
835 980
839 859
845 980
849 859
855 980
859 859
865 980
869 859
875 980
879 859
885 980
889 859
895 980
899 632
899 859
904 641
905 980
909 629
909 650
909 859
914 659
914 669
915 980
919 631
919 678
919 859
919 1007
919 1017
919 1027
919 1037
919 1047
919 1057
919 1067
919 1077
919 1087
919 1097
919 1107
919 1117
919 1127
920 688
924 698
924 708
925 718
925 980
925 1135
929 634
929 728
929 859
929 1004
930 738
934 748
934 758
935 768
935 980
935 1135
938 639
939 778
939 788
939 798
939 859
939 990
939 1000
940 808
944 818
944 828
944 838
944 848
945 1135
948 640
955 1135
957 645
965 1135
967 649
975 1135
976 654
985 659
985 1135
993 665
995 1135
1002 670
1005 1135
1012 674
1015 1135
1021 679
1025 1135
1029 686
1035 1135
1038 691
1045 699
1045 1135
1053 705
1055 1135
1060 713
1065 722
1065 1135
1072 730
1075 1135
1077 739
1080 749
1085 1135
1088 755
1092 765
1095 1135
1100 772
1104 782
1105 1135
1110 790
1115 799
1115 1135
1120 808
1120 818
1125 827
1125 1135
1130 836
1135 845
1135 855
1135 1135
1137 865
1140 875
1140 885
1140 895
1140 905
1140 915
1140 925
1140 935
1140 945
1140 955
1140 965
1140 975
1140 985
1140 995
1145 1004
1145 1135
1155 1004
1155 1135
1160 1013
1160 1023
1160 1033
1160 1043
1160 1053
1160 1063
1160 1073
1160 1083
1160 1093
1160 1103
1160 1113
1160 1123
