129 692
129 702
129 712
129 722
129 732
129 742
129 752
129 762
129 772
129 782
129 792
129 802
129 812
129 822
129 832
129 842
129 852
129 862
129 872
129 882
129 892
135 900
139 622
139 632
139 642
139 652
139 662
139 672
139 682
139 910
139 920
139 930
142 940
149 582
149 592
149 602
149 612
149 948
149 958
149 968
149 978
149 988
149 998
149 1008
150 1018
159 552
159 562
159 572
159 1023
159 1033
159 1043
159 1053
167 1060
169 522
169 532
169 542
169 1070
169 1080
169 1090
169 1100
172 1110
179 492
179 502
179 512
179 1118
179 1128
180 1138
189 462
189 472
189 482
189 1143
189 1153
189 1163
197 1170
199 442
199 452
199 1180
199 1190
199 1200
202 1210
209 422
209 432
209 1218
209 1228
210 1238
219 402
219 412
219 1243
219 1253
219 1263
219 1273
219 1283
227 1290
229 382
229 392
232 1299
239 362
239 372
239 1307
239 1317
249 352
249 1320
249 1330
249 1340
252 1350
259 332
259 342
259 1358
259 1368
260 1378
269 322
269 1383
269 1393
277 1400
279 312
279 1410
279 1420
282 1430
289 292
289 302
290 1437
299 282
299 1442
299 1452
299 1462
305 1470
309 262
309 272
311 1478
319 259
319 1484
319 1494
319 1504
327 1510
329 252
332 1519
339 232
339 242
339 1527
339 1537
349 222
349 1540
349 1550
352 1560
359 219
360 1567
369 202
369 212
369 1572
369 1582
375 1590
379 199
381 1598
389 192
389 1604
389 1614
397 1620
399 182
400 810
400 820
400 830
400 840
400 850
400 860
400 870
400 880
400 890
400 900
400 910
400 920
400 930
400 940
400 950
400 960
400 970
400 980
402 1629
405 989
409 172
409 1637
409 1647
410 750
410 760
410 770
410 780
410 790
410 800
410 998
410 1008
410 1018
410 1028
410 1038
419 169
419 1650
420 710
420 720
420 730
420 740
420 1042
420 1052
420 1062
420 1072
420 1082
420 1092
420 1102
427 1110
429 162
429 1650
430 680
430 690
430 700
430 1120
430 1130
430 1140
432 1660
435 1149
439 152
440 660
440 670
440 1158
440 1168
440 1178
440 1188
442 1660
449 142
450 630
450 640
450 650
450 1192
450 1202
450 1212
450 1222
452 1660
457 1230
459 139
460 610
460 620
460 1240
460 1250
462 1660
465 1259
469 132
470 590
470 600
470 1268
470 1278
472 1660
479 129
480 570
480 580
480 1282
480 1292
480 1302
480 1312
480 1322
482 1660
487 1330
489 122
490 560
490 1340
490 1350
492 1660
495 1359
499 112
500 540
500 550
500 1368
500 1378
502 1660
509 109
510 530
510 1382
510 1392
512 1660
517 1400
519 102
520 520
520 1410
520 1420
522 1660
525 1429
529 99
530 500
530 510
530 1438
530 1448
530 1458
530 1468
530 1650
539 92
540 490
540 1472
540 1482
540 1492
540 1502
540 1640
547 1510
549 89
550 480
550 1520
550 1530
550 1540
550 1550
550 1560
550 1570
550 1580
550 1590
550 1600
550 1610
550 1620
550 1630
559 82
560 470
569 79
570 460
579 72
580 450
589 69
590 440
599 69
600 440
609 62
610 430
619 59
620 420
629 59
630 410
639 52
640 410
649 49
650 400
659 49
660 400
669 42
670 380
670 390
679 39
680 380
689 39
690 380
699 32
700 370
709 29
710 370
719 29
720 370
729 29
730 360
739 29
740 360
749 22
750 360
759 19
760 350
769 19
770 350
779 19
780 350
789 19
790 340
799 19
800 340
809 19
810 340
819 12
820 330
829 9
830 330
839 9
840 330
849 9
850 330
859 9
860 330
869 9
870 320
879 9
880 320
889 9
890 320
899 9
900 320
909 9
910 320
919 9
920 320
929 9
930 320
939 9
940 320
949 9
950 320
959 9
960 320
969 9
970 320
979 9
980 320
989 11
990 320
995 19
999 325
1005 19
1008 330
1015 19
1018 330
1025 19
1028 330
1035 19
1038 330
1045 19
1048 330
1050 28
1052 340
1060 29
1062 340
1070 29
1070 347
1080 29
1080 350
1090 32
1090 350
1098 39
1099 355
1108 39
1108 360
1118 39
1118 360
1122 370
1128 40
1132 370
1133 49
1142 370
1143 49
1150 57
1150 377
1160 59
1160 380
1169 385
1170 59
1178 390
1180 62
1182 400
1188 69
1192 400
1198 69
1200 407
1208 69
1209 412
1215 420
1218 70
1223 79
1225 420
1231 428
1233 79
1239 434
1240 87
1247 440
1250 89
1252 449
1259 457
1260 92
1268 99
1269 460
1272 470
1278 100
1280 477
1283 109
1290 117
1290 480
1299 485
1299 495
1300 119
1308 500
1310 122
1312 510
1318 129
1320 517
1328 130
1329 522
1329 532
1329 1512
1329 1522
1329 1532
1329 1542
1333 139
1335 540
1335 1550
1339 1462
1339 1472
1339 1482
1339 1492
1339 1502
1339 1560
1339 1570
1339 1580
1339 1590
1339 1600
1339 1610
1339 1620
1340 147
1341 548
1342 1630
1349 554
1349 1422
1349 1432
1349 1442
1349 1452
1350 149
1352 1630
1357 560
1359 570
1359 1372
1359 1382
1359 1392
1359 1402
1359 1412
1360 152
1360 1637
1362 580
1367 160
1369 588
1369 1332
1369 1342
1369 1352
1369 1362
1369 1642
1370 598
1372 169
1375 1650
1379 603
1379 613
1379 1292
1379 1302
1379 1312
1379 1322
1381 1658
1382 169
1387 620
1389 630
1389 1262
1389 1272
1389 1282
1390 175
1390 185
1391 1660
1392 640
1399 648
1399 1212
1399 1222
1399 1232
1399 1242
1399 1252
1400 189
1400 658
1401 1660
1409 663
1409 673
1409 683
1409 1172
1409 1182
1409 1192
1409 1202
1410 192
1411 1660
1417 200
1417 690
1419 700
1419 710
1419 1112
1419 1122
1419 1132
1419 1142
1419 1152
1419 1162
1421 1660
1422 209
1422 720
1429 728
1429 738
1429 748
1429 758
1429 768
1429 1052
1429 1062
1429 1072
1429 1082
1429 1092
1429 1102
1430 215
1430 778
1431 1660
1438 221
1439 783
1439 793
1439 803
1439 813
1439 823
1439 833
1439 843
1439 853
1439 932
1439 942
1439 952
1439 962
1439 972
1439 982
1439 992
1439 1002
1439 1012
1439 1022
1439 1032
1439 1042
1441 1660
1444 229
1447 860
1449 870
1449 880
1449 890
1449 900
1449 910
1449 920
1450 1650
1454 229
1460 237
1460 247
1460 1640
1469 252
1470 1630
1477 259
1480 269
1480 1620
1490 272
1490 1610
1497 280
1500 1370
1500 1590
1500 1600
1502 289
1505 1379
1510 295
1510 1580
1518 301
1520 311
1520 1560
1520 1570
1526 319
1530 329
1530 1550
1540 332
1540 1530
1540 1540
1547 340
1550 350
1550 1510
1550 1520
1555 359
1560 368
1560 1480
1560 1490
1560 1500
1570 372
1570 1460
1570 1470
1577 380
1580 390
1580 1440
1580 1450
1585 399
1590 408
1590 418
1590 1410
1590 1420
1590 1430
1600 422
1600 1390
1600 1400
1607 430
1610 440
1610 450
1610 1370
1610 1380
1615 459
1620 468
1620 1340
1620 1350
1620 1360
1630 472
1630 482
1630 1320
1630 1330
1637 490
1640 500
1640 510
1640 1280
1640 1290
1640 1300
1640 1310
1645 519
1650 528
1650 538
1650 548
1650 1250
1650 1260
1650 1270
1660 552
1660 562
1660 572
1660 1210
1660 1220
1660 1230
1660 1240
1667 580
1670 590
1670 600
1670 1180
1670 1190
1670 1200
1675 609
1680 618
1680 628
1680 638
1680 648
1680 658
1680 1160
1680 1170
1690 662
1690 672
1690 682
1690 692
1690 702
1690 712
1690 1080
1690 1090
1690 1100
1690 1110
1690 1120
1690 1130
1690 1140
1690 1150
1697 720
1700 730
1700 740
1700 750
1700 760
1700 770
1700 780
1700 1000
1700 1010
1700 1020
1700 1030
1700 1040
1700 1050
1700 1060
1700 1070
1705 789
1710 798
1710 808
1710 818
1710 828
1710 838
1710 848
1710 858
1710 868
1710 878
1710 888
1710 898
1710 908
1710 918
1710 928
1710 938
1710 948
1710 958
1710 968
1710 978
1710 988
