64 347
64 357
64 367
64 377
64 387
64 397
64 407
64 417
64 427
64 437
64 447
69 312
69 322
69 332
69 456
69 466
74 292
74 302
74 475
74 485
74 495
74 505
79 277
79 514
79 524
84 262
84 533
84 543
85 553
89 247
89 563
94 232
94 572
94 582
99 222
99 591
99 601
104 212
104 610
107 620
109 202
109 630
109 640
114 192
115 648
119 182
120 657
124 667
127 174
129 676
129 686
132 164
134 695
139 704
140 156
141 714
145 146
149 720
149 730
153 139
155 738
157 129
159 748
164 757
167 124
169 766
172 114
174 775
180 783
181 109
185 792
186 100
192 800
196 95
197 809
204 87
204 817
210 825
214 82
219 830
222 74
225 465
225 475
225 485
225 495
225 505
225 515
227 525
229 830
230 420
230 430
230 440
230 450
230 535
231 69
232 545
235 410
235 555
235 565
239 830
240 64
240 395
240 574
245 375
245 385
245 583
249 57
249 830
250 355
250 365
250 592
250 602
255 345
255 611
259 52
259 830
260 335
260 620
260 630
260 640
265 325
265 649
265 659
267 824
269 47
270 315
270 668
275 305
275 815
278 675
279 42
280 295
283 808
285 285
285 683
289 37
290 275
290 692
290 702
290 800
294 712
295 722
295 732
295 742
295 752
295 790
298 268
299 34
300 761
300 771
300 781
305 260
308 29
315 255
318 29
325 250
327 24
335 245
337 19
345 240
347 19
355 235
356 14
365 230
366 14
375 230
376 10
385 230
386 9
395 230
396 9
405 230
406 9
415 4
415 230
424 225
425 4
434 225
435 4
444 225
445 4
454 225
455 4
464 225
465 4
474 225
475 4
484 225
485 4
494 225
495 7
503 230
505 9
513 230
515 9
522 235
525 12
532 235
535 14
542 239
545 17
552 240
555 19
562 244
565 22
571 249
574 27
581 253
584 29
591 255
593 34
601 258
603 34
609 265
612 39
618 270
621 44
625 278
630 49
634 757
634 767
634 777
634 787
635 282
639 747
639 796
640 52
642 290
644 737
646 804
648 59
649 727
650 297
654 810
657 64
657 305
657 719
659 697
659 707
662 314
663 815
664 324
664 677
664 687
666 69
669 333
669 657
669 667
672 820
674 342
674 632
674 642
675 74
679 351
679 361
679 612
679 622
682 820
683 80
684 370
684 567
684 577
684 587
684 597
687 380
689 542
689 552
690 827
692 85
692 389
694 399
694 409
694 419
694 429
694 439
694 449
694 459
694 469
694 479
694 517
694 527
697 94
699 488
699 498
699 508
700 830
706 99
710 830
714 106
720 114
720 830
728 823
730 117
734 127
735 815
742 134
743 808
749 142
750 795
757 149
758 788
760 159
763 778
768 165
770 765
775 173
775 755
780 182
780 740
785 730
787 190
790 720
792 199
795 209
795 705
800 695
803 215
805 225
805 685
810 234
810 670
815 243
815 660
820 252
820 640
820 650
824 262
825 272
825 625
830 281
830 605
830 615
833 291
835 301
835 590
840 310
840 320
840 580
842 330
845 340
845 350
845 540
845 550
845 560
845 570
847 360
850 370
850 380
850 390
850 500
850 510
850 520
850 530
855 399
855 409
855 419
855 429
855 439
855 449
855 459
855 469
855 479
855 489
