784 1037
784 1047
784 1057
784 1067
784 1077
784 1087
784 1097
784 1107
784 1117
784 1127
789 1007
789 1017
789 1027
789 1136
789 1146
789 1156
794 982
794 992
794 1165
794 1175
797 1185
799 962
799 972
799 1195
802 1205
804 947
804 1215
809 932
809 1224
811 1234
814 922
816 1243
819 907
819 1253
824 897
824 1262
829 887
829 1271
834 877
834 1280
834 1290
834 1300
834 1310
834 1320
834 1330
837 1340
839 1350
839 1360
839 1370
839 1380
839 1390
842 869
842 1400
844 1410
844 1420
844 1430
847 859
847 1440
849 1450
849 1460
852 849
852 1470
854 1480
854 1490
859 622
859 632
859 642
859 837
859 1499
859 1509
861 1519
864 612
864 651
864 1529
866 1539
867 829
869 602
869 660
869 1549
871 1559
872 670
872 819
874 1569
876 1579
877 594
879 1589
880 677
880 811
884 1598
884 1608
885 586
887 685
888 804
889 1617
889 1627
892 794
893 579
894 1636
896 690
899 1645
900 786
902 574
902 1655
904 696
904 1665
908 779
909 1674
911 569
914 700
914 1683
915 771
915 1693
920 564
920 1702
923 705
923 764
924 1712
929 559
929 1721
930 756
932 710
934 1730
937 1740
938 554
938 749
941 715
942 1749
947 549
947 744
949 1757
950 720
954 1766
955 736
957 549
959 1775
960 722
962 1785
966 544
969 1793
974 1802
975 539
979 1811
984 1820
985 536
990 1828
994 1927
994 1937
994 1947
995 534
998 1835
1002 1845
1002 1919
1002 1954
1005 531
1009 1962
1010 1852
1010 1911
1014 1862
1015 529
1017 1969
1018 1904
1022 1869
1025 526
1025 1975
1027 1899
1029 1877
1034 1980
1035 524
1036 1894
1037 1884
1043 1985
1045 521
1052 1990
1055 519
1062 1990
1065 519
1071 1995
1074 514
1081 1998
1084 514
1091 2000
1094 514
1101 2003
1103 509
1111 2005
1113 509
1121 2005
1123 509
1130 2010
1133 509
1140 2010
1142 504
1150 2010
1152 504
1159 2015
1162 504
1169 2015
1172 504
1179 2015
1182 504
1189 2015
1192 504
1199 2015
1201 499
1208 2020
1211 499
1218 2020
1221 499
1228 2020
1231 499
1238 2020
1241 499
1248 2020
1251 499
1258 2020
1261 499
1268 2020
1271 499
1278 2020
1281 499
1288 2020
1291 499
1298 2020
1301 499
1308 2020
1311 499
1318 2020
1321 499
1328 2020
1331 499
1338 2018
1341 499
1348 2015
1350 504
1358 2015
1360 504
1368 2015
1370 504
1378 2015
1380 504
1388 2013
1390 504
1398 2010
1400 504
1408 2010
1410 507
1418 2008
1420 509
1428 2005
1430 509
1438 2005
1440 509
1447 2000
1449 514
1457 2000
1459 514
1466 1995
1469 514
1476 1995
1478 519
1485 1990
1488 519
1495 1985
1498 520
1505 1980
1508 524
1510 1890
1515 1899
1515 1975
1518 525
1518 1883
1525 1875
1525 1902
1525 1970
1528 529
1532 1910
1533 1868
1533 1963
1538 530
1540 1855
1540 1917
1540 1955
1547 1925
1548 534
1548 1848
1548 1948
1550 1935
1555 1835
1558 535
1563 1828
1568 539
1570 1815
1577 544
1578 1808
1583 1798
1585 720
1586 549
1588 1788
1590 729
1595 720
1595 1775
1596 549
1598 735
1600 1765
1604 715
1605 554
1605 743
1605 1755
1613 710
1613 1748
1614 559
1615 747
1618 1738
1620 1725
1622 705
1622 755
1623 564
1625 1715
1630 762
1630 1705
1631 700
1632 569
1635 1695
1637 770
1640 695
1640 1680
1641 574
1645 777
1645 1670
1649 690
1650 579
1650 1655
1652 785
1655 1645
1657 684
1658 585
1660 792
1660 1630
1665 593
1665 675
1665 801
1665 1615
1670 1595
1670 1605
1671 809
1673 600
1673 668
1675 1580
1677 610
1678 658
1679 816
1680 1560
1680 1570
1682 619
1683 648
1685 629
1685 824
1685 1540
1685 1550
1690 833
1690 1520
1690 1530
1695 842
1695 1495
1695 1505
1700 1470
1700 1480
1702 850
1705 1440
1705 1450
1705 1460
1707 859
1710 869
1710 1400
1710 1410
1710 1420
1710 1430
1715 1340
1715 1350
1715 1360
1715 1370
1715 1380
1715 1390
1718 875
1720 1280
1720 1290
1720 1300
1720 1310
1720 1320
1720 1330
1722 885
1725 1270
1727 894
1730 904
1730 1260
1735 913
1735 1245
1740 922
1740 1235
1744 932
1745 942
1745 1220
1750 951
1750 1205
1753 961
1755 971
1755 1185
1755 1195
1758 981
1760 991
1760 1001
1760 1160
1760 1170
1765 1010
1765 1020
1765 1030
1765 1130
1765 1140
1765 1150
1770 1039
1770 1049
1770 1059
1770 1069
1770 1079
1770 1089
1770 1099
1770 1109
1770 1119
