84 1092
84 1102
84 1112
89 1057
89 1067
89 1077
89 1121
89 1131
89 1141
94 1037
94 1047
94 1150
99 1027
100 1158
107 1019
108 1165
109 1175
115 1011
115 1183
120 1001
125 1187
128 994
132 984
135 1190
142 984
144 1195
150 1203
152 979
158 1210
161 974
164 807
164 817
164 847
164 857
168 1210
169 777
169 787
169 797
169 826
169 836
171 974
172 864
174 767
177 1215
179 742
179 752
179 872
179 882
181 974
184 732
184 891
184 1542
184 1552
185 1222
189 722
189 900
189 1527
189 1561
189 1571
189 1581
191 974
194 712
194 1227
194 1517
194 1590
195 908
199 702
199 1462
199 1472
199 1497
199 1507
200 1598
201 974
203 915
204 692
204 1230
204 1417
204 1427
204 1437
204 1447
204 1481
207 925
208 1605
209 667
209 677
209 981
209 1342
209 1352
209 1362
209 1372
209 1382
209 1392
209 1402
209 1615
209 1625
213 1235
214 652
214 1297
214 1307
214 1317
214 1327
214 1634
215 932
215 989
219 622
219 632
219 642
219 1262
219 1272
219 1282
219 1662
220 1642
223 1235
224 937
224 1252
224 1652
225 989
227 614
227 1669
229 1243
232 944
234 587
234 597
234 994
234 1677
239 572
239 952
242 1000
244 1680
247 564
249 547
249 955
250 1007
250 1688
254 537
255 963
258 1014
259 527
260 1690
263 970
268 1014
268 1683
269 522
270 978
274 988
274 998
277 514
278 1678
285 506
288 1673
295 504
298 1668
304 1660
305 507
310 530
312 515
313 1655
315 539
320 548
320 570
322 580
322 1649
325 557
325 605
327 589
327 1639
330 614
330 624
330 634
335 643
337 1635
343 649
345 1625
349 632
354 612
354 622
355 1615
359 572
359 582
359 592
359 602
360 1605
364 527
364 537
364 547
364 557
365 1585
365 1595
369 157
369 167
369 177
369 187
369 217
369 227
369 252
369 507
369 517
374 147
374 196
374 206
374 236
374 261
374 282
374 292
374 497
374 1580
379 127
379 137
379 270
379 301
379 311
379 321
379 331
379 487
382 1574
384 112
384 340
384 350
384 367
384 452
384 462
384 472
387 1564
389 92
389 102
389 376
389 386
389 396
389 406
389 416
389 426
389 436
390 1545
395 1535
397 84
400 1500
400 1510
400 1520
405 1490
407 84
410 1460
410 1470
410 1480
415 76
418 1453
420 1415
420 1425
420 1435
423 69
425 1385
425 1395
425 1405
432 64
433 1378
440 1345
440 1355
440 1365
442 64
445 1335
452 64
455 1335
462 64
465 1337
472 59
475 1335
480 1055
480 1090
480 1100
480 1110
481 64
482 1065
485 1015
485 1025
485 1035
485 1045
485 1075
485 1119
485 1330
489 1105
490 695
490 705
490 995
490 1005
491 64
491 1095
494 1325
495 685
495 985
496 1085
499 1067
500 610
500 620
500 650
500 660
500 670
500 701
501 64
502 630
503 978
504 1057
504 1322
505 570
505 580
505 590
505 600
505 640
505 960
505 1300
508 694
509 1047
510 525
510 535
510 545
510 555
510 1290
510 1309
511 64
512 684
513 953
515 485
515 495
515 505
515 515
515 1255
515 1265
515 1275
517 674
517 1039
520 69
520 455
520 465
520 475
520 1220
520 1230
520 1240
523 948
525 445
525 1210
526 669
527 1039
530 69
530 410
530 420
530 430
530 1175
530 1185
530 1195
533 943
534 657
535 385
535 395
535 1055
535 1065
535 1090
535 1100
535 1110
535 1120
535 1135
535 1145
535 1155
535 1165
537 1039
539 935
540 72
540 370
540 1074
542 649
547 80
547 929
549 365
550 641
555 87
555 920
557 359
558 634
560 340
563 913
564 92
565 325
568 635
570 100
570 305
570 315
570 645
570 655
570 665
570 905
575 109
575 285
575 295
575 674
575 890
580 118
580 128
580 270
583 680
583 883
585 137
585 260
585 690
587 700
590 146
590 245
590 710
590 850
590 860
590 870
595 170
595 210
595 220
595 230
595 719
595 729
595 739
595 749
595 810
595 820
595 830
595 840
596 154
597 180
600 190
600 200
600 758
600 768
600 778
600 788
600 798
