374 2702
374 2712
379 2721
384 2697
386 2729
389 2677
389 2687
389 2747
389 2757
389 2767
394 2667
394 2735
394 2776
399 2785
404 2657
408 2790
409 2627
409 2637
409 2647
414 2617
418 2790
419 2607
424 2582
424 2592
428 2790
434 2577
437 2785
439 2537
439 2547
439 2557
439 2567
446 2780
447 2529
449 2837
454 2827
454 2846
456 2780
457 2524
459 2855
462 2514
462 2865
464 2822
466 2780
467 2504
472 2864
474 2817
476 2780
477 2499
479 2807
482 2860
485 2775
487 2494
489 2804
491 2865
492 2484
495 2770
497 2474
499 2804
500 2870
502 2464
505 2772
505 2796
507 2454
509 2437
510 2870
514 2427
515 2775
515 2791
519 2417
520 2870
524 2407
525 2775
525 2786
529 2387
529 2397
530 2870
534 2377
539 2357
539 2367
539 2865
544 2347
549 2865
554 2337
558 2870
564 2327
567 2865
569 2317
574 2287
574 2297
574 2307
576 2860
584 2282
586 2860
594 2257
594 2267
594 2277
596 2860
604 2247
605 2855
614 2217
614 2227
614 2237
615 2855
624 2212
625 2855
634 2207
635 2850
639 2187
639 2197
644 2177
645 2850
654 2167
655 2845
664 2162
665 2840
674 2137
674 2147
674 2157
675 2840
679 2127
685 2840
687 2119
694 2097
694 2107
695 2835
704 2092
705 2835
714 2087
715 2835
719 2077
724 2067
725 2825
734 2057
735 2825
744 2047
745 2825
754 2042
755 2815
764 2037
765 2810
769 2027
775 2805
777 2019
785 2795
787 2014
792 2004
795 2795
797 1994
805 2795
807 1989
815 2785
817 1984
822 1974
825 2775
831 1969
834 1757
834 1767
834 1827
834 1837
834 1897
834 1907
835 2765
839 1776
839 1786
839 1796
839 1806
839 1816
839 1857
839 1867
839 1877
839 1887
839 1927
839 1957
844 1707
844 1717
844 1727
844 1737
844 1747
844 1840
844 1910
844 1936
844 1946
845 2760
849 1697
855 2755
859 1696
860 1706
865 2745
866 1714
874 1707
875 2745
879 1647
879 1657
879 1687
879 1697
884 1607
884 1617
884 1637
884 1666
884 1676
885 2745
889 1557
889 1567
889 1577
889 1587
889 1597
889 1626
894 1547
895 2735
904 1544
905 2725
910 1552
915 2715
918 1559
925 2710
927 1554
929 1527
929 1537
934 1517
935 2705
944 1507
945 2695
949 1477
949 1487
949 1497
955 2690
957 1469
964 1457
965 2685
969 1447
970 2675
979 1446
979 2670
980 1456
980 1466
983 1476
989 1484
989 2670
997 2664
999 1484
1002 2654
1005 1476
1012 2649
1014 1467
1020 2635
1024 1462
1029 2630
1034 1442
1034 1459
1038 2625
1040 1467
1042 1434
1042 1449
1044 1477
1045 1487
1045 1497
1045 2615
1050 1515
1050 2605
1052 1525
1054 1502
1059 2600
1062 1529
1067 2594
1071 1524
1072 2584
1076 1515
1082 2579
1086 1510
1092 2574
1094 1492
1096 1505
1102 1484
1102 2569
1105 1515
1105 1525
1105 1535
1105 1545
1106 1504
1107 1555
1112 1564
1112 2564
1117 2555
1121 1569
1125 2545
1130 1564
1135 2535
1139 1559
1144 1542
1145 2525
1149 1551
1150 1561
1150 1585
1150 2515
1152 1534
1152 1595
1155 1570
1155 1605
1155 1615
1157 1625
1160 1635
1160 2515
1162 1645
1167 1654
1169 2520
1170 1664
1170 1674
1175 1683
1178 2515
1185 1687
1187 2510
1194 1692
1197 2510
1204 1637
1204 1647
1204 1657
1204 1667
1204 1694
1207 2510
1209 1587
1209 1676
1214 1596
1214 1606
1214 1616
1214 1626
1217 1579
1217 2514
1219 1547
1219 1557
1224 1467
1224 1477
1224 1517
1224 1527
1224 1537
1224 1566
1227 2515
1229 1486
1229 1496
1229 1506
1234 1457
1236 2510
1239 1427
1239 1437
1239 1447
1244 1417
1246 2510
1249 1397
1249 1407
1254 1387
1256 2510
1259 1367
1259 1377
1264 1357
1266 2510
1269 1347
1274 1337
1276 2510
1284 1327
1286 2510
1294 1317
1296 2510
1304 1307
1306 2510
1314 1297
1315 2505
1324 1287
1325 2505
1334 1277
1335 2505
1344 1257
1344 1267
1345 2500
1354 1257
1355 2502
1359 1237
1359 1247
1364 1227
1365 2505
1370 2345
1374 1222
1375 2335
1375 2354
1375 2495
1384 1217
1385 2330
1385 2351
1385 2495
1389 1207
1394 1197
1395 2325
1395 2346
1395 2497
1400 2315
1404 1187
1405 2305
1405 2341
1405 2500
1409 1177
1415 2295
1415 2336
1415 2495
1417 1169
1425 2285
1425 2334
1425 2495
1427 1164
1432 1154
1435 2280
1435 2334
1435 2495
1437 1144
1442 1134
1444 2327
1445 2275
1445 2490
1450 2265
1451 1129
1454 2324
1455 2490
1459 2260
1460 1124
1464 2324
1465 2485
1466 1115
1469 2260
1474 1107
1474 2317
1475 2480
1477 2254
1482 2244
1484 1097
1484 2312
1485 2482
1492 2239
1494 1087
1494 2309
1495 2485
1500 2225
1504 1077
1504 2307
1505 2475
1509 2220
1514 1067
1514 2304
1515 2475
1518 2215
1524 1057
1524 2304
1525 2205
1525 2475
1530 2195
1530 2465
1534 1047
1534 2302
1539 1037
1539 2190
1539 2460
1544 2297
1547 1029
1547 2184
1548 2455
1552 2174
1554 2292
1557 1024
1557 2450
1562 2169
1564 2287
1565 1016
1566 2445
1572 2164
1574 1007
1574 2284
1575 2435
1577 2154
1582 2144
1584 1002
1584 2284
1585 2425
1592 2139
1594 997
1594 2277
1595 2115
1595 2125
1595 2420
1599 987
1603 2413
1604 977
1604 2274
1605 2105
1608 2403
1613 2393
1614 972
1614 2274
1615 2095
1622 964
1623 2390
1624 974
1624 2272
1625 2090
1627 954
1633 2388
1634 2269
1635 2065
1635 2075
1635 2085
1637 954
1640 2055
1640 2375
1644 2267
1647 954
1649 2050
1650 2375
1652 944
1654 2262
1657 934
1658 2045
1660 2365
1664 2259
1665 2340
1665 2350
1667 929
1667 2040
1674 2257
1675 2335
1677 924
1677 2040
1682 914
1684 2252
1685 2325
1687 2040
1690 2315
1691 909
1694 2249
1695 2305
1696 2035
1700 904
1700 2295
1704 2247
1705 2030
1709 899
1709 2290
1714 2242
1715 2032
1718 894
1718 2285
1724 2037
1724 2241
1725 886
1725 2275
1730 2265
1733 2246
1734 2037
1735 881
1735 2256
1744 2035
1745 879
1754 2035
1755 876
1760 866
1764 2037
1768 859
1774 2035
1778 859
1784 2035
1787 854
1792 844
1794 2037
1801 839
1804 2032
1810 834
1814 2030
1819 829
1824 2030
1829 829
1834 2030
1838 824
1844 2027
1845 816
1854 2022
1855 814
1864 2020
1865 814
1874 807
1874 2020
1883 2025
1884 802
1893 2023
1894 797
1903 2020
1904 792
1913 2020
1914 787
1923 2018
1924 777
1933 2013
1934 774
1943 2010
1944 774
1953 2010
1954 772
1963 2010
1964 769
1973 2008
1974 769
1983 2003
1984 767
1993 2000
1994 757
2002 2005
2004 752
2012 2004
2014 747
2017 1995
2024 744
2026 1990
2034 744
2035 1105
2035 1115
2036 1990
2037 1125
2040 1065
2040 1075
2040 1135
2040 1145
2040 1175
2042 1085
2042 1155
2044 742
2045 1030
2045 1040
2045 1055
2045 1095
2045 1165
2045 1184
2045 1985
2054 739
2055 1005
2055 1015
2055 1025
2055 1181
2055 1980
2064 739
2065 995
2065 1179
2065 1975
2070 965
2070 975
2070 985
2074 737
2075 935
2075 945
2075 955
2075 1176
2075 1970
2084 734
2084 1167
2085 925
2085 1955
2085 1965
2089 1157
2090 915
2094 736
2095 905
2095 1955
2099 1154
2100 744
2100 885
2100 895
2105 875
2105 1945
2109 749
2109 1154
2110 865
2115 855
2115 1146
2115 1945
2118 754
2120 815
2120 825
2120 835
2120 845
2124 1137
2125 762
2125 772
2125 782
2125 792
2125 1945
2129 810
2130 1935
2132 800
2134 1127
2139 1117
2139 1930
2148 1925
2149 1114
2155 1915
2159 1107
2160 1905
2165 1895
2167 1099
2170 1885
2175 1875
2177 1099
2185 1515
2185 1525
2185 1870
2187 1094
2192 1084
2195 1505
2195 1526
2195 1865
2200 1855
2201 1079
2205 1500
2205 1524
2209 1057
2209 1067
2209 1850
2214 1047
2215 1495
2215 1524
2219 1850
2220 1475
2220 1485
2224 1037
2224 1517
2227 1844
2229 1470
2232 1835
2234 1027
2234 1512
2238 1465
2239 1017
2242 1835
2244 1007
2244 1511
2245 1455
2252 1834
2254 997
2254 1514
2255 1445
2257 1824
2259 977
2259 987
2262 1814
2264 967
2264 1512
2265 1435
2270 1425
2272 1809
2274 937
2274 947
2274 957
2274 1511
2279 1420
2282 1804
2284 927
2284 1514
2287 1414
2287 1795
2289 917
2292 1404
2294 907
2294 1507
2296 1790
2299 887
2299 897
2302 1399
2304 877
2304 1502
2304 1782
2309 857
2309 867
2312 1394
2314 847
2314 1501
2314 1780
2317 1385
2319 827
2319 837
2324 817
2324 1504
2324 1777
2325 1375
2330 1765
2334 807
2334 1502
2335 1365
2335 1755
2339 797
2340 1355
2344 767
2344 777
2344 787
2344 1497
2345 1755
2349 1350
2354 757
2354 1492
2355 1755
2359 747
2359 1350
2364 1491
2365 1745
2367 739
2368 1345
2374 717
2374 727
2374 1494
2375 1735
2377 1340
2379 697
2379 707
2384 1487
2385 1725
2386 1335
2387 689
2389 1477
2390 1325
2390 1715
2395 1315
2397 684
2399 667
2399 1474
2400 1715
2404 657
2405 1305
2409 1474
2410 1715
2414 647
2415 1300
2415 1705
2418 1469
2424 637
2425 1300
2425 1700
2428 1469
2429 627
2434 617
2435 1300
2435 1695
2438 1469
2439 607
2440 1685
2445 1295
2447 599
2447 1464
2449 1680
2455 1290
2457 594
2457 1459
2457 1674
2462 1664
2465 586
2465 1285
2467 1459
2467 1655
2474 577
2475 1275
2475 1645
2477 1454
2484 567
2485 1275
2485 1635
2487 1449
2489 557
2495 1275
2495 1635
2497 549
2497 1444
2505 1265
2505 1635
2507 544
2507 1439
2510 1615
2510 1625
2512 534
2515 1265
2517 1439
2519 1610
2521 529
2525 1265
2527 1439
2527 1604
2530 524
2532 1594
2535 1255
2536 515
2537 1434
2537 1585
2544 507
2545 1250
2546 1580
2547 1429
2554 497
2555 1250
2555 1575
2557 1424
2560 1565
2564 492
2565 1245
2565 1416
2569 1560
2574 487
2575 1245
2575 1411
2577 1554
2582 1544
2584 477
2585 1245
2585 1406
2587 1535
2594 474
2595 1235
2595 1401
2595 1525
2604 476
2605 1230
2605 1399
2605 1515
2614 477
2615 1230
2615 1396
2615 1510
2624 467
2625 1225
2625 1391
2625 1505
2630 1495
2634 464
2635 1225
2635 1389
2635 1485
2640 1475
2644 464
2645 1225
2645 1386
2645 1465
2650 1376
2654 462
2655 1215
2655 1366
2655 1440
2655 1450
2655 1460
2664 461
2664 1357
2665 1210
2665 1435
2670 1425
2673 466
2674 1352
2675 1205
2675 1400
2675 1410
2683 469
2684 1349
2685 1200
2685 1395
2693 469
2694 1349
2695 1200
2695 1370
2695 1380
2695 1390
2702 1355
2703 470
2705 1200
2705 1365
2713 474
2715 1195
2723 474
2725 1190
2732 469
2735 1185
2741 474
2745 1175
2750 479
2755 1175
2759 484
2765 1175
2768 489
2775 1165
2778 489
2785 1165
2787 494
2795 1165
2796 499
2805 504
2805 1160
2815 507
2815 1160
2825 509
2825 1155
2835 512
2835 1145
2844 517
2845 1140
2852 524
2855 534
2855 1135
2865 537
2865 1130
2875 539
2875 1125
2885 539
2885 1115
2895 542
2895 1110
2904 547
2905 1105
2912 554
2915 564
2915 1095
2920 573
2925 1085
2928 579
2935 1075
2938 579
2940 1065
2948 579
2949 1060
2955 587
2955 597
2958 1055
2962 605
2965 1025
2965 1035
2965 1045
2967 614
2970 624
2970 1005
2970 1015
2975 995
2980 624
2985 985
2990 627
2990 965
2990 975
2994 637
2995 647
2995 657
2995 935
2995 945
2995 955
2999 667
3004 676
3005 925
3010 684
3010 915
3015 693
3015 703
3015 713
3015 723
3015 885
3015 895
3015 905
3020 865
3020 875
3023 730
3025 835
3025 845
3025 855
3030 738
3030 795
3030 805
3030 815
3030 825
3035 747
3035 785
3039 757
3040 767
