174 847
174 857
174 867
174 877
174 887
174 897
174 907
179 832
179 916
184 812
184 822
184 925
184 935
187 945
189 797
189 955
194 787
194 964
194 974
199 442
199 452
199 462
199 472
199 482
199 492
199 502
199 512
199 522
199 983
200 993
202 779
204 412
204 422
204 432
204 531
204 541
204 551
205 1002
209 392
209 402
209 560
209 570
209 767
214 372
214 382
214 579
214 589
215 1005
217 759
219 357
219 598
220 608
224 347
225 617
225 751
225 1007
229 337
229 627
230 741
234 322
234 636
234 1012
238 734
239 645
242 314
242 1019
244 654
245 726
247 304
249 663
250 855
250 865
250 875
250 885
250 895
252 294
252 1020
253 719
254 672
255 835
255 845
255 904
255 914
257 284
259 681
260 825
260 923
260 933
262 714
262 1024
264 272
264 690
265 942
265 952
268 818
270 698
270 961
271 1029
272 264
272 714
273 808
273 971
275 981
278 705
278 991
279 252
280 800
280 1001
280 1011
280 1021
284 847
284 857
284 867
284 877
284 887
284 897
284 907
284 917
284 927
284 937
287 244
288 793
289 827
289 837
289 946
289 956
294 785
294 812
294 965
294 975
295 236
299 802
299 984
301 994
303 229
303 780
304 1004
306 1014
307 794
309 1024
309 1034
310 221
312 774
315 786
317 1040
318 214
322 770
325 206
327 1040
331 765
333 199
337 1040
340 191
347 1040
348 184
356 1045
357 179
360 850
360 860
360 870
360 880
360 890
360 900
360 910
360 920
360 930
365 171
365 840
365 939
365 949
366 1045
370 958
370 968
373 833
375 166
375 977
375 987
376 1045
380 996
383 159
383 828
383 1006
385 1016
385 1026
385 1036
389 882
389 892
389 902
389 912
389 922
389 932
389 942
390 820
392 154
394 867
394 951
399 847
399 857
399 960
399 970
400 820
401 149
402 980
404 837
404 990
409 999
410 144
410 820
411 1009
412 830
414 1019
414 1029
414 1039
419 139
422 1045
428 134
431 1050
437 129
441 1050
447 124
451 1050
457 119
461 1050
465 890
465 900
465 910
465 920
465 930
467 114
470 870
470 880
470 939
470 949
471 1050
475 958
475 968
477 114
479 865
480 977
481 1053
484 987
485 997
486 109
487 859
489 887
489 897
489 907
489 917
489 927
489 937
489 1007
490 1017
490 1027
490 1037
491 1055
494 877
494 946
494 956
496 105
497 859
499 965
499 975
504 984
506 104
506 994
511 1003
515 1013
516 100
519 1023
524 1032
524 1042
524 1052
526 99
534 1055
535 94
544 1055
545 94
554 1055
555 91
564 1055
565 89
565 900
565 910
565 920
565 930
567 940
570 890
570 950
574 1055
575 89
575 875
575 959
575 969
580 978
584 1055
585 89
585 875
585 987
590 996
593 1006
594 1055
595 86
595 877
595 1016
598 1026
600 1036
600 1046
605 84
605 880
615 84
615 880
625 84
625 880
635 84
635 880
645 84
645 880
655 84
655 880
665 84
665 880
675 84
675 880
685 84
685 880
689 1002
689 1012
689 1022
689 1032
689 1042
694 89
694 875
694 987
695 1050
699 967
699 977
704 89
704 875
704 885
704 952
705 1050
709 894
709 942
711 904
714 89
714 914
714 924
715 1045
724 89
725 1045
733 94
735 1045
743 94
745 1045
753 95
754 1040
763 99
764 1037
765 1010
765 1020
770 990
770 1000
772 104
775 975
780 865
780 875
782 104
783 968
784 1027
785 884
785 894
788 958
789 870
789 1012
790 903
790 913
790 923
790 933
790 943
791 109
794 997
794 1027
798 875
799 987
801 109
804 962
804 972
804 1022
805 883
809 893
809 903
809 913
809 923
809 933
809 943
809 953
810 114
814 1020
820 117
823 1015
829 122
833 1015
839 126
842 1010
848 131
852 1010
858 135
860 825
861 1005
862 835
867 140
870 825
870 842
871 1005
874 852
877 144
879 830
879 997
880 860
880 965
880 975
880 985
882 840
885 869
885 879
885 889
885 899
885 909
885 919
885 929
885 939
885 949
886 149
890 847
894 156
897 855
903 161
905 862
910 169
912 870
914 880
919 889
920 172
924 898
924 908
924 992
925 918
928 179
929 928
929 938
929 948
929 958
929 968
929 978
934 990
935 780
937 184
937 790
943 985
944 192
944 775
945 797
952 199
952 805
952 980
953 780
959 207
960 812
962 979
963 780
967 214
967 820
970 788
970 970
972 829
974 222
979 837
980 792
980 965
982 229
984 846
985 856
987 800
989 237
990 865
990 960
995 874
997 244
997 804
1000 715
1000 883
1000 893
1000 903
1000 913
1000 955
1001 814
1004 252
1005 705
1005 724
1005 922
1005 932
1005 942
1009 261
1009 820
1013 698
1015 269
1015 727
1015 828
1020 278
1020 685
1020 837
1023 734
1027 845
1028 285
1028 678
1032 295
1032 739
1032 854
1033 668
1037 304
1038 658
1039 862
1039 872
1040 314
1041 744
1043 648
1044 881
1044 891
1048 320
1049 751
1049 900
1050 330
1050 630
1050 640
1052 910
1054 920
1055 339
1055 620
1055 759
1057 930
1060 348
1060 610
1060 768
1065 357
1065 367
1065 595
1066 925
1068 775
1070 376
1070 386
1070 575
1070 585
1075 395
1075 405
1075 555
1075 565
1075 783
1075 920
1080 414
1080 424
1080 434
1080 525
1080 535
1080 545
1080 792
1084 915
1085 443
1085 453
1085 463
1085 473
1085 483
1085 493
1085 503
1085 513
1085 801
1091 809
1093 910
1095 819
1102 905
1103 825
1107 835
1110 845
1112 904
1115 854
1115 864
1120 873
1120 883
1122 899
