69 477
69 487
69 497
69 507
69 517
69 527
74 457
74 467
74 536
74 546
79 447
79 555
84 437
84 564
89 427
89 573
94 417
94 582
99 591
102 409
104 600
107 399
110 608
115 391
118 615
123 384
125 623
130 376
133 630
138 369
140 638
145 361
148 645
153 354
157 650
162 349
164 897
165 657
169 747
169 757
169 767
169 777
169 787
169 797
169 807
169 817
169 827
169 837
169 847
169 857
169 867
169 877
169 887
170 341
172 665
172 904
174 727
174 737
179 712
180 336
182 669
182 905
184 692
184 702
188 329
189 682
192 909
197 324
202 910
206 319
211 915
215 314
220 920
224 309
229 925
233 304
239 922
240 900
240 910
242 299
245 750
245 760
245 770
245 780
245 790
245 800
245 810
245 820
245 830
245 840
245 850
245 860
245 870
245 880
245 890
250 735
252 294
255 715
255 725
262 289
265 715
272 289
275 717
281 284
284 722
284 772
284 782
284 792
284 802
284 812
284 822
284 832
284 842
284 852
284 862
284 872
284 882
284 892
284 902
284 912
284 922
284 932
289 752
289 762
290 279
294 725
294 735
294 935
300 276
303 940
310 271
313 940
320 269
322 945
329 264
332 945
339 264
342 945
348 259
352 949
357 939
358 259
360 775
360 785
360 795
360 805
360 815
360 825
360 835
360 845
360 855
360 865
360 875
360 885
360 895
360 905
360 915
360 925
365 755
365 765
367 254
374 750
377 254
379 887
379 897
379 907
379 917
379 927
379 937
379 947
383 755
384 867
384 877
384 956
386 249
389 832
389 842
389 852
393 755
394 812
394 822
394 960
396 249
399 777
399 787
399 797
402 760
404 960
405 244
413 965
415 244
423 965
424 239
432 970
434 239
442 974
444 237
452 974
454 234
455 890
455 900
455 910
455 920
455 930
455 940
455 950
455 960
460 875
464 234
465 835
465 845
465 855
465 865
470 820
474 234
475 780
475 790
475 800
475 810
483 229
484 775
493 229
494 775
503 229
504 775
513 229
514 775
514 842
514 852
514 862
514 872
514 882
514 892
514 902
514 912
514 922
514 932
514 942
514 952
514 962
514 972
514 982
519 827
520 990
522 224
523 780
524 790
524 800
524 810
530 992
532 224
540 995
542 224
550 997
552 224
560 1000
562 224
570 1000
572 219
580 1000
582 219
589 1005
590 850
590 860
590 870
590 880
590 890
590 900
590 910
590 920
590 930
590 940
590 950
590 960
590 970
590 980
592 219
592 990
595 830
595 840
600 795
600 805
600 815
602 219
605 785
612 219
615 785
622 219
625 785
632 219
635 785
642 219
645 785
652 219
655 785
662 219
665 785
672 219
674 790
677 800
682 219
685 807
689 817
692 219
694 826
694 836
694 846
694 856
699 865
702 219
702 875
704 885
707 895
709 905
712 219
712 915
714 925
719 934
719 944
722 219
724 953
724 963
724 973
725 983
729 993
729 1003
731 224
737 1010
741 224
747 1009
751 224
757 1005
760 785
761 224
765 795
765 805
767 815
767 1005
770 825
770 835
770 845
771 224
774 800
775 854
775 864
777 810
777 1005
780 229
780 873
780 883
784 818
784 828
785 892
785 902
787 1005
789 837
789 847
790 229
790 911
790 921
794 856
795 930
797 940
797 1005
800 229
800 950
800 960
800 970
801 864
802 980
804 874
805 990
806 884
809 894
810 229
811 904
814 914
819 234
819 923
819 933
819 943
819 953
824 962
824 972
829 234
829 981
829 991
834 1000
839 234
840 770
844 1000
845 779
849 236
850 770
850 788
854 1000
855 797
855 807
859 239
859 775
860 816
862 785
862 994
863 826
869 239
869 793
870 834
872 989
874 802
875 843
875 853
878 244
879 811
879 821
880 862
880 872
882 985
884 830
884 882
885 842
885 892
888 244
889 852
890 901
890 911
892 984
894 861
895 920
895 930
895 940
897 249
897 950
899 870
900 960
902 880
902 970
902 980
907 249
907 889
914 897
914 907
916 254
919 916
919 926
924 935
924 945
926 254
929 954
931 964
935 259
935 760
936 973
940 769
945 259
945 760
945 778
946 975
950 787
950 797
954 264
955 760
955 806
955 816
955 970
960 825
962 835
964 264
964 765
965 970
967 844
969 774
970 854
973 269
973 963
975 782
978 860
979 792
979 802
982 870
983 270
983 958
984 811
985 880
987 890
990 900
991 819
992 275
993 955
994 829
995 909
995 919
996 839
999 849
1000 928
1000 938
1002 279
1003 953
1004 858
1004 868
1009 877
1009 887
1011 284
1014 896
1020 289
1020 715
1021 904
1024 914
1025 724
1026 924
1029 934
1030 289
1030 715
1030 733
1031 944
1035 742
1039 294
1039 710
1041 945
1042 750
1047 759
1048 299
1048 705
1050 769
1050 779
1050 940
1057 304
1057 700
1058 785
1059 935
1062 795
1065 805
1066 309
1066 695
1067 815
1069 935
1070 825
1075 314
1075 690
1075 834
1075 844
1078 930
1080 853
1080 863
1085 317
1085 685
1088 870
1088 928
1092 880
1094 322
1095 680
1095 890
1097 900
1098 923
1100 910
1102 329
1104 675
1111 334
1112 669
1120 339
1122 664
1128 345
1130 655
1135 353
1139 650
1145 357
1147 644
1152 365
1155 635
1160 372
1163 628
1167 380
1170 620
1175 387
1178 613
1182 395
1185 605
1190 402
1190 595
1194 412
1198 588
1200 420
1203 578
1205 429
1208 568
1210 438
1213 558
1215 447
1218 548
1219 457
1220 467
1220 530
1224 477
1225 487
1225 497
1225 507
1225 517
