79 637
79 647
79 657
79 667
79 677
79 687
79 697
84 617
84 627
84 706
89 597
89 607
89 715
92 725
94 587
97 734
99 577
101 744
104 567
109 750
112 559
112 760
119 547
120 767
127 539
127 775
134 527
135 782
142 519
142 790
150 511
151 795
158 504
159 801
165 496
166 809
173 489
176 813
182 484
184 820
190 476
193 825
200 471
202 830
210 466
211 835
220 461
220 840
229 845
230 456
239 845
240 451
248 850
250 449
257 855
259 444
266 860
269 442
275 865
279 437
284 870
289 434
293 875
298 429
303 875
308 429
312 880
318 429
321 885
327 424
331 888
337 419
341 890
347 419
350 895
357 414
359 900
367 414
369 900
377 409
378 905
387 409
387 910
396 404
397 910
406 404
407 914
416 400
417 915
426 399
426 920
436 395
436 923
446 394
446 925
455 930
456 390
465 930
466 389
474 935
476 389
484 935
485 384
493 940
495 384
503 940
504 379
512 945
514 379
522 945
523 374
532 949
533 374
542 369
542 950
552 369
552 954
562 364
562 955
572 364
572 955
581 359
581 960
591 355
591 960
601 354
601 960
610 965
611 354
620 965
621 350
630 965
631 349
640 344
640 967
650 341
650 970
660 339
660 970
670 336
670 970
680 334
680 972
690 331
690 975
700 329
700 975
710 329
710 975
720 326
720 975
730 324
730 975
740 324
740 975
750 324
750 975
760 324
760 975
770 324
770 975
780 324
780 975
789 970
790 324
799 970
800 324
809 970
810 324
818 965
819 319
828 965
829 319
837 960
839 319
847 960
849 319
856 955
859 319
866 955
869 317
875 950
879 314
885 945
889 314
895 945
899 314
904 940
909 314
914 937
918 309
924 932
928 309
934 930
938 309
943 925
948 309
952 920
958 309
962 919
968 309
972 914
978 309
982 910
988 309
991 905
998 309
1001 905
1008 309
1010 900
1017 304
1020 895
1027 304
1030 890
1034 262
1037 299
1040 890
1042 254
1042 269
1044 212
1045 291
1049 277
1050 220
1050 885
1051 249
1052 204
1059 242
1060 222
1060 885
1061 199
1064 232
1069 192
1070 880
1079 187
1080 880
1084 177
1089 117
1089 127
1089 137
1089 147
1089 157
1089 167
1090 875
1094 107
1100 875
1102 99
1110 870
1112 99
1120 870
1121 104
1129 111
1130 870
1133 121
1138 130
1140 140
1140 865
1145 149
1150 185
1150 195
1150 865
1155 149
1155 204
1158 178
1160 865
1164 142
1165 204
1168 173
1170 860
1172 134
1175 204
1178 168
1180 860
1182 129
1185 160
1185 207
1190 860
1192 129
1194 212
1195 155
1199 137
1200 860
1204 214
1210 860
1213 209
1219 855
1223 209
1229 855
1232 204
1239 855
1242 204
1249 855
1251 199
1259 855
1260 194
1269 855
1270 194
1279 189
1279 855
1289 189
1289 855
1298 184
1299 855
1308 184
1308 850
1318 184
1318 850
1328 184
1328 850
1337 179
1338 850
1347 179
1348 850
1357 179
1357 855
1367 179
1367 855
1376 850
1377 179
1386 853
1387 179
1396 855
1397 179
1406 855
1407 179
1416 855
1417 179
1426 855
1427 179
1436 855
1437 179
1446 855
1447 179
1456 184
1456 855
1466 184
1466 855
1475 860
1476 184
1485 860
1486 184
1494 865
1496 184
1499 874
1499 884
1499 894
1504 903
1506 184
1509 912
1516 184
1519 915
1526 184
1528 920
1535 189
1537 925
1545 189
1547 925
1555 189
1557 925
1565 189
1567 929
1575 189
1577 930
1585 189
1587 930
1595 189
1597 930
1605 189
1607 930
1615 189
1617 934
1625 189
1627 935
1635 189
1637 935
1645 189
1647 935
1655 189
1657 935
1665 189
1667 935
1675 189
1677 935
1685 189
1686 940
1695 189
1696 940
1705 189
1706 940
1715 192
1716 940
1724 197
1726 940
1734 199
1736 940
1744 199
1746 940
1754 199
1756 940
1764 199
1766 940
1774 199
1776 940
1784 199
1786 940
1794 199
1796 940
1803 204
1806 940
1813 204
1816 940
1823 204
1826 940
1832 199
1836 940
1841 194
1846 940
1851 194
1855 935
1861 194
1865 935
1871 194
1875 935
1881 194
1885 935
1891 194
1895 930
1900 199
1905 930
1910 199
1915 930
1920 199
1924 925
1930 199
1934 925
1940 199
1943 920
1949 204
1953 918
1959 204
1963 913
1969 204
1970 905
1979 206
1980 900
1989 209
1989 895
1998 890
1999 209
2007 885
2008 214
2017 885
2018 214
2025 815
2025 825
2025 835
2025 845
2025 855
2025 865
2025 875
2027 219
2030 805
2035 795
2037 219
2040 780
2045 770
2046 224
2050 760
2055 229
2058 753
2063 743
2064 234
2068 733
2072 240
2073 723
2078 713
2080 247
2083 703
2087 255
2088 693
2093 683
2095 262
2098 673
2102 270
2103 663
2110 277
2110 645
2110 655
2114 287
2115 297
2115 307
2115 317
2115 635
2120 326
2120 625
2123 336
2125 346
2125 615
2130 355
2130 365
2130 375
2130 600
2132 385
2135 395
2135 405
2135 415
2135 425
2135 435
2135 445
2135 455
2135 465
2135 475
2135 485
2135 495
2135 505
2135 515
2135 525
2135 535
2135 545
2135 555
2135 565
2135 575
2135 585
