19 47
19 57
19 67
19 86
29 85
32 95
39 87
49 90
59 90
68 95
78 95
85 103
90 112
94 122
99 131
104 140
107 150
114 158
122 165
127 174
135 180
144 185
154 185
163 190
172 195
182 195
191 200
200 205
210 207
220 210
229 215
239 215
248 220
258 220
267 225
277 229
287 230
296 235
306 235
316 235
326 235
336 238
346 235
356 235
364 227
374 222
384 217
394 220
404 220
413 225
414 235
420 243
424 253
429 262
427 279
417 284
407 289
399 297
404 307
414 305
404 322
404 332
410 340
415 325
425 320
425 310
433 303
438 293
445 285
454 280
463 285
472 290
481 285
486 294
480 274
471 269
455 269
450 260
463 263
474 251
464 247
454 249
444 249
435 244
432 234
427 225
425 215
425 205
425 195
425 185
430 170
430 160
440 155
450 157
459 162
469 165
479 165
488 170
497 175
507 175
516 170
524 162
534 160
543 155
552 150
552 140
544 134
535 129
525 129
519 121
509 122
500 117
490 113
483 105
475 99
469 91
461 84
452 79
444 72
435 67
427 60
418 55
410 49
400 47
390 44
381 39
371 39
362 34
353 29
343 25
333 24
323 24
314 19
304 19
294 19
284 19
274 19
264 19
254 19
244 21
234 24
224 27
214 27
206 34
197 39
188 44
178 44
169 49
161 55
151 59
142 54
132 54
124 47
115 42
107 35
100 27
90 24
81 19
71 15
61 15
51 19
42 24
32 29
27 39
