139 36
144 24
153 29
162 34
172 34
181 39
190 44
198 50
208 54
217 59
226 64
235 69
245 72
255 74
265 74
274 79
283 84
293 85
300 93
310 97
319 102
327 109
334 117
342 124
349 132
357 139
364 147
370 155
378 161
385 169
393 175
400 183
405 192
414 197
422 204
431 209
440 214
450 214
460 217
469 222
477 229
486 234
495 239
504 244
512 250
522 254
525 264
534 269
540 277
547 285
555 292
559 302
564 311
565 321
570 330
572 340
577 349
580 359
585 368
590 377
594 387
595 397
595 407
600 416
603 426
605 436
608 446
610 456
613 466
615 476
620 485
620 495
625 504
620 520
620 530
622 540
630 547
635 556
639 567
629 570
619 570
609 570
600 575
596 590
587 595
580 587
570 583
563 575
555 568
548 560
538 560
529 555
520 550
510 550
500 555
500 565
500 575
500 585
495 595
490 610
490 620
485 630
485 640
485 650
493 656
500 664
491 670
481 670
471 670
461 669
452 664
454 647
462 639
469 622
474 605
474 595
474 585
474 575
474 565
474 555
474 545
465 540
455 540
445 545
445 555
450 564
455 573
450 585
445 595
443 608
435 615
435 625
430 635
430 645
428 663
420 670
420 680
420 690
425 699
435 699
445 696
445 706
435 710
427 719
417 724
409 730
403 738
395 745
386 750
376 754
374 744
369 735
359 735
349 731
344 722
352 714
362 714
372 714
381 709
391 705
399 690
390 685
380 685
374 677
382 669
392 664
402 664
407 654
409 642
414 627
419 612
424 603
424 593
424 583
424 573
424 563
424 553
424 543
417 535
410 527
402 520
395 512
387 505
380 497
372 490
369 480
359 477
352 469
347 460
344 450
336 443
331 434
327 424
319 417
315 407
309 399
304 390
302 380
295 372
287 365
284 355
279 346
274 337
270 327
264 319
262 309
254 302
250 292
245 283
239 275
234 266
234 256
229 247
229 237
229 227
229 217
229 207
229 197
234 183
234 173
230 163
224 155
224 145
216 139
214 129
209 120
207 110
204 100
199 91
194 82
187 74
177 70
168 65
160 58
154 50
146 44
