19 81
22 64
27 54
35 46
43 39
50 31
58 24
67 19
77 14
87 14
97 14
106 19
116 19
125 24
134 29
140 37
149 42
150 52
157 60
160 70
155 80
160 89
160 99
160 109
165 118
170 127
170 137
177 145
182 154
189 162
195 170
203 176
213 180
222 185
232 189
241 194
250 199
259 204
268 209
278 210
285 218
295 219
304 224
314 226
323 231
333 234
342 239
351 244
360 249
369 254
379 254
388 259
398 259
407 264
417 264
427 264
436 269
446 269
455 274
465 272
475 274
484 279
494 279
502 285
510 292
517 300
522 309
531 314
540 319
549 324
555 332
555 342
554 352
546 360
537 365
527 369
517 365
507 365
498 360
489 355
479 355
470 350
460 347
450 345
440 345
430 345
420 345
410 345
400 350
390 350
380 350
373 358
363 358
353 363
343 368
333 373
323 378
313 380
303 380
294 385
284 387
274 390
265 395
255 395
245 400
247 410
252 419
242 420
233 415
224 410
214 410
204 410
194 410
184 410
174 412
164 417
154 420
149 407
159 402
167 394
177 389
182 379
181 369
177 359
167 359
157 355
148 350
139 345
129 342
120 337
110 333
104 325
94 322
87 314
82 305
75 297
70 288
64 280
64 270
59 261
54 252
54 242
54 217
59 187
59 177
64 152
69 127
68 85
59 80
49 80
39 80
29 80
