89 497
89 516
89 526
94 535
100 543
110 545
120 545
130 545
139 550
139 560
134 577
134 587
142 594
152 595
161 600
171 603
181 605
190 600
200 595
210 590
218 583
225 575
225 559
225 549
220 540
220 530
217 520
215 510
220 500
225 490
233 483
240 475
245 465
250 455
258 448
265 435
270 425
278 418
283 408
290 400
295 390
300 380
308 373
313 363
320 350
325 340
333 333
340 325
345 315
350 305
358 298
365 285
373 278
378 268
383 258
390 250
395 240
400 230
408 223
415 215
420 205
425 195
433 188
438 178
443 168
450 160
459 155
468 160
477 165
487 165
497 165
506 170
515 158
510 149
505 140
510 125
515 115
523 108
530 100
530 90
535 75
527 69
517 69
507 65
498 60
490 54
485 45
480 36
479 26
469 27
464 37
459 47
454 62
449 72
447 84
438 89
429 94
420 89
413 81
404 76
394 74
389 86
394 95
394 105
399 114
399 124
394 142
387 154
382 164
374 172
369 182
362 194
357 204
353 214
345 221
340 231
332 239
328 249
320 256
315 266
310 276
302 284
297 294
292 304
284 312
279 322
272 334
268 344
260 351
255 361
250 371
242 379
237 389
232 399
224 407
219 417
212 429
207 439
199 447
192 459
184 467
175 479
165 479
156 474
147 469
137 469
128 464
118 464
110 471
102 479
94 487
