264 302
264 292
269 282
269 272
269 262
274 247
282 239
287 229
294 212
302 204
310 196
319 182
327 174
337 169
342 159
349 142
349 132
349 122
349 112
349 102
349 92
349 82
349 72
349 62
357 54
367 54
377 54
387 54
397 54
407 54
417 54
427 54
437 54
447 54
457 54
466 59
470 69
470 79
470 89
470 99
470 109
470 119
470 129
470 139
470 149
470 160
478 166
484 174
490 182
499 187
504 196
510 204
515 213
523 220
527 230
535 237
539 247
544 256
545 266
545 276
545 286
545 296
545 306
545 316
545 326
548 336
550 350
555 359
555 369
555 380
555 395
555 405
555 415
560 424
560 434
560 444
560 454
560 464
555 475
560 484
560 494
560 504
560 514
560 524
560 534
560 544
560 554
560 564
560 574
560 584
560 594
560 604
560 614
560 624
560 634
560 644
560 654
560 664
560 674
560 684
560 694
560 704
560 714
560 724
560 734
555 745
550 760
542 769
532 770
522 770
512 770
503 775
494 770
484 772
474 775
464 775
454 775
444 775
434 775
424 775
414 775
404 775
394 775
384 775
374 775
364 775
354 775
344 775
334 775
324 775
315 770
305 770
295 770
285 768
279 760
279 750
274 741
274 731
274 721
274 711
274 701
274 691
274 681
274 671
274 661
274 651
274 626
269 617
269 607
274 590
269 581
269 571
269 561
269 551
269 541
269 531
269 521
269 511
269 501
269 491
269 481
269 471
269 461
269 451
269 441
269 431
269 421
269 411
269 401
269 391
269 381
269 371
269 361
269 351
269 331
264 322
264 312
