324 357
324 347
329 332
337 324
339 312
344 302
352 294
357 284
364 272
369 262
374 247
374 237
374 227
374 217
379 207
379 197
379 187
379 177
379 167
379 157
379 147
379 137
379 127
379 117
379 107
379 97
379 87
379 77
379 67
387 59
397 59
407 59
417 59
427 59
437 59
446 64
454 71
455 81
455 91
450 100
450 110
450 120
450 130
450 140
450 150
450 160
450 170
450 180
450 190
450 200
450 210
450 220
450 230
450 240
452 250
455 260
460 269
465 278
470 287
477 295
482 304
485 314
490 323
490 333
498 340
500 350
500 360
500 370
500 380
500 390
500 400
500 410
500 420
500 430
500 440
500 450
500 460
500 470
500 480
500 490
500 500
500 510
500 520
500 530
500 540
500 550
500 560
500 570
500 580
495 590
500 599
500 609
500 619
500 629
500 639
500 649
500 659
500 669
500 679
500 689
495 705
500 714
500 724
495 740
490 750
485 760
477 774
469 780
460 785
450 785
440 790
430 790
420 790
410 790
400 790
390 790
380 790
370 787
360 785
351 780
341 779
332 774
324 767
324 757
324 747
324 737
324 727
324 717
324 707
324 697
324 687
324 677
324 667
324 657
324 647
324 637
324 627
324 617
324 602
324 592
324 582
324 572
324 562
324 552
324 537
324 527
324 517
324 507
324 497
324 487
324 477
324 467
324 457
324 447
324 437
324 427
324 417
324 407
324 397
324 387
324 377
324 367
