264 352
264 342
269 327
274 317
279 307
284 297
284 287
284 277
289 267
289 257
289 247
289 237
289 227
289 217
289 207
289 197
289 187
289 177
289 167
289 157
289 147
289 137
289 127
289 117
289 107
289 97
289 87
289 77
289 67
289 57
294 42
302 34
312 29
322 24
332 24
342 24
351 29
360 34
365 43
370 52
370 62
374 72
379 81
383 91
385 101
385 111
388 121
390 131
390 141
390 151
390 161
393 171
395 181
400 190
402 200
405 210
410 219
410 229
415 238
420 247
424 257
432 264
435 274
440 283
440 293
445 302
449 312
450 322
455 331
458 341
460 351
463 361
465 371
470 380
470 390
475 399
475 409
475 419
480 428
480 438
480 448
480 458
485 467
485 477
490 486
490 496
490 506
490 516
490 526
490 536
490 546
490 556
493 566
495 576
495 586
495 596
500 605
500 615
500 625
505 634
505 644
505 654
505 664
510 673
510 683
515 692
515 702
515 712
515 722
510 740
505 750
496 755
486 755
476 755
466 755
456 755
447 760
437 760
427 760
417 760
407 759
397 755
387 755
377 755
367 759
357 760
347 760
337 759
327 755
318 750
309 745
304 736
299 727
294 718
290 708
289 698
285 688
284 678
284 668
284 658
284 648
284 638
284 628
279 619
279 609
279 599
279 589
279 579
279 569
279 559
274 550
274 540
274 530
274 520
269 511
269 501
269 491
269 481
269 471
264 462
264 452
264 442
264 432
264 422
264 412
264 402
264 392
264 382
264 372
264 362
