49 112
49 102
59 97
69 94
78 89
87 84
97 79
105 71
115 66
123 59
132 54
141 49
151 49
160 54
170 57
178 64
187 59
197 59
207 59
217 59
220 69
220 79
220 89
228 95
238 99
248 99
258 99
268 99
277 104
287 104
297 104
307 104
317 104
327 104
337 104
347 104
357 104
367 104
377 104
387 104
397 104
407 104
417 104
427 104
437 104
447 104
457 104
467 104
477 104
486 109
496 109
506 109
510 119
518 125
525 133
530 142
530 152
530 162
534 172
535 182
535 192
530 210
530 220
530 230
532 240
537 249
540 259
545 268
545 278
545 288
545 298
545 308
550 317
550 327
550 337
550 347
550 357
550 367
550 377
550 387
543 400
534 405
525 400
519 392
524 359
524 349
524 339
521 329
519 319
516 309
514 299
509 290
508 280
499 275
499 265
490 250
490 260
490 270
490 280
490 290
485 300
485 310
485 320
485 330
485 340
480 350
477 364
469 370
459 370
449 367
449 357
454 347
459 338
459 328
459 318
459 308
459 298
459 288
455 278
454 268
454 258
451 248
446 239
442 229
432 225
422 229
413 235
404 240
394 240
384 240
375 245
365 245
355 245
345 245
335 245
330 260
325 275
325 285
320 295
315 305
310 320
310 330
305 340
305 350
305 360
305 370
300 380
295 395
290 410
280 415
270 415
264 407
264 397
269 382
274 367
279 352
284 337
289 320
289 310
291 300
294 290
294 280
285 275
280 285
280 295
280 305
280 315
275 325
270 335
265 350
260 365
254 377
244 380
234 380
232 369
239 357
244 347
249 337
254 322
259 307
259 297
259 287
264 272
264 262
269 248
262 240
252 240
245 232
235 228
228 220
219 215
211 208
201 204
192 199
182 195
173 190
164 185
155 180
146 175
137 170
128 165
119 160
110 155
100 152
90 150
80 148
71 143
61 139
54 131
49 122
