19 217
24 197
24 187
24 177
29 167
34 152
44 147
54 142
62 134
64 117
74 112
84 102
94 97
102 89
112 84
122 84
124 72
134 67
144 64
154 62
164 57
172 49
179 37
189 32
199 29
208 24
218 24
228 24
237 19
244 27
245 37
240 50
240 65
240 75
234 85
225 90
220 100
220 110
220 120
215 130
215 140
215 150
215 165
215 175
215 185
215 195
215 205
215 215
215 225
220 234
220 244
225 253
230 262
240 264
250 264
256 255
264 247
269 237
269 227
279 224
288 219
295 211
303 204
307 194
312 184
322 184
330 176
338 169
344 157
354 152
362 144
372 144
382 144
392 144
402 144
409 152
415 160
415 170
420 179
420 190
420 200
425 209
434 214
444 207
449 197
454 187
459 177
469 174
478 169
488 169
498 170
508 174
517 179
520 189
525 198
525 208
525 218
533 225
535 235
535 245
537 255
542 264
550 270
555 279
555 289
564 294
570 302
577 310
580 320
588 326
593 335
595 350
597 360
600 370
600 380
600 390
600 400
605 409
605 419
605 429
605 439
605 449
610 458
618 464
628 465
630 475
635 484
640 493
640 505
640 515
632 524
623 530
614 525
605 520
599 512
594 503
589 494
589 484
589 474
589 464
584 455
579 446
579 436
579 416
579 391
579 368
574 359
574 349
569 340
560 345
565 354
560 370
560 380
560 390
555 400
555 410
550 420
550 430
540 440
548 446
540 455
540 465
535 480
535 490
535 500
535 510
530 520
525 530
520 545
520 555
520 565
525 574
530 583
530 593
522 604
512 605
503 610
493 610
484 605
474 605
464 605
455 600
445 600
439 592
439 582
447 574
457 569
464 552
474 545
464 542
464 532
472 525
464 515
464 505
459 496
454 487
457 469
452 460
444 454
439 445
439 435
430 430
420 430
414 440
405 445
395 450
385 450
378 458
368 463
360 470
355 480
345 480
336 485
327 490
318 485
308 488
300 495
305 504
305 514
300 530
300 540
295 550
295 560
295 570
297 580
300 590
295 600
286 610
276 610
266 613
256 610
247 605
237 605
227 604
219 597
219 587
224 577
229 567
239 564
239 552
244 540
244 530
235 525
229 517
229 507
229 497
239 490
239 480
229 476
229 466
224 457
217 449
207 445
204 435
199 426
191 420
182 415
175 407
167 400
157 399
152 390
145 382
139 374
134 365
129 356
129 346
129 336
124 327
124 317
129 307
129 297
129 287
134 272
134 262
139 252
139 242
139 232
135 222
125 222
115 220
108 228
100 235
94 250
84 250
74 250
65 245
55 245
45 245
35 243
29 235
24 226
