29 171
24 162
32 154
42 149
52 144
61 139
70 134
79 127
89 124
99 122
109 124
119 121
129 119
139 119
149 119
159 119
169 117
169 107
174 97
182 89
192 89
202 89
212 89
222 84
232 79
242 79
250 85
258 91
268 94
272 84
274 72
274 62
279 52
284 42
292 34
302 29
312 29
321 24
331 24
341 24
351 24
361 24
371 24
381 24
391 24
400 29
410 26
420 29
430 29
440 29
448 35
455 43
463 50
465 60
465 70
465 80
470 89
475 98
485 97
493 104
502 109
511 104
520 109
530 107
540 109
550 112
560 114
570 117
577 125
580 135
580 145
583 163
575 170
570 180
570 195
570 205
563 213
555 220
547 229
539 235
530 240
525 255
519 265
513 273
505 280
495 280
487 274
484 254
479 245
469 245
460 250
450 250
440 250
430 250
420 250
410 250
400 250
390 255
380 255
370 255
360 255
350 255
340 260
340 275
333 288
325 295
318 303
308 305
299 300
291 294
284 286
279 277
279 267
279 257
275 247
265 245
258 253
250 260
247 275
238 270
230 277
220 275
211 270
206 279
201 270
196 279
191 270
182 275
172 279
167 270
162 279
157 270
151 278
141 275
132 270
126 278
120 270
110 275
104 285
94 287
84 292
74 295
64 295
54 295
44 291
44 281
44 271
39 262
39 252
39 242
44 230
42 220
39 210
37 200
34 190
29 181
