34 97
37 114
44 122
54 122
64 117
74 112
82 105
89 113
89 123
94 132
94 142
94 152
94 162
94 172
94 182
89 197
82 209
77 219
69 227
69 237
79 240
89 240
99 240
107 234
112 224
115 210
115 200
123 193
130 185
140 180
150 180
160 175
170 175
180 170
190 170
200 170
210 170
214 180
214 190
214 200
214 210
214 220
214 230
217 240
227 244
237 239
240 225
240 215
240 205
240 195
240 185
240 175
250 175
260 175
270 175
280 175
290 175
296 183
299 193
299 211
299 221
299 231
304 240
307 250
314 258
322 265
332 265
342 265
352 265
361 270
371 270
381 270
389 262
390 245
395 229
395 219
390 210
390 195
390 185
390 175
390 165
400 165
410 165
416 173
424 180
424 190
424 200
424 210
427 220
432 229
442 230
452 230
462 230
472 230
482 230
491 225
500 230
509 225
514 234
522 259
529 267
537 274
546 279
556 283
566 285
576 285
586 285
596 285
605 280
613 273
618 263
625 246
625 236
625 226
625 216
623 206
620 196
619 186
614 177
607 169
598 164
590 157
590 147
590 137
590 127
590 117
590 107
583 99
573 99
563 99
553 99
548 90
540 83
535 74
529 66
521 59
512 54
502 54
494 62
494 72
494 82
494 92
487 104
477 104
469 112
464 122
460 141
455 151
445 156
435 157
425 153
420 144
420 134
420 124
420 114
420 104
417 94
409 87
405 77
400 68
400 58
395 49
392 39
383 34
374 29
364 32
364 42
369 51
369 61
369 71
365 86
355 91
347 99
337 99
329 107
324 117
324 127
321 145
315 154
305 154
295 154
285 154
275 154
275 144
270 135
265 126
260 117
260 107
253 99
244 94
234 97
224 97
214 99
205 104
195 104
185 104
175 104
165 104
155 102
145 102
139 94
130 89
120 87
112 80
103 75
95 69
85 69
76 64
67 59
59 67
49 72
39 82
