24 277
24 267
32 259
40 251
44 236
47 219
56 224
66 225
76 224
85 229
95 229
105 232
115 234
125 237
135 239
145 242
155 239
165 239
175 239
185 239
195 239
205 239
215 239
225 239
235 239
245 239
255 239
264 234
274 234
283 229
293 229
303 229
312 224
322 224
332 224
342 224
352 224
361 229
371 229
381 229
390 234
400 234
409 239
419 241
429 244
438 249
448 250
457 255
467 259
474 267
482 274
491 279
500 284
509 289
518 294
528 294
537 299
547 299
556 304
566 304
575 309
585 309
594 304
604 304
614 304
623 299
633 299
643 299
653 299
663 299
673 299
680 291
690 286
700 281
710 282
710 295
705 305
698 313
690 320
680 325
670 330
661 335
651 335
641 335
631 335
621 335
611 335
602 340
592 340
583 345
573 345
563 345
554 350
544 350
535 345
525 345
515 345
515 355
515 365
515 375
517 385
520 395
525 404
530 413
530 423
530 433
525 445
525 455
523 468
515 475
515 485
508 493
500 500
490 505
480 505
472 499
469 482
479 477
487 469
494 460
494 450
491 440
481 438
471 435
462 430
453 425
443 425
434 420
424 420
414 422
404 425
395 430
385 435
380 445
373 453
365 460
355 465
345 470
336 475
327 480
318 485
309 490
299 490
289 490
281 484
279 474
288 469
297 464
307 464
315 456
323 449
332 444
339 427
335 417
325 413
318 405
308 405
298 405
288 405
278 405
269 410
260 415
250 415
245 425
247 435
255 442
262 450
265 460
270 469
263 483
253 485
245 478
244 468
235 463
229 455
219 455
210 460
203 473
195 480
190 495
183 503
175 510
165 515
155 515
145 515
135 515
129 507
137 499
146 494
154 487
162 479
164 462
169 449
169 439
169 429
169 419
166 409
162 399
154 392
147 384
139 377
130 372
124 364
119 355
111 349
102 344
92 340
82 340
72 339
62 335
52 335
43 330
34 325
29 316
24 307
24 297
24 287
