24 302
24 292
29 282
37 274
44 262
52 254
60 246
68 239
69 226
64 217
74 214
83 219
93 219
102 224
112 224
121 229
130 234
138 240
147 245
155 252
162 260
170 267
179 272
189 274
199 274
209 274
219 274
229 272
239 269
249 269
259 269
269 269
279 269
289 269
298 264
308 264
318 264
328 265
338 269
348 269
358 269
368 269
378 269
388 269
398 269
408 270
418 274
428 274
438 274
448 275
458 279
468 279
477 284
486 289
495 294
505 297
514 302
522 309
531 314
539 321
545 329
554 334
562 340
570 347
575 356
584 361
590 369
598 375
605 383
613 390
620 398
628 405
637 410
645 417
654 422
664 424
673 429
682 424
691 429
697 439
687 444
677 445
667 445
657 444
647 440
638 435
629 430
619 427
610 422
602 415
593 410
585 403
579 395
571 388
561 384
554 376
546 370
537 365
530 357
522 350
515 342
505 340
505 350
510 359
510 369
515 378
523 385
527 395
535 402
543 409
552 414
561 419
569 426
575 434
575 444
575 454
580 463
580 473
585 482
585 492
585 502
587 514
577 515
567 515
557 514
549 507
549 497
549 487
549 477
544 468
541 458
535 450
526 445
516 445
506 443
496 440
487 435
477 435
470 427
460 425
450 425
450 435
450 445
448 463
438 468
430 475
423 483
413 488
405 495
396 500
387 505
378 510
368 510
359 505
357 494
366 489
374 482
384 477
392 469
400 461
408 454
404 437
400 427
390 425
380 425
370 425
360 425
350 425
340 425
330 425
320 425
310 425
300 425
290 425
280 425
270 425
270 435
275 444
280 453
280 463
285 472
285 482
290 491
284 500
274 500
264 500
254 497
254 487
254 476
254 466
249 457
244 448
237 440
233 430
224 425
215 430
210 440
203 448
198 458
190 465
190 475
183 483
178 493
170 500
160 505
150 505
140 505
134 497
142 489
150 481
155 471
160 461
164 447
169 437
173 420
164 415
155 410
145 408
138 400
130 393
124 385
116 379
109 371
104 362
99 353
95 343
88 335
78 335
68 335
58 335
49 330
41 324
32 319
24 312
