149 386
144 377
152 369
162 369
172 369
182 364
189 352
197 344
199 327
207 319
214 310
214 300
214 290
214 280
209 271
204 262
204 252
209 236
209 217
214 207
214 197
214 187
219 178
219 168
219 158
214 149
212 139
204 132
195 127
185 123
176 118
166 114
159 106
159 87
169 82
179 77
189 74
198 69
204 57
204 47
204 37
204 27
214 24
224 24
234 24
243 29
252 34
261 39
270 44
278 50
285 58
285 68
285 78
290 87
294 97
302 104
310 110
315 119
323 125
330 133
338 139
347 144
354 152
364 156
373 161
380 169
388 175
395 183
403 190
407 200
417 204
426 209
434 216
443 221
450 229
459 234
469 236
478 241
488 245
497 250
507 254
516 259
526 259
535 264
543 270
550 278
558 285
562 295
572 299
579 307
585 315
587 325
592 334
595 344
590 355
585 370
580 380
572 394
564 400
558 408
550 415
550 425
543 433
538 443
533 453
528 463
523 473
515 480
515 490
510 500
508 513
503 523
495 530
488 538
480 545
475 555
465 565
459 577
449 580
444 571
447 554
452 544
457 534
465 526
473 519
477 509
484 497
492 489
500 481
505 471
513 464
519 447
524 437
529 427
533 415
523 418
515 425
508 433
500 440
493 448
483 453
475 460
475 470
475 480
475 490
468 498
463 508
455 515
448 528
440 535
433 548
425 555
420 565
413 578
405 585
395 585
385 582
375 580
369 572
377 564
387 559
397 559
404 547
412 539
419 527
427 520
418 515
409 520
400 525
390 530
380 535
376 545
366 545
356 544
347 539
347 524
357 519
367 514
377 514
385 506
393 499
402 494
409 484
406 474
399 466
394 457
389 448
389 438
385 428
384 418
377 410
368 405
359 400
350 395
341 390
332 385
325 377
320 368
313 360
305 353
298 345
290 338
283 330
273 328
265 335
258 348
250 355
245 365
240 375
235 385
234 397
226 405
217 410
207 409
204 392
212 384
219 372
224 357
227 345
217 349
212 359
204 367
199 377
194 387
186 395
176 395
166 395
156 394
