24 257
19 267
24 276
24 286
24 296
29 305
32 315
34 325
34 335
34 345
39 354
41 364
44 374
44 384
46 394
49 404
49 414
54 423
54 433
54 443
59 452
59 462
64 471
71 479
79 485
85 493
89 503
89 513
84 527
79 537
74 547
69 557
74 566
74 576
79 585
82 595
84 605
79 617
79 627
79 651
86 659
94 665
104 665
114 665
123 670
133 670
143 670
153 670
163 670
173 670
183 668
190 660
199 655
209 655
217 649
215 634
206 629
197 624
187 620
178 615
170 609
165 600
170 585
175 570
175 560
180 545
180 535
185 520
190 505
195 489
190 480
195 470
205 465
213 458
215 440
220 430
228 423
230 404
225 395
223 385
218 376
215 366
210 357
209 347
205 337
200 328
200 318
195 309
190 300
195 286
195 276
193 266
190 256
190 246
185 237
180 228
175 219
170 210
170 200
175 185
180 175
177 165
175 155
180 145
177 135
175 125
175 115
172 105
165 97
157 90
149 84
140 79
131 74
121 74
111 74
102 69
92 69
82 74
72 74
63 79
55 86
47 94
39 102
34 112
29 122
29 132
34 141
39 150
42 160
47 169
54 177
59 186
59 196
57 214
53 224
45 231
37 239
29 247
