29 257
29 267
32 284
36 294
41 303
49 310
59 310
68 315
78 315
88 315
98 315
108 315
118 315
128 315
134 323
134 333
139 342
129 344
119 347
109 352
99 357
89 362
79 364
69 364
60 359
60 349
57 339
47 339
39 357
44 366
51 374
61 375
71 375
81 375
91 375
100 370
109 365
118 370
127 365
137 365
147 364
157 360
167 360
177 360
187 360
197 360
207 360
217 360
227 360
237 360
247 360
257 359
265 345
265 335
274 330
284 327
294 322
304 325
314 322
324 320
334 320
343 315
352 310
361 315
370 310
380 310
390 310
400 310
409 305
415 295
420 284
415 275
413 265
405 259
395 255
395 245
405 245
413 238
423 233
430 225
440 220
450 215
459 210
469 207
479 205
489 205
497 199
507 194
517 194
527 189
537 189
547 184
555 175
565 165
572 155
568 145
558 144
548 145
540 151
532 159
522 159
512 159
503 164
494 159
484 159
474 159
464 159
454 159
444 159
434 159
424 159
414 159
404 159
394 159
385 164
375 164
365 164
360 155
370 150
380 152
389 147
399 142
398 125
390 119
380 119
370 119
360 119
360 109
356 99
347 94
339 102
329 104
319 104
309 104
299 104
290 99
280 99
270 99
260 99
260 89
255 80
263 73
260 60
270 55
275 45
279 31
271 24
261 24
251 24
242 29
232 29
222 34
212 34
207 44
199 52
199 62
209 65
219 65
229 65
224 77
230 85
239 90
239 100
234 112
224 114
214 114
204 114
194 114
184 114
174 114
164 114
155 119
145 121
135 126
125 131
115 136
105 141
95 146
87 154
78 159
70 166
62 174
54 182
54 192
44 197
42 214
34 222
34 237
34 247
