24 212
24 202
29 187
34 177
44 167
52 159
60 151
68 144
75 136
84 127
94 124
100 116
110 114
119 109
128 104
137 99
147 94
156 89
166 89
176 89
186 89
196 89
206 89
216 89
226 89
224 78
224 68
224 58
218 50
209 45
199 41
204 27
214 24
224 24
234 24
244 24
254 26
263 31
260 45
250 45
255 54
255 70
260 79
260 89
268 95
277 89
286 84
296 84
306 84
316 84
326 85
336 89
346 89
356 89
365 94
375 94
385 94
395 97
395 107
389 117
379 120
370 125
360 125
350 125
355 134
365 137
373 144
383 144
393 144
402 139
412 139
422 139
432 139
441 134
451 134
461 134
471 134
481 130
491 130
501 129
510 124
520 121
530 119
540 119
550 119
560 119
569 124
579 126
577 139
572 149
562 149
552 150
543 155
533 155
524 160
514 162
504 167
494 172
484 175
474 175
465 180
455 180
445 185
435 190
425 190
416 195
407 200
397 200
389 207
379 210
370 215
360 215
365 224
375 227
380 236
378 253
368 258
358 258
348 260
338 260
328 260
318 260
309 265
299 267
289 265
280 270
280 280
275 295
266 300
256 300
247 305
237 305
227 305
217 305
207 309
197 310
187 314
177 314
167 310
157 310
147 314
137 315
128 320
118 320
109 325
99 325
89 325
79 325
69 325
59 321
54 312
64 312
74 309
84 309
94 309
103 314
107 304
117 299
127 294
137 294
142 280
132 280
122 280
112 280
102 280
92 279
82 275
72 275
62 275
53 270
44 265
36 259
29 251
24 242
24 232
24 222
