29 197
29 207
29 217
29 227
29 251
36 259
44 265
50 273
60 277
70 280
80 280
90 280
100 280
110 280
120 280
130 280
140 280
149 285
149 295
145 306
137 314
127 319
117 319
108 324
92 319
82 324
90 330
100 330
116 330
126 330
135 325
145 325
155 325
165 325
175 320
185 320
194 315
204 317
214 315
224 315
234 312
244 315
254 312
264 310
274 307
275 290
280 280
290 275
300 270
310 270
320 270
329 265
338 270
348 270
358 270
367 265
376 270
385 265
385 255
388 245
380 239
370 244
365 235
375 230
385 225
395 220
405 215
415 215
425 210
435 210
444 205
454 205
464 205
472 199
482 194
492 189
502 185
511 180
520 175
528 168
538 163
548 163
555 155
565 155
575 150
575 139
566 134
556 134
546 134
536 134
526 134
516 134
506 134
496 135
486 139
476 139
466 139
456 139
446 139
437 144
427 144
417 149
407 149
397 149
387 149
377 149
367 149
357 145
355 135
365 135
374 130
384 132
394 130
402 124
398 110
388 106
379 101
369 99
359 99
349 99
339 96
331 89
326 80
316 84
306 84
296 80
286 85
280 94
270 96
260 99
255 90
255 80
255 70
252 60
250 50
260 45
266 34
257 29
248 24
239 29
229 29
219 29
209 29
211 39
221 40
224 50
230 58
238 65
245 73
239 82
234 94
225 99
215 99
206 94
196 94
186 94
177 99
167 104
157 104
147 109
138 114
129 119
119 119
110 124
101 129
92 134
82 139
72 144
64 152
55 161
50 171
42 179
37 189
