24 227
24 237
24 247
24 257
29 266
34 275
37 285
47 289
57 290
67 294
76 299
86 295
95 300
105 300
115 300
124 305
134 305
143 300
139 314
129 314
115 314
105 314
95 314
85 314
75 314
65 314
55 314
49 306
39 304
29 307
24 317
29 326
29 336
39 340
49 340
59 340
69 340
79 340
89 340
99 340
109 340
119 340
129 340
139 337
149 335
159 335
168 330
178 330
188 330
197 325
207 325
216 320
225 315
235 315
245 310
255 310
265 310
275 300
280 290
280 280
290 280
300 280
310 280
320 282
330 280
340 280
350 282
360 280
370 275
380 275
385 265
390 253
385 244
382 234
373 229
364 234
355 239
355 229
350 220
360 220
370 215
380 215
389 210
399 212
409 207
419 205
429 202
439 200
448 195
457 189
467 185
476 180
486 180
495 175
505 170
515 165
525 165
534 160
544 160
554 160
564 160
572 154
577 144
574 131
566 124
557 119
547 119
537 119
527 119
519 127
509 129
500 134
490 134
480 134
470 134
460 136
450 139
440 139
430 139
420 139
410 139
400 139
390 139
380 141
370 144
360 144
350 144
340 144
335 135
345 135
355 135
365 130
375 130
385 125
395 115
390 102
380 99
370 99
360 99
350 99
340 99
330 97
323 89
314 84
304 82
294 82
284 87
274 92
265 99
255 98
250 89
245 80
245 70
245 55
255 55
263 48
273 43
270 29
261 24
251 24
241 24
231 24
221 24
211 24
202 29
194 37
194 47
194 57
202 64
212 60
214 70
217 80
222 94
212 99
202 99
192 99
182 99
172 99
162 99
153 104
143 104
134 109
124 112
114 117
104 122
94 127
85 134
75 136
67 144
57 149
49 157
39 167
29 202
24 212
