34 402
37 419
47 420
57 420
67 420
76 425
86 425
95 420
105 420
114 425
122 419
132 415
142 415
152 415
162 415
172 415
182 415
192 415
202 415
211 410
221 410
230 405
240 405
249 400
259 397
265 380
265 370
274 365
284 365
294 365
304 365
314 365
323 360
333 360
343 360
353 360
363 358
373 353
383 350
393 350
403 350
412 345
422 345
432 345
441 340
449 332
448 320
443 311
440 301
435 292
425 291
415 290
415 280
415 270
425 265
433 258
443 253
453 250
462 244
470 235
480 230
490 230
498 223
508 218
518 218
528 213
534 205
544 202
554 197
564 192
560 179
551 174
542 179
532 184
523 189
514 184
504 184
494 184
484 184
474 184
464 184
454 184
444 184
434 184
424 184
414 184
404 184
395 189
385 187
375 184
370 175
380 175
390 175
395 165
400 150
398 140
388 139
378 139
370 133
365 124
362 114
352 114
342 114
332 114
322 114
312 114
302 114
292 114
283 119
273 115
265 109
260 100
270 95
278 88
273 75
255 75
264 70
270 60
280 51
279 41
271 34
261 34
251 34
242 29
234 37
224 42
214 42
204 47
207 64
217 60
227 60
229 70
229 80
232 90
240 97
241 114
232 119
222 119
213 124
203 124
194 129
184 129
174 129
164 129
154 129
144 129
134 132
125 141
118 149
110 156
100 161
92 169
84 177
74 182
64 192
59 202
54 222
49 232
44 247
44 257
39 267
39 277
39 287
39 297
39 307
39 317
44 326
49 335
55 343
65 342
72 350
82 349
92 350
100 357
110 360
120 360
129 365
129 375
129 385
123 399
113 399
104 404
94 407
84 409
74 409
65 404
55 404
52 394
42 394
