24 147
24 137
29 127
37 119
47 114
57 114
67 114
76 119
86 119
95 124
104 129
112 135
122 139
129 147
134 156
138 166
140 176
140 186
140 196
140 206
140 216
146 224
155 229
164 224
173 219
180 211
190 209
199 196
199 186
194 177
194 167
194 157
199 142
204 132
212 124
221 119
231 119
240 124
250 127
257 135
267 139
270 149
270 159
270 169
270 179
278 185
285 193
295 189
304 184
313 179
323 180
333 184
343 184
349 169
349 159
344 150
344 140
336 133
331 124
324 116
319 107
319 97
319 87
324 72
329 62
337 54
345 46
353 39
360 31
370 26
380 24
390 24
399 29
407 35
415 42
422 50
430 57
434 67
435 77
435 87
435 97
435 107
430 125
425 135
420 145
415 160
415 170
417 180
427 184
437 184
447 179
457 179
466 184
475 189
484 182
489 167
489 157
494 147
502 139
510 131
518 124
527 119
537 114
546 119
555 124
560 133
565 142
565 152
565 162
565 172
565 182
560 200
568 206
578 209
588 210
595 218
600 227
609 232
619 232
624 222
624 212
629 197
629 187
629 177
629 167
634 157
642 149
652 144
662 139
672 134
682 134
691 129
701 125
711 124
721 124
730 129
735 138
740 147
740 157
740 167
740 177
740 187
740 197
735 210
730 220
724 232
716 240
707 245
698 250
688 250
678 253
670 260
663 268
655 275
647 284
637 289
629 295
620 300
615 310
610 320
605 330
600 340
600 350
599 367
594 377
589 387
579 392
569 395
560 400
550 400
541 405
531 405
521 405
511 405
501 405
491 405
481 405
471 405
461 405
451 405
441 405
431 405
421 405
411 405
401 405
391 405
381 405
371 405
361 405
351 405
341 405
331 405
321 405
311 405
301 405
291 405
281 405
271 405
261 405
251 405
241 405
231 405
221 405
211 403
201 400
191 398
181 395
172 390
164 384
159 375
157 365
154 355
154 345
154 335
149 326
149 316
144 307
140 297
130 293
123 285
114 280
106 274
99 266
94 257
90 247
82 240
73 235
64 230
54 226
46 220
37 215
34 205
29 196
29 186
24 177
24 167
24 157
