24 132
24 122
32 114
40 106
50 101
60 99
69 92
79 87
87 79
96 74
105 69
115 69
125 69
135 66
145 64
154 59
164 59
174 59
183 64
192 69
199 77
207 84
214 92
219 101
223 111
225 121
230 130
230 140
225 155
220 165
220 175
213 183
208 193
203 203
195 210
195 220
200 229
209 234
217 240
225 247
232 255
235 265
240 274
249 279
259 281
268 286
278 289
287 294
297 294
306 299
315 304
325 304
335 307
345 309
354 314
363 319
373 320
380 328
390 332
397 340
405 347
410 356
416 364
420 374
428 380
432 390
435 400
440 409
445 418
445 428
450 437
455 446
458 456
460 466
463 476
465 486
470 495
475 504
475 514
480 523
485 532
489 542
494 551
498 561
503 570
510 578
515 587
520 596
526 604
535 609
543 615
550 623
558 630
567 635
577 639
586 644
595 649
605 649
615 649
624 654
634 654
643 649
653 649
662 644
672 644
681 639
689 632
697 624
705 616
713 609
717 599
724 587
732 579
734 567
739 552
739 542
747 534
756 539
764 546
765 556
768 566
765 580
765 590
760 605
755 620
753 633
748 643
743 653
735 660
730 670
722 679
714 687
706 695
697 700
688 705
679 710
670 715
660 715
650 720
640 720
631 725
621 725
611 725
601 725
591 725
581 725
571 723
561 720
551 718
541 714
534 706
526 700
517 695
507 695
498 690
489 685
479 682
470 677
460 673
453 665
444 660
436 653
430 645
420 645
415 660
415 670
420 679
420 689
415 705
405 710
395 710
387 719
379 725
370 730
360 730
350 730
341 725
332 730
322 730
313 725
303 725
294 730
284 727
284 717
292 709
300 701
310 699
320 696
328 689
337 684
345 676
354 668
347 660
338 655
328 658
318 663
313 673
305 680
298 688
288 693
278 698
270 705
264 722
254 727
244 730
234 730
224 730
214 730
204 730
194 730
185 725
175 730
165 730
155 730
149 722
149 712
154 702
162 694
172 694
181 689
191 689
201 689
211 685
221 680
229 667
234 657
239 647
244 637
249 628
246 618
241 609
234 601
234 591
229 582
224 573
219 564
216 554
214 544
209 535
207 525
204 515
195 510
185 508
179 500
169 497
165 487
157 480
154 470
146 464
144 454
139 445
134 436
134 426
129 417
124 408
121 398
115 390
105 390
98 403
90 410
83 420
74 415
74 405
64 402
64 392
69 382
79 377
87 369
80 360
70 365
62 374
54 382
44 380
39 367
47 359
57 354
64 341
59 332
59 322
59 312
59 302
67 294
72 284
79 272
84 257
89 247
94 237
99 227
104 217
109 205
108 195
99 190
90 195
81 200
71 200
61 199
52 194
44 187
44 177
54 172
64 167
74 164
87 159
97 154
102 145
91 145
82 150
72 154
62 155
52 159
42 160
32 159
24 152
24 142
