24 257
30 245
24 237
34 234
44 234
54 232
64 229
74 231
80 239
85 248
90 257
95 266
98 276
100 286
105 295
107 305
112 314
115 324
123 330
130 338
135 347
142 355
150 362
159 367
169 371
178 376
188 379
198 379
208 379
218 379
227 374
237 369
247 369
256 364
266 360
276 359
286 359
295 354
305 354
315 351
325 349
335 349
345 349
355 349
365 349
375 349
385 349
395 349
404 354
414 354
424 354
433 359
443 360
453 364
462 369
471 374
480 379
489 384
499 386
509 389
519 391
529 394
539 396
545 404
555 404
565 407
575 409
584 414
593 419
603 420
612 425
622 429
631 434
640 439
649 444
659 446
665 454
675 454
683 460
693 464
702 469
711 474
720 479
730 482
740 484
749 489
759 491
765 499
775 502
784 507
794 509
804 511
813 516
823 519
833 520
843 524
853 525
863 529
873 529
883 529
892 534
902 534
908 543
898 545
888 545
878 545
868 545
858 545
848 545
838 545
828 545
818 545
809 540
799 540
790 535
780 535
770 532
760 530
750 530
741 525
731 523
721 520
711 520
702 515
692 514
682 510
672 509
662 505
652 505
643 500
633 500
624 495
614 495
605 490
595 487
585 485
575 485
566 480
556 480
547 475
537 475
527 475
517 475
507 475
497 475
487 475
477 475
468 480
458 483
450 490
440 495
430 500
432 510
440 517
447 525
457 529
464 537
472 544
479 552
487 559
496 564
505 569
513 575
517 585
520 595
520 605
520 615
525 624
525 634
530 643
535 652
540 661
546 669
550 679
560 682
569 687
577 694
577 704
567 705
558 700
549 695
539 692
532 684
524 677
524 667
519 658
515 648
509 640
509 630
504 621
499 612
495 602
490 593
484 585
475 580
466 575
457 570
448 565
438 565
429 560
419 556
411 550
402 545
395 537
385 533
378 525
369 520
360 525
360 535
360 545
355 555
355 565
350 575
350 585
350 595
345 605
345 615
345 625
340 635
333 648
325 655
318 663
310 670
303 678
298 688
290 695
286 710
276 710
266 710
256 710
246 710
236 709
234 699
244 699
254 697
264 692
272 684
280 676
290 671
295 661
303 654
309 637
314 627
319 617
319 607
324 597
324 587
319 578
319 568
315 558
314 548
314 538
314 528
314 518
310 508
304 500
295 495
285 500
280 515
280 525
282 535
290 542
299 547
302 559
292 559
282 555
275 547
267 540
264 530
264 520
255 525
255 535
255 545
260 554
268 560
262 575
254 569
249 560
244 551
239 542
239 532
239 522
239 512
244 502
249 490
249 480
239 480
230 475
220 472
212 465
205 457
197 450
190 442
182 435
173 430
164 425
155 420
147 414
137 410
130 402
122 395
115 387
107 380
103 370
95 363
94 353
87 345
84 335
79 326
74 317
74 307
69 298
65 288
58 280
50 273
43 265
34 260
