24 297
24 287
32 279
40 271
48 264
57 259
62 249
70 241
78 234
87 229
96 224
105 219
115 219
125 219
135 222
145 224
153 230
160 238
168 245
175 253
183 260
190 268
195 277
200 286
205 295
210 304
210 314
218 320
225 328
235 332
245 334
254 339
264 339
273 344
283 344
293 344
302 339
312 339
321 334
331 334
341 334
351 334
361 334
371 334
379 341
389 344
398 349
407 354
416 359
426 359
436 359
446 359
456 359
466 359
476 359
485 354
495 354
505 354
515 354
525 354
535 354
545 354
555 354
565 354
575 354
585 354
595 354
605 354
615 354
625 354
635 354
645 357
655 359
665 359
675 359
685 359
695 362
705 364
715 364
725 364
735 364
745 364
755 364
765 367
775 369
785 369
795 369
805 369
815 372
825 374
835 374
845 374
855 374
865 374
875 374
885 374
895 374
905 374
897 384
887 385
878 390
868 390
858 390
848 390
838 393
828 395
818 395
808 395
798 395
788 395
778 395
768 395
758 395
748 395
738 395
728 395
718 395
708 395
698 395
688 395
678 395
668 395
658 395
648 395
638 395
628 395
618 395
609 400
599 400
589 402
579 405
569 407
559 410
549 410
540 415
530 415
521 420
511 420
502 425
492 429
482 430
473 435
463 438
453 443
443 448
435 455
428 465
419 470
409 470
400 475
390 475
383 483
375 490
365 495
360 505
365 514
373 520
380 528
388 535
392 545
400 552
407 560
415 567
422 575
427 584
425 600
420 610
422 620
427 629
419 635
410 640
410 650
410 660
405 670
403 683
395 690
388 698
378 703
368 708
358 713
348 715
338 715
329 710
319 707
327 699
337 699
345 687
335 685
329 677
339 672
349 669
358 674
368 675
378 674
384 657
389 647
394 637
394 627
399 617
399 607
404 592
400 582
390 580
385 590
380 600
380 610
373 618
365 625
358 633
350 640
340 640
330 640
320 645
310 645
300 645
294 637
304 632
314 629
324 629
334 629
329 620
319 612
327 604
336 609
346 609
356 609
361 600
366 590
371 580
369 565
361 559
352 554
344 547
335 542
327 535
318 530
310 523
304 515
299 506
291 500
282 495
279 485
274 476
266 470
257 465
250 457
240 455
230 455
225 465
219 475
209 477
199 482
189 485
179 487
169 490
160 495
153 503
145 510
147 520
157 519
167 519
165 530
156 540
146 538
136 534
129 526
124 517
124 507
124 497
134 487
142 479
152 474
161 469
172 464
177 455
167 455
157 455
147 459
139 467
129 472
119 477
109 480
100 485
92 495
89 485
80 490
74 482
82 474
92 469
102 464
112 459
122 454
132 449
142 444
152 439
162 439
171 434
181 430
189 421
184 412
184 402
179 393
174 384
171 374
169 364
164 355
164 345
164 335
159 326
159 316
154 307
150 297
142 290
133 295
123 295
113 295
103 298
93 300
84 305
75 310
65 315
57 324
47 324
47 309
57 304
66 299
74 292
79 280
69 280
60 285
50 290
42 299
32 304
