24 227
24 217
32 209
41 204
49 197
59 187
64 177
69 167
74 157
84 154
94 154
103 159
113 159
122 154
132 154
142 149
152 149
162 149
171 154
181 154
189 161
198 166
205 174
210 183
218 190
222 200
227 209
230 219
235 228
240 237
244 247
252 254
261 259
270 264
279 269
288 274
298 275
305 283
315 287
325 289
333 295
342 300
352 304
361 309
370 314
380 314
389 319
399 321
409 324
418 329
428 330
435 338
445 339
454 344
463 349
472 354
479 362
485 370
490 379
498 385
502 395
507 404
510 414
515 423
523 430
532 435
540 442
548 449
558 450
567 455
577 459
586 464
595 469
605 469
614 474
623 479
633 479
643 480
653 484
662 489
672 489
681 494
691 494
701 494
710 499
720 499
730 499
740 499
750 499
760 499
770 499
780 502
790 504
800 504
809 509
818 504
828 504
837 499
847 499
857 499
867 499
877 499
887 499
897 494
907 494
917 494
915 510
915 520
909 530
899 532
891 540
881 540
872 545
862 549
852 550
843 555
833 558
825 565
820 575
812 584
802 589
794 595
784 597
774 602
764 605
755 610
745 610
735 615
725 615
715 620
705 620
695 620
685 620
675 620
665 620
655 620
645 620
635 620
625 620
615 620
605 620
596 615
586 615
577 610
567 610
558 605
549 600
540 605
545 614
545 624
548 638
540 645
535 655
535 665
535 675
535 685
535 695
540 704
540 714
540 724
540 734
540 744
540 754
540 764
536 775
526 775
516 775
506 775
496 775
486 775
476 775
466 774
459 766
454 757
454 747
454 737
464 732
474 729
483 724
492 729
491 714
489 704
486 694
484 684
481 674
476 665
467 660
457 660
448 655
439 650
431 644
424 636
419 627
414 618
407 610
398 605
389 600
380 605
373 613
363 618
355 625
355 635
357 645
362 654
371 659
379 666
383 676
385 686
378 703
370 710
365 720
360 730
355 745
354 757
349 767
344 777
336 785
326 785
316 785
306 785
297 790
287 790
277 790
267 789
259 782
259 772
259 757
259 747
269 742
279 739
289 739
299 739
308 734
309 720
309 710
309 700
309 690
309 680
307 670
300 662
290 658
283 650
275 643
271 633
266 624
262 614
257 605
254 595
249 586
249 576
244 567
249 557
254 547
254 537
259 527
259 517
254 508
247 500
238 495
229 490
221 484
212 479
204 472
197 464
189 457
185 447
180 438
179 428
174 419
169 410
160 415
152 424
143 430
133 430
123 430
113 430
104 425
94 425
84 425
74 425
64 425
54 425
44 421
39 412
39 402
39 392
47 384
57 384
67 384
77 384
86 389
95 394
104 389
114 387
122 379
124 361
119 352
119 342
124 327
132 319
137 310
127 310
117 314
107 315
98 320
88 323
78 325
68 325
59 320
51 314
44 306
47 289
56 284
64 277
72 270
81 265
79 255
70 260
61 265
51 265
42 270
32 274
24 267
24 257
24 247
24 237
