24 152
24 142
34 137
44 134
54 132
64 127
74 122
84 117
94 114
104 114
114 111
124 114
134 116
143 121
153 125
160 133
165 142
169 152
177 159
180 169
185 178
193 185
200 193
210 197
219 202
229 206
238 211
248 214
258 215
268 219
278 219
288 220
298 224
308 224
317 229
327 229
337 229
347 229
357 229
367 229
377 229
387 229
396 234
406 234
415 239
425 239
435 242
445 244
454 249
464 251
474 254
484 256
493 261
500 269
510 272
517 280
525 287
532 295
540 302
544 312
545 322
545 332
545 342
545 352
545 362
550 371
553 381
558 390
565 398
573 405
580 413
588 419
597 424
606 429
614 436
620 444
620 454
620 464
620 474
625 483
625 493
625 503
620 515
615 525
605 530
595 530
589 522
594 512
599 499
599 489
599 479
594 470
585 475
585 485
585 495
580 505
573 518
565 525
557 519
557 504
564 487
569 477
565 467
560 458
553 450
544 445
534 442
525 437
515 435
505 435
497 429
489 422
482 414
472 410
469 400
459 396
454 387
450 377
445 368
444 358
440 348
439 338
432 330
423 325
413 323
403 328
393 330
384 335
375 340
365 340
356 345
347 350
337 354
327 355
317 359
307 360
297 360
288 365
278 365
268 365
259 370
249 370
239 370
230 375
225 385
225 395
220 410
220 420
215 430
215 440
215 450
220 459
220 469
220 479
215 490
210 500
205 510
198 523
190 530
181 535
171 534
164 526
159 517
167 509
175 501
179 486
179 476
179 466
179 456
179 446
179 436
179 426
179 416
179 406
179 396
179 378
174 369
174 359
169 350
167 340
164 330
159 321
159 311
159 301
159 291
154 282
154 272
150 262
145 253
144 243
137 235
134 225
134 215
129 206
124 197
119 188
114 179
109 170
99 170
89 170
79 170
69 170
59 170
49 170
40 165
32 159
