24 207
24 197
32 189
42 184
47 174
52 164
57 154
62 144
67 134
76 129
86 129
96 129
106 129
116 129
126 129
135 134
143 140
152 145
160 152
167 160
175 167
179 177
184 186
188 196
195 204
203 210
212 215
222 219
232 219
241 224
251 224
261 224
271 224
281 224
291 224
301 224
311 224
321 224
331 224
341 224
351 224
360 219
370 219
380 219
390 222
400 224
410 224
420 227
430 229
439 234
448 239
457 244
466 249
474 256
483 261
490 269
498 275
507 280
515 287
524 292
532 299
541 304
550 309
560 309
570 309
579 314
589 314
599 314
609 314
619 314
628 309
638 310
645 318
645 328
640 340
632 354
624 360
615 365
606 370
597 375
588 380
578 380
568 380
558 380
548 380
538 380
529 375
520 380
520 390
515 405
517 415
520 425
520 435
525 444
525 454
525 464
525 474
525 484
525 494
525 504
520 520
516 530
507 535
497 535
487 534
484 517
487 504
477 504
469 510
459 510
450 505
444 497
444 487
452 479
454 465
454 455
454 445
452 435
443 430
434 425
425 420
416 415
407 410
400 402
392 395
388 385
380 378
374 370
365 365
355 370
345 375
335 375
326 380
316 380
306 380
297 385
287 385
277 389
268 395
258 398
250 405
250 415
245 425
240 440
240 450
240 460
240 470
240 480
235 490
233 503
225 510
220 520
213 533
205 540
195 540
185 540
175 540
165 537
159 529
154 520
144 516
139 507
147 499
157 494
162 484
164 470
164 460
159 451
159 441
159 431
159 421
159 411
154 402
150 392
145 383
138 375
130 368
123 360
114 355
109 346
104 337
104 327
104 317
109 308
109 298
109 288
109 278
109 268
105 258
104 248
99 239
94 230
85 235
76 240
67 245
57 245
53 235
45 228
39 220
29 216
