24 162
24 152
29 142
39 137
47 129
54 117
54 107
59 96
59 86
59 76
62 59
72 59
81 64
91 64
100 69
110 69
120 69
130 69
139 74
149 76
158 81
165 89
174 94
182 100
190 107
197 115
205 122
212 130
220 137
227 145
235 152
244 157
254 161
264 164
274 166
284 169
293 174
303 174
313 174
323 174
333 175
343 179
353 179
363 179
373 179
383 179
393 179
397 169
402 159
409 147
414 137
422 129
430 121
438 114
448 114
457 109
466 114
474 121
483 126
490 134
495 143
500 152
500 162
500 172
504 182
505 192
505 202
509 212
517 219
520 229
525 238
530 247
530 257
535 266
535 276
538 286
540 296
540 306
540 316
540 326
540 336
540 346
535 355
535 365
535 375
535 385
540 394
545 403
550 412
550 422
550 432
550 442
550 452
554 462
555 472
555 482
550 500
546 515
536 515
527 520
517 520
507 519
499 512
499 502
499 492
499 482
509 472
514 462
514 452
509 443
505 433
499 425
491 419
487 409
479 402
472 394
464 387
460 377
452 370
445 362
437 355
430 347
420 345
410 345
401 350
391 350
382 345
372 345
362 345
352 349
342 350
332 350
322 354
312 355
303 360
293 360
283 363
273 365
263 365
253 368
243 370
234 375
225 380
225 390
225 400
225 410
225 420
225 430
220 440
220 450
215 460
215 470
213 483
205 490
199 502
191 510
181 510
171 510
161 509
154 501
154 482
162 474
169 466
169 456
169 446
169 436
169 426
169 416
169 406
169 396
169 386
169 376
169 366
164 357
164 347
160 337
152 330
148 320
140 313
134 305
129 296
124 287
119 278
114 269
109 260
107 250
104 240
102 230
99 220
94 211
94 201
89 192
85 182
75 180
66 185
56 185
46 183
36 179
32 169
