24 137
24 127
32 119
39 107
44 97
52 89
60 81
70 76
80 74
89 69
99 69
109 69
119 69
129 69
138 74
147 79
155 85
157 95
160 105
165 114
170 123
175 132
180 141
186 149
194 156
200 164
208 170
215 178
225 182
234 187
244 191
254 194
264 196
273 201
283 204
293 205
303 209
313 209
322 214
332 214
342 214
352 214
361 219
371 219
381 219
391 219
400 224
410 224
420 224
429 229
439 229
449 231
455 239
465 239
473 245
480 253
485 262
485 272
490 281
493 291
495 301
500 310
500 320
500 330
502 340
510 347
510 357
517 365
522 374
525 384
533 390
540 398
548 405
555 413
563 420
567 430
575 437
575 447
575 457
575 467
575 477
570 495
568 513
560 520
551 525
541 523
535 515
529 507
539 495
539 485
539 475
539 465
539 455
538 445
529 440
520 445
520 455
520 465
515 480
515 490
510 500
504 512
494 515
484 511
479 502
487 494
489 483
489 473
489 463
489 453
489 443
483 435
475 428
466 423
456 419
449 411
441 405
432 400
425 392
417 385
410 377
404 369
396 363
386 360
376 360
367 365
357 365
348 360
338 360
328 360
318 360
308 363
298 365
288 365
278 368
268 370
258 370
248 370
238 370
228 373
220 380
220 390
220 400
215 410
215 420
210 430
210 440
210 450
210 460
205 475
200 485
195 495
190 505
181 515
171 515
161 515
151 515
141 514
132 509
132 494
140 486
148 479
152 469
154 455
154 445
154 435
154 425
152 415
149 405
149 395
144 386
144 376
144 366
139 357
139 347
135 337
130 328
124 320
122 310
115 302
110 293
109 283
105 273
104 263
104 253
104 243
104 233
101 223
96 214
94 204
89 195
89 185
84 176
76 170
66 170
56 170
46 168
36 164
29 156
24 147
