49 222
49 212
54 202
59 192
67 184
69 172
74 162
79 152
84 137
84 127
84 117
84 107
89 97
97 89
105 81
113 74
122 69
132 69
142 64
152 64
161 59
170 54
179 49
189 49
199 49
209 49
219 49
229 49
239 49
249 51
240 65
232 74
222 79
214 85
204 87
194 90
185 95
190 104
198 110
205 118
213 125
223 129
232 134
241 139
251 139
260 144
269 149
279 151
289 154
299 154
309 154
318 159
328 160
338 164
348 165
358 169
368 170
378 174
388 174
398 174
408 174
418 174
428 174
438 174
448 174
457 169
467 169
477 169
487 169
496 174
506 174
515 179
523 185
530 193
538 200
542 210
545 220
550 229
550 239
550 249
550 259
545 275
540 290
535 300
530 315
530 325
530 335
535 344
535 354
540 363
540 373
540 383
540 393
540 403
535 415
535 425
535 435
530 445
530 455
530 465
524 480
515 485
505 485
495 485
489 477
494 467
499 452
504 442
509 425
509 415
509 405
505 395
495 395
495 405
495 415
495 425
490 440
485 455
479 472
469 475
459 475
454 462
459 447
464 437
469 424
469 414
469 404
469 394
469 384
467 374
462 365
455 357
450 348
443 340
435 333
429 325
419 322
409 325
399 327
389 330
380 335
370 335
365 350
360 365
360 375
360 385
360 395
360 405
360 415
360 425
360 435
360 445
360 455
360 465
360 475
360 485
360 495
360 505
360 515
360 525
359 537
349 540
339 540
329 540
319 540
314 527
319 517
324 502
324 492
324 482
329 469
329 459
329 449
329 439
329 429
329 419
324 410
324 400
320 375
320 385
315 395
315 405
315 415
315 425
315 435
315 445
315 455
315 465
310 480
310 490
310 500
305 515
297 524
287 529
277 529
269 522
269 512
274 502
279 492
279 482
284 470
284 460
284 450
284 440
284 430
284 420
284 410
284 400
284 390
284 380
279 371
279 361
279 351
279 341
274 332
274 322
269 313
264 304
262 294
252 290
245 282
237 275
228 270
220 263
213 255
204 250
195 245
187 239
179 232
170 227
162 220
152 224
142 229
134 235
125 240
115 245
107 254
102 264
94 270
84 270
74 270
66 264
57 259
49 252
49 242
49 232
