114 532
109 547
115 555
125 555
134 550
142 544
150 535
160 530
168 523
178 518
184 510
192 504
200 495
210 490
218 483
225 475
233 468
240 460
250 455
258 448
265 440
273 433
283 428
290 420
298 413
308 408
315 400
325 395
334 400
343 405
352 410
360 417
367 425
377 429
384 437
392 444
399 452
409 455
415 463
423 470
430 478
438 485
442 495
449 503
454 512
459 521
464 530
467 540
469 550
474 559
474 569
479 578
479 588
480 598
484 608
489 617
495 625
503 618
510 605
515 588
515 578
515 568
515 558
515 548
515 538
510 529
510 519
505 510
503 500
495 493
490 484
487 474
482 465
475 457
470 448
463 440
455 434
452 424
442 420
435 412
427 405
420 397
412 390
405 382
400 373
393 365
385 359
382 349
377 340
375 330
375 320
375 310
380 300
380 290
385 275
385 265
390 250
390 240
395 230
395 220
400 210
410 210
420 212
429 217
437 224
441 234
449 240
455 248
463 255
469 263
474 272
482 279
489 287
499 290
505 298
515 300
525 300
527 284
522 275
518 265
510 258
505 249
499 241
494 232
487 224
482 215
475 207
470 198
463 190
455 183
450 174
444 166
436 159
427 154
418 149
409 144
399 144
389 144
379 144
370 139
365 130
365 120
370 109
370 99
365 90
363 80
355 73
350 64
341 59
332 54
322 54
313 59
305 66
297 74
289 82
284 92
284 102
284 112
289 121
289 131
282 139
272 144
262 144
252 144
243 149
233 149
225 156
217 164
208 169
200 176
195 186
190 196
182 204
178 214
170 221
165 231
157 239
152 249
144 257
139 267
142 284
150 290
158 283
165 275
173 268
183 263
190 255
198 248
205 240
213 233
218 223
228 218
235 210
245 210
254 215
259 224
259 234
264 243
265 253
269 263
274 272
274 282
279 291
279 301
284 310
284 320
284 330
284 340
284 350
278 359
270 366
265 376
258 384
250 391
243 399
235 406
228 414
220 421
213 429
205 436
198 444
190 451
183 459
175 466
168 474
160 481
153 489
145 496
137 504
129 512
122 524
