39 127
39 137
39 147
39 157
45 165
55 165
65 167
75 170
85 170
95 170
105 170
106 180
101 190
96 199
87 204
82 214
74 222
69 232
69 242
69 252
79 255
89 252
97 244
105 235
113 228
120 220
128 213
138 208
143 198
150 190
160 185
169 180
179 180
184 189
189 198
189 208
194 217
194 227
199 236
204 245
204 255
207 265
209 286
209 296
207 309
198 304
188 304
178 304
168 304
158 304
148 304
138 304
129 299
119 299
109 299
99 299
89 299
79 299
69 299
59 296
49 294
39 297
39 307
39 317
39 327
44 345
54 345
63 350
73 350
83 350
93 350
103 350
113 350
123 350
132 355
142 355
152 355
162 355
172 355
182 355
182 365
177 374
172 384
164 392
159 402
154 412
144 417
139 427
134 437
127 454
122 464
117 474
112 484
104 492
109 501
116 509
126 510
135 505
143 498
150 490
160 485
165 475
170 465
178 458
185 450
190 440
195 430
205 425
213 418
220 410
228 403
233 393
240 380
249 375
258 370
268 370
274 378
275 388
283 395
289 403
294 412
307 429
311 439
319 445
325 453
330 462
337 470
342 479
349 487
354 496
361 504
369 510
378 515
387 520
394 512
395 495
392 480
390 470
384 462
380 452
372 445
368 435
360 429
360 419
354 411
349 402
345 392
340 383
335 374
330 365
340 365
349 370
359 370
369 370
379 370
389 370
399 370
409 370
419 370
428 375
438 375
448 375
458 375
465 365
465 355
470 342
470 332
463 324
453 324
443 324
433 324
423 324
414 319
404 319
394 319
384 319
374 319
364 319
354 319
345 314
335 314
325 314
315 314
305 310
302 300
300 290
300 280
310 275
310 265
310 255
310 245
315 230
315 220
315 210
323 203
325 190
334 185
344 185
353 190
363 190
367 200
374 208
379 217
389 220
392 230
400 237
407 245
415 252
419 262
427 269
434 277
439 286
446 294
456 298
466 300
476 300
480 284
475 275
469 267
462 259
457 250
450 242
442 235
435 227
430 218
425 209
420 200
420 190
429 195
439 195
449 195
459 195
469 195
479 195
485 187
485 177
485 167
485 157
485 147
479 139
469 139
459 139
449 139
439 139
429 139
420 134
410 134
400 134
390 134
380 134
370 132
360 128
353 120
345 114
335 114
325 114
315 114
305 112
297 105
295 95
295 85
295 75
295 65
294 52
287 44
282 35
275 27
265 24
255 24
245 26
237 34
229 42
219 52
214 62
214 72
214 82
219 91
219 101
212 109
202 109
192 109
182 114
172 114
162 119
152 119
142 119
133 114
123 114
113 114
103 114
93 114
83 114
73 114
64 109
54 109
44 112
