74 551
79 532
87 524
95 516
99 497
99 487
99 477
99 467
99 457
104 441
104 431
104 421
99 412
99 402
99 392
99 382
99 372
104 362
104 352
104 342
104 332
104 322
109 310
109 300
109 290
104 281
104 271
104 261
99 252
104 237
109 227
109 211
109 201
104 192
104 182
109 167
109 157
117 149
125 141
135 136
145 134
155 134
164 129
174 129
184 129
194 129
204 129
214 129
223 124
232 119
241 114
250 109
260 106
270 104
280 104
290 104
300 107
310 109
320 109
329 104
339 104
349 104
359 104
369 104
379 104
389 104
399 104
409 104
418 109
428 109
437 114
446 119
455 124
464 129
474 129
483 134
493 135
503 139
512 144
521 149
530 154
538 160
545 168
550 177
555 186
561 194
569 201
573 211
580 219
585 228
590 237
590 247
590 257
590 267
590 277
590 287
590 297
590 307
585 320
585 330
580 340
580 350
582 360
585 370
585 380
587 390
590 400
594 411
598 421
600 431
600 441
594 457
590 447
585 438
584 428
584 418
584 408
579 399
574 390
574 380
565 375
560 390
555 400
550 415
545 425
540 440
535 450
535 460
530 475
530 485
530 495
530 505
530 515
530 525
528 538
518 543
508 545
498 545
488 545
478 545
469 540
465 521
474 507
479 497
479 487
479 477
479 467
482 450
479 440
479 430
479 420
475 410
465 410
460 420
455 430
455 440
460 449
455 465
455 475
455 485
455 495
455 505
455 515
455 525
445 535
435 535
425 535
415 535
405 535
399 527
399 517
399 507
399 497
399 482
399 472
404 458
404 448
399 439
399 429
399 419
394 410
394 400
385 405
385 415
385 425
385 435
380 445
380 455
380 465
380 475
380 485
382 495
385 505
385 515
385 525
385 535
381 545
371 545
361 545
351 545
341 545
331 545
321 543
316 534
314 524
317 514
319 502
319 492
319 482
319 472
319 462
319 452
319 442
319 432
319 415
319 405
319 395
319 385
310 380
300 380
295 390
295 400
297 410
300 420
300 430
300 440
300 450
300 460
300 470
300 480
300 490
300 500
305 509
305 519
305 529
302 539
292 540
282 540
272 544
262 545
252 544
242 540
232 539
229 522
237 514
242 504
247 495
244 485
244 475
239 466
239 456
239 446
234 437
234 427
229 418
229 408
224 399
224 389
221 379
219 369
214 360
214 350
204 350
195 355
188 363
180 370
173 383
165 390
155 395
155 405
155 415
155 425
155 435
150 450
150 460
145 475
140 485
135 495
130 510
128 523
123 533
115 540
109 557
102 565
93 560
84 555
