15 360
9 352
17 344
25 336
33 329
39 317
39 307
39 297
39 287
39 277
39 267
39 257
39 247
44 237
44 227
44 217
49 202
54 192
54 182
59 172
59 162
64 152
69 142
74 132
79 122
84 112
92 104
100 96
108 89
117 84
127 84
137 84
147 84
156 89
165 94
175 94
185 94
195 94
205 94
214 89
224 89
234 87
244 89
254 89
264 89
274 87
284 84
294 84
304 84
314 84
324 84
334 84
344 84
354 84
364 84
374 84
384 84
394 86
404 89
413 94
423 95
433 99
443 100
452 105
462 109
471 114
480 119
489 124
497 130
507 134
514 142
522 149
529 157
535 165
537 175
542 184
545 194
545 204
550 213
550 223
550 233
550 243
550 253
550 263
550 273
550 283
550 293
545 305
545 315
547 325
550 335
555 344
555 354
560 363
560 373
550 383
544 375
544 365
544 355
542 345
539 335
537 325
534 315
534 305
534 295
525 300
525 310
520 320
515 335
510 345
505 355
505 365
505 375
505 385
505 395
505 405
505 415
507 425
505 440
505 450
505 460
504 472
499 482
489 485
479 485
469 485
459 485
449 485
439 481
434 472
442 464
449 452
449 442
449 432
449 422
449 410
445 400
435 400
435 410
435 420
430 435
430 445
425 455
421 470
412 475
402 474
392 470
382 470
372 469
364 462
364 452
369 442
374 427
379 417
384 402
384 392
389 382
389 372
389 362
394 344
394 334
389 325
379 325
369 327
359 330
350 325
340 325
330 322
320 320
310 320
310 330
315 339
315 349
315 359
320 368
320 378
320 388
320 398
325 407
329 417
339 421
348 426
348 443
340 450
332 464
324 472
314 477
309 468
309 458
303 450
294 445
286 438
281 429
279 419
274 410
265 405
265 415
267 425
270 435
270 445
272 455
275 465
266 475
257 480
248 485
238 485
228 485
218 485
209 480
207 469
212 459
222 454
219 439
216 429
214 419
214 409
209 400
209 390
209 380
207 370
204 360
204 350
199 341
199 331
194 322
194 312
194 302
189 293
189 283
189 273
184 264
179 255
178 245
168 245
159 240
149 237
139 242
129 245
120 250
115 260
110 270
100 272
90 270
85 280
80 290
80 300
80 310
80 320
80 330
80 340
80 350
80 360
82 370
92 374
102 374
111 379
115 389
118 399
113 408
105 415
95 415
85 415
77 409
69 402
62 394
54 387
54 377
49 368
49 358
46 348
40 340
33 348
23 353
