19 161
22 144
32 144
42 144
45 154
50 163
55 172
55 182
55 192
50 205
45 220
45 230
45 240
53 246
59 254
69 254
79 252
89 242
94 232
94 222
99 212
99 202
99 192
104 177
109 167
114 157
119 147
124 132
129 122
129 112
134 102
139 92
144 77
152 69
160 61
168 54
177 49
187 49
197 49
207 49
216 54
226 54
236 54
246 54
256 54
265 49
274 44
283 39
292 34
301 29
311 25
319 19
329 19
339 19
349 17
359 17
369 17
379 19
389 19
399 21
408 26
418 30
427 35
437 39
446 44
454 51
463 56
470 64
478 70
487 75
492 84
499 92
505 100
510 109
515 118
520 127
524 137
529 146
533 156
538 165
540 180
545 189
545 200
545 210
550 219
545 235
550 244
554 256
556 270
547 265
544 255
539 246
534 225
534 215
534 205
534 195
525 190
525 200
525 210
525 220
525 230
520 245
520 255
515 270
515 280
510 290
510 300
512 310
515 320
515 330
520 339
525 348
525 358
525 368
520 385
510 395
501 400
492 405
483 400
474 405
465 400
457 394
457 379
462 369
469 361
469 351
464 342
459 328
452 320
449 310
440 305
435 315
430 330
430 340
430 350
425 365
420 380
410 385
401 390
391 390
381 390
372 385
369 375
374 357
379 342
384 329
384 319
384 309
379 300
375 290
365 290
365 300
360 310
360 320
360 330
360 340
360 350
360 360
360 370
360 380
360 390
360 400
358 418
350 425
341 430
331 430
321 430
311 430
301 429
294 421
289 412
294 402
304 397
309 380
304 371
304 361
299 329
297 319
292 310
288 300
279 295
270 300
270 310
263 320
253 320
243 320
233 320
224 315
214 315
209 282
209 272
214 262
219 248
219 238
219 228
219 218
213 210
203 210
194 215
184 217
174 220
168 228
158 230
148 230
139 225
144 215
144 205
135 210
130 220
130 230
122 239
117 249
112 259
104 267
96 275
87 280
77 284
67 284
57 280
48 275
39 270
31 264
24 256
24 246
24 227
24 217
29 202
34 185
34 175
26 169
