74 259
80 267
89 272
99 275
109 275
119 275
129 275
138 280
148 280
158 280
168 280
177 285
187 285
195 292
205 295
215 297
225 300
235 300
244 305
254 305
263 310
273 310
283 310
292 315
302 315
311 320
321 320
330 325
340 325
349 330
354 339
359 348
360 358
365 367
369 377
374 386
379 395
384 404
386 414
394 420
399 429
404 438
409 447
409 457
419 460
422 470
432 470
442 470
452 470
460 460
460 450
460 440
465 425
465 415
465 405
465 395
465 385
470 370
470 360
470 350
470 340
470 330
475 320
475 310
484 315
494 315
503 320
513 320
522 325
532 329
540 335
549 340
558 345
565 353
573 360
583 360
593 360
600 352
595 343
595 333
590 324
585 315
585 305
585 295
590 284
590 274
585 265
585 255
590 244
590 234
585 225
585 215
585 205
590 195
595 180
594 164
584 164
574 164
566 170
560 179
550 181
542 189
533 194
524 199
515 204
505 204
495 206
485 209
475 211
475 201
470 192
470 182
470 172
470 162
470 152
469 142
465 132
465 122
465 112
465 102
465 92
465 82
465 72
465 62
465 52
465 42
465 32
459 24
449 24
439 24
429 24
419 24
409 24
399 24
389 24
379 24
369 24
359 24
349 24
339 27
339 37
339 47
339 57
339 67
339 77
339 87
339 97
339 107
339 117
339 127
345 135
355 135
365 135
369 147
364 157
359 167
355 181
350 191
344 199
334 199
324 202
314 204
304 207
294 209
284 212
274 214
264 214
255 219
245 219
236 224
226 224
216 225
206 229
196 230
191 239
181 239
172 244
162 244
152 244
142 244
132 249
122 249
112 249
102 249
92 249
83 254
