179 187
187 179
196 174
204 167
212 159
222 154
232 149
242 144
247 134
252 124
260 116
268 109
275 101
285 96
295 91
305 86
315 84
324 79
334 79
344 79
354 79
364 79
374 81
384 84
393 89
402 94
411 99
420 104
428 110
435 118
443 125
450 133
455 142
460 151
463 161
465 171
468 181
478 185
485 193
495 197
502 205
510 212
517 220
525 227
529 237
537 244
544 252
537 264
527 269
517 270
507 269
497 265
488 260
480 253
473 245
463 245
453 248
445 255
450 264
455 273
463 280
467 290
472 299
475 309
480 318
480 328
485 337
485 347
485 357
485 367
485 377
485 387
485 397
480 415
480 425
475 435
475 445
470 455
465 465
465 475
465 485
465 495
460 505
458 523
453 533
448 543
440 550
435 560
427 569
419 575
410 580
400 585
391 590
382 595
372 595
362 595
353 600
343 600
334 595
324 595
314 595
304 592
295 587
285 583
279 575
269 572
262 564
254 557
249 548
244 539
239 530
237 520
234 510
225 505
215 510
208 518
200 525
192 534
182 534
179 512
184 497
189 487
194 477
199 467
207 459
212 449
217 439
219 425
214 416
214 406
209 397
209 387
209 377
209 367
209 357
209 347
209 337
214 327
214 317
219 307
224 297
229 287
224 275
214 272
214 262
222 254
227 244
234 232
234 218
231 208
225 200
216 205
206 203
196 199
187 194
