179 532
184 541
189 550
199 550
209 547
219 542
229 540
237 534
247 529
257 529
259 539
264 548
265 558
270 567
277 575
286 580
295 585
305 587
314 592
324 595
334 595
344 595
354 595
364 595
374 595
383 590
393 588
400 580
410 580
418 573
423 563
428 553
433 543
438 533
443 523
448 513
453 503
455 490
460 480
465 465
470 450
475 435
480 425
480 415
480 405
485 390
485 380
485 370
480 361
480 351
480 341
475 332
474 322
470 312
465 303
460 294
455 285
452 275
450 265
459 260
469 260
478 265
488 265
497 270
505 277
515 280
520 266
515 257
510 248
503 240
495 233
490 224
483 216
480 206
480 196
478 186
475 176
474 166
469 157
462 149
454 142
447 134
439 127
430 122
420 119
414 111
404 109
395 104
385 104
376 99
366 99
357 94
347 94
337 94
327 99
317 99
308 104
298 104
289 109
280 114
271 119
262 124
253 129
245 136
237 144
232 154
224 162
216 184
207 189
202 199
202 214
212 215
219 223
224 232
232 249
234 259
230 271
222 279
212 284
202 289
194 297
194 307
199 316
204 325
214 327
224 325
209 357
209 367
209 377
209 392
209 402
209 412
214 421
219 430
214 447
209 462
204 472
199 482
194 492
189 502
187 514
