134 397
134 387
144 367
149 357
154 342
159 332
164 315
155 310
149 302
159 282
164 272
179 257
192 239
202 239
207 229
216 224
225 219
234 214
243 209
252 204
261 199
269 192
279 187
289 187
299 182
309 177
319 174
328 179
335 171
345 166
351 174
360 169
370 167
380 169
389 164
399 166
409 169
419 171
429 169
439 169
445 177
455 174
465 174
474 179
484 181
494 184
504 186
514 189
520 197
525 206
520 215
520 225
515 235
513 248
505 255
515 259
523 250
533 249
537 239
539 227
549 227
549 217
564 202
579 187
579 177
587 169
595 161
605 159
611 150
621 145
631 140
641 139
648 148
638 153
633 163
625 170
620 180
620 190
620 200
620 210
625 219
630 228
630 238
635 247
644 252
650 260
658 266
668 270
673 279
682 274
692 274
702 274
712 274
720 280
709 287
699 292
689 295
679 297
669 300
659 302
649 302
640 307
632 300
624 307
614 307
604 307
594 310
584 312
574 315
564 315
555 310
545 320
535 320
535 330
545 334
555 334
564 339
574 336
580 344
590 347
595 356
590 365
580 370
578 388
570 395
560 405
555 415
555 425
545 430
538 438
533 448
525 455
515 460
509 472
501 480
492 485
484 492
474 497
464 502
454 505
445 500
440 510
431 515
421 515
412 520
402 520
393 525
383 525
374 520
365 525
370 534
378 540
380 555
370 555
375 564
367 570
358 565
349 560
339 557
332 549
327 540
318 535
308 535
300 528
294 520
285 525
276 530
266 530
256 529
247 524
237 524
227 520
217 520
207 524
199 517
189 520
180 515
170 515
161 510
151 508
146 499
142 489
134 482
134 472
134 462
134 452
134 442
134 417
134 407
