14 202
14 192
22 184
29 172
39 167
44 157
49 147
57 139
64 127
72 119
82 119
90 111
98 104
105 96
113 89
122 84
131 79
136 70
146 65
154 57
162 49
170 41
180 39
189 27
199 24
209 24
218 19
228 19
238 19
248 19
258 19
268 19
277 14
284 22
294 21
300 29
310 27
318 34
327 29
336 34
346 34
356 34
365 39
374 44
383 49
392 54
402 54
409 62
417 69
426 74
435 79
443 85
447 95
455 102
464 107
469 116
470 126
476 134
484 141
485 151
485 161
483 178
475 185
468 193
460 200
460 210
470 214
480 214
490 214
500 211
510 206
515 196
525 191
533 184
540 176
548 169
555 161
565 159
574 152
584 149
594 149
603 144
613 144
623 144
630 152
623 163
618 173
613 183
605 190
605 200
600 215
595 230
595 240
595 250
595 260
597 270
605 277
610 286
611 305
602 310
592 310
582 310
573 305
563 305
553 305
544 300
535 295
525 292
515 288
506 283
496 285
487 280
478 275
469 270
459 270
450 275
450 285
455 294
463 300
470 308
470 318
465 330
463 343
455 350
447 359
437 360
429 367
419 370
410 375
402 384
392 385
382 385
373 390
363 390
354 395
344 395
334 395
324 395
314 395
304 395
294 395
284 395
276 388
266 385
257 380
248 375
240 368
234 360
229 351
224 342
215 337
205 335
205 345
200 355
200 370
197 384
192 394
182 395
178 385
169 380
169 370
168 360
160 353
159 343
159 333
152 325
149 315
139 312
130 307
120 303
114 295
106 288
96 284
87 279
77 275
74 265
65 260
55 258
49 250
41 243
31 239
29 229
26 219
19 211
