14 117
19 92
29 89
39 89
49 89
59 89
69 89
79 89
89 89
99 89
109 89
119 89
129 89
139 89
149 89
159 89
169 89
179 89
189 89
199 89
209 89
219 89
229 89
239 89
249 89
259 89
269 89
279 89
289 89
299 89
309 89
319 89
329 89
339 89
349 89
359 89
369 89
379 89
389 89
399 89
409 89
419 89
429 89
439 89
449 89
459 89
469 89
479 89
479 79
474 70
469 61
464 52
469 32
477 24
485 16
495 16
505 16
515 16
525 16
535 16
544 21
550 29
555 40
555 50
555 60
555 70
545 75
545 90
545 100
545 110
545 120
540 135
538 148
530 155
523 163
515 170
507 179
499 187
489 192
479 195
469 195
459 196
454 187
462 179
467 169
474 152
479 137
477 125
467 125
457 129
447 130
438 125
429 130
420 125
411 130
402 125
392 129
382 130
373 125
363 125
354 130
345 125
336 130
326 128
316 128
306 130
297 125
287 125
277 129
267 130
258 125
249 130
240 125
231 130
222 125
212 129
202 130
193 125
183 125
174 130
165 125
156 130
146 128
136 128
126 130
117 125
107 125
97 129
87 130
78 125
69 130
59 127
49 130
39 127
29 125
19 126
