84 162
84 152
92 144
101 139
110 134
120 131
130 126
138 119
147 114
155 106
165 101
175 96
183 89
193 89
200 81
208 74
217 69
227 64
235 56
244 61
250 69
259 74
269 74
278 79
287 84
296 89
300 99
305 108
297 124
289 130
280 135
270 135
265 145
255 150
255 160
255 170
260 179
265 188
265 198
270 207
270 217
277 225
282 234
289 242
294 251
298 261
305 269
313 275
317 285
325 292
330 301
335 310
337 320
345 327
352 335
355 345
357 355
365 362
372 370
375 380
380 389
385 398
390 407
390 417
397 425
402 434
409 442
410 452
415 461
421 469
429 476
435 484
440 493
445 502
450 511
450 521
442 529
437 539
427 540
417 540
408 545
398 545
389 540
384 528
377 520
374 510
369 501
364 492
357 484
352 475
349 465
349 455
340 450
332 444
324 437
324 427
319 418
316 408
306 404
304 394
299 385
297 375
290 367
282 360
274 353
274 343
269 334
264 325
256 319
249 311
244 292
237 284
229 277
229 267
224 258
224 248
217 240
214 230
205 225
197 219
189 212
182 204
172 200
164 207
154 210
145 215
135 212
127 205
118 210
110 203
104 195
96 189
89 181
89 171
