89 402
89 392
94 382
102 374
105 384
114 389
124 389
134 387
144 384
154 384
164 382
174 379
184 379
194 379
204 379
214 379
224 379
234 379
244 379
254 379
264 379
273 384
282 389
292 389
301 384
311 384
321 384
329 377
339 372
349 367
357 359
362 349
364 337
372 329
379 317
384 307
392 299
402 299
411 294
419 282
429 277
439 272
449 267
459 264
469 262
479 257
487 249
495 241
503 234
507 224
516 219
526 215
534 207
544 202
554 197
562 189
572 189
581 184
589 177
589 167
599 162
607 154
615 146
625 144
634 139
643 134
652 129
661 124
669 131
678 136
673 153
663 158
655 165
650 180
640 190
630 195
620 200
612 209
602 214
593 220
584 225
578 233
568 235
559 240
549 242
539 245
529 245
520 250
510 250
505 260
515 264
525 264
534 269
542 275
552 279
555 289
565 292
575 294
585 291
594 282
602 274
611 269
620 264
630 261
640 256
650 254
659 259
668 264
678 265
688 269
698 269
708 269
718 269
728 269
738 269
748 269
757 264
767 264
765 280
757 290
747 294
737 295
727 295
717 295
707 295
698 290
688 290
678 290
668 290
658 290
648 293
638 298
630 305
620 310
613 318
605 325
598 333
590 340
581 350
572 355
562 359
553 365
544 370
534 370
524 370
514 370
505 375
500 390
500 400
502 410
507 419
510 429
520 432
527 440
535 447
530 465
522 474
514 480
505 485
500 495
493 508
488 518
480 525
475 535
470 550
464 562
459 572
449 571
444 562
444 552
449 537
459 527
467 519
472 509
477 499
482 489
490 481
495 471
489 456
484 447
477 439
467 435
458 430
449 425
440 430
435 440
430 450
430 460
423 468
415 475
407 484
399 490
390 495
385 505
385 515
387 525
392 534
395 544
405 547
413 554
414 542
414 532
414 517
414 507
419 497
429 494
439 496
440 506
440 516
440 526
435 535
430 545
430 555
430 565
425 580
420 595
413 605
403 605
394 600
384 597
379 588
374 579
369 570
360 565
358 578
350 585
340 590
330 595
323 603
313 608
303 613
295 620
288 633
278 638
270 645
265 655
260 670
260 680
260 690
255 705
250 715
250 725
252 735
252 745
247 754
239 760
230 755
224 747
224 737
224 727
234 717
239 702
239 692
239 682
244 672
244 662
244 652
249 637
254 622
262 614
270 606
278 599
287 594
295 586
294 576
294 566
286 560
277 555
270 547
262 540
255 532
249 524
244 515
241 505
232 500
222 500
215 492
207 485
198 480
190 473
183 465
174 460
164 460
155 465
150 475
150 485
150 495
150 505
155 514
148 523
138 528
130 535
120 532
110 528
104 520
102 510
99 500
99 490
99 480
94 471
89 462
89 452
89 442
89 432
89 422
89 412
