24 117
24 107
34 102
42 94
50 86
60 84
66 75
74 69
84 67
92 59
100 51
108 44
115 36
123 29
127 19
137 19
147 19
157 19
160 29
168 35
177 40
182 49
191 54
200 59
210 59
220 62
230 62
238 69
248 69
258 70
265 78
270 87
280 84
290 84
300 84
310 84
320 84
330 84
340 84
350 84
360 82
370 82
380 81
390 84
400 84
410 84
420 84
430 84
440 81
448 75
458 79
467 74
476 79
485 74
495 74
505 74
514 79
524 77
534 77
542 84
549 92
554 101
558 113
550 120
543 128
535 135
528 143
518 145
508 143
498 148
490 155
480 155
470 158
463 150
453 153
445 160
435 160
425 160
415 160
405 160
396 155
387 150
377 150
367 150
358 155
349 150
339 152
329 157
319 155
310 160
304 177
294 175
285 170
280 180
275 190
265 190
260 200
250 200
240 200
233 208
223 208
213 213
205 220
195 225
190 235
188 245
178 248
170 255
170 265
162 274
152 275
142 274
128 250
120 243
114 235
104 232
100 222
92 215
82 215
79 205
70 200
60 198
53 190
44 185
36 179
29 171
24 162
24 152
24 142
24 127
