149 452
149 442
159 439
168 434
177 429
187 424
196 419
199 406
194 397
194 387
194 377
194 367
194 357
194 347
194 337
199 327
204 317
212 309
217 299
225 291
233 284
240 276
233 265
224 260
214 257
207 249
207 234
217 234
227 229
234 220
233 210
225 203
218 195
210 188
204 180
196 174
192 164
192 149
202 144
212 144
221 149
230 154
238 160
248 164
255 156
263 149
270 141
278 134
287 129
296 124
305 119
314 114
323 109
333 109
343 109
353 109
363 109
373 109
383 110
393 114
402 119
411 124
420 129
428 135
435 143
440 152
445 161
450 170
455 179
455 189
460 198
460 208
470 206
480 204
489 199
499 199
508 204
518 205
527 210
537 214
530 225
520 230
511 235
502 240
493 245
484 250
474 252
464 255
454 255
445 260
453 266
460 274
468 280
475 288
480 297
485 306
490 315
492 325
490 340
490 350
490 360
485 375
485 385
480 400
480 410
475 420
470 435
468 448
460 455
455 465
455 475
455 485
455 495
455 505
455 515
450 525
448 538
440 545
433 558
425 565
418 573
410 580
401 585
392 590
383 595
374 600
364 600
355 605
345 605
335 605
325 605
315 605
305 602
295 600
285 597
275 593
269 585
259 582
254 573
247 565
244 555
239 546
234 537
234 527
234 517
234 507
234 497
232 484
222 480
212 480
202 480
193 475
183 475
174 470
164 467
157 459
