84 151
79 142
87 134
95 126
103 119
112 114
122 109
130 101
138 94
145 86
153 79
162 74
171 69
179 62
187 54
197 49
207 44
217 39
227 34
237 29
247 24
257 24
267 24
277 24
287 24
297 24
307 24
317 24
326 29
336 29
345 34
355 34
363 40
373 40
380 48
388 54
397 59
404 67
412 74
420 80
428 86
435 94
443 100
452 105
462 109
471 114
481 114
491 114
501 114
510 109
520 109
530 107
540 107
550 107
554 117
550 130
545 145
540 155
535 165
530 175
535 184
540 193
550 197
557 205
562 214
560 230
558 243
550 250
540 260
532 269
522 274
514 280
505 285
495 285
500 294
500 304
505 313
510 322
517 330
522 339
529 347
537 354
544 362
552 369
555 379
560 388
560 400
560 415
560 430
560 440
552 449
544 455
535 460
526 455
516 455
507 450
497 449
487 445
478 440
468 440
459 435
450 430
440 430
430 430
420 430
410 435
400 440
393 448
388 458
380 465
375 475
375 485
385 489
395 492
404 497
414 496
424 499
433 504
443 504
452 509
462 509
471 514
480 519
490 522
500 524
509 529
517 535
527 539
530 549
520 560
513 568
503 573
493 578
485 585
475 585
466 590
457 595
448 600
438 603
428 608
418 610
408 613
398 615
388 615
378 615
368 615
358 615
348 615
339 610
329 607
320 602
310 600
301 595
291 593
281 589
272 584
262 580
253 575
243 575
234 570
224 566
219 557
219 547
219 537
219 527
219 517
224 497
224 487
229 477
234 452
239 437
239 427
244 417
244 407
249 397
249 387
254 372
259 363
259 353
253 345
243 345
235 338
229 330
219 326
211 320
201 320
191 320
181 320
172 325
162 324
159 306
154 297
154 282
154 272
154 260
154 250
154 240
149 231
144 222
140 212
135 203
128 195
120 188
113 180
105 173
98 165
89 160
