59 127
59 117
72 99
82 94
92 94
102 94
111 99
121 99
130 104
139 109
148 114
157 119
166 124
175 129
185 132
194 137
202 144
211 149
220 154
229 159
237 165
247 169
256 174
265 179
273 185
283 189
292 184
301 179
309 172
319 167
329 162
339 161
343 171
350 179
348 193
343 203
338 213
330 220
335 229
343 235
350 243
358 250
365 258
375 256
385 254
395 251
405 249
415 249
425 252
435 254
445 257
440 270
435 280
435 290
435 300
435 310
430 320
432 330
440 337
447 345
457 349
466 354
475 359
485 359
495 359
505 362
515 364
525 364
534 369
544 369
553 374
562 379
572 379
581 384
577 399
569 405
559 407
549 412
539 415
529 417
519 420
510 425
510 435
510 445
510 455
510 465
510 475
509 492
504 502
494 500
486 494
479 486
474 477
469 468
462 460
459 450
451 444
447 434
439 427
435 417
430 408
423 400
415 393
408 385
399 380
390 375
381 380
372 385
362 389
352 394
344 402
336 410
327 405
323 395
315 388
311 378
306 369
304 359
302 349
292 345
283 340
274 335
265 330
257 324
247 320
240 312
232 305
223 300
215 293
209 285
200 280
200 290
194 307
189 317
179 322
169 320
164 311
159 302
159 292
159 282
159 272
159 262
159 252
154 237
147 229
139 222
132 214
124 207
117 199
109 192
104 183
97 175
90 167
82 160
79 150
71 144
67 134
