134 637
134 627
144 624
150 616
160 614
170 614
180 614
190 614
200 614
209 619
219 621
225 629
235 629
245 632
262 629
254 622
254 612
247 604
239 597
239 587
244 577
249 562
249 552
249 542
249 532
249 522
249 512
254 502
262 484
264 472
269 462
274 452
279 442
284 432
284 422
287 410
277 410
267 410
257 410
247 414
237 415
228 420
218 420
208 423
198 425
189 430
180 435
174 427
179 417
184 397
189 382
189 372
199 367
199 357
199 347
209 327
214 317
219 307
224 297
229 282
234 272
242 264
249 252
244 243
237 235
234 225
229 216
224 207
224 197
224 187
224 177
224 167
224 157
232 149
234 132
242 124
250 116
258 109
262 99
272 94
282 94
287 84
297 84
307 84
316 79
326 79
335 84
345 87
352 95
360 102
360 115
365 124
370 133
380 137
375 150
370 165
365 175
360 190
355 205
365 209
375 209
385 209
395 209
404 202
404 187
412 179
414 162
424 147
429 137
439 134
449 134
459 134
469 134
479 134
489 134
499 136
509 139
519 136
525 144
535 147
545 149
550 158
555 167
555 177
560 186
560 196
560 206
555 220
550 230
550 245
545 260
540 270
533 283
525 290
515 295
508 303
498 305
488 308
480 315
470 315
460 315
450 315
440 315
430 315
420 320
413 333
403 338
395 345
385 345
377 354
369 360
360 365
365 374
375 372
383 379
392 384
401 389
410 394
420 397
425 406
434 411
440 419
450 419
460 419
470 419
478 425
485 433
487 449
477 454
467 455
457 455
452 464
445 472
437 465
428 460
419 455
419 445
407 430
404 420
394 420
384 420
375 415
375 425
375 435
375 445
375 455
375 465
375 475
375 490
380 499
380 510
385 519
390 528
395 537
405 539
415 539
425 539
435 536
445 536
455 534
464 539
474 537
482 529
491 524
499 512
499 502
509 492
514 472
522 464
527 454
532 444
537 434
539 422
539 412
544 402
552 394
560 386
570 384
580 384
590 384
594 395
584 395
575 400
565 400
555 410
550 420
550 430
548 448
540 455
535 470
533 488
525 495
520 505
520 515
520 525
520 535
515 545
510 555
504 567
496 575
486 575
476 578
466 575
456 575
446 573
436 570
427 575
420 567
410 565
400 565
390 565
380 565
370 575
370 585
370 595
370 605
370 615
378 621
388 624
398 624
408 624
418 624
428 624
438 624
448 624
458 625
468 629
477 634
475 645
468 655
458 655
448 655
439 650
429 650
419 650
409 650
399 650
389 650
379 650
369 650
359 650
349 650
339 647
339 637
339 627
347 619
349 604
349 594
344 585
335 580
325 580
315 580
305 580
295 580
285 580
285 590
285 600
285 610
285 620
285 630
280 645
270 650
260 650
250 650
240 650
230 650
220 650
210 650
202 644
192 644
182 644
172 640
162 640
152 640
142 644
