99 547
99 537
104 522
104 512
109 502
117 494
125 486
130 476
135 466
140 456
148 449
155 441
160 431
164 419
164 409
162 399
159 382
164 372
172 364
181 359
179 345
171 339
167 329
162 320
159 310
154 301
149 292
149 282
144 273
140 263
139 253
134 244
131 234
129 224
124 215
122 205
119 195
119 185
114 176
114 166
114 156
114 146
114 136
114 117
119 107
124 97
129 87
137 79
147 74
157 74
167 74
176 69
186 69
196 69
206 69
216 69
226 69
236 69
246 69
256 69
266 69
276 69
286 69
296 69
306 69
316 69
326 69
336 69
346 69
356 69
365 64
375 64
384 59
394 59
404 59
413 54
423 54
433 54
442 49
452 44
462 44
471 39
481 35
491 34
500 29
509 24
519 26
525 34
520 45
520 55
520 65
515 75
515 85
515 95
515 105
515 115
515 125
515 135
515 145
515 155
515 165
515 175
515 185
515 195
520 204
520 214
520 224
520 234
520 244
525 253
530 262
530 272
535 281
538 291
543 300
545 310
550 319
550 329
555 338
560 347
560 357
560 367
564 377
560 395
557 409
552 419
543 425
534 430
525 435
515 440
505 445
495 445
485 445
475 445
465 445
455 445
445 445
435 445
425 445
415 445
405 450
395 450
385 447
375 445
365 445
355 445
345 445
335 445
325 445
315 445
305 442
297 435
288 430
278 430
269 435
260 440
252 450
242 450
232 450
222 450
213 455
203 455
194 460
185 465
178 473
170 480
165 490
158 498
150 505
145 515
140 525
135 540
130 550
130 560
130 570
135 579
135 589
140 598
150 602
160 604
170 604
175 613
183 620
190 628
200 626
210 627
219 632
229 636
227 649
218 655
208 655
198 655
189 650
179 650
169 650
161 644
152 639
142 635
135 627
127 620
123 610
115 603
109 595
104 586
104 576
99 567
99 557
