24 257
24 247
29 237
34 227
42 219
47 209
52 199
60 191
68 184
75 176
85 171
95 166
105 164
114 159
124 157
134 152
144 147
152 139
162 134
172 134
181 129
190 124
199 117
209 112
219 107
227 99
235 91
243 84
252 79
260 71
265 61
273 54
280 46
290 41
298 35
307 40
317 44
324 52
334 56
343 61
350 69
358 75
365 83
370 92
378 99
387 104
394 112
402 119
412 119
421 124
430 129
438 135
448 139
457 144
467 144
476 149
485 154
495 157
505 159
514 164
524 166
534 169
544 171
553 176
560 184
568 190
575 198
580 207
585 216
590 225
590 235
590 245
585 260
580 275
575 290
570 300
563 313
558 323
553 333
545 340
538 348
533 358
528 368
520 375
515 385
515 395
508 403
500 410
495 420
488 433
480 440
473 448
465 455
457 464
449 470
440 475
432 484
424 490
415 495
415 505
420 514
420 524
417 534
408 540
399 545
389 545
379 545
369 545
360 550
350 550
340 555
335 565
330 580
328 593
323 603
318 613
310 620
305 630
300 640
293 648
285 655
275 660
265 665
258 673
248 675
239 680
230 685
220 685
211 690
201 690
191 690
181 690
171 690
161 690
151 690
141 690
132 685
122 684
112 680
103 675
95 668
88 660
80 653
73 645
65 638
59 630
54 621
54 611
54 601
54 582
54 572
54 562
59 552
64 537
69 527
77 519
85 511
90 520
85 530
80 545
80 555
80 565
80 575
80 585
80 595
82 605
87 614
90 624
98 630
102 640
112 644
119 652
129 654
139 654
149 656
159 659
169 659
178 654
188 654
197 649
207 644
217 639
227 634
235 626
243 619
249 607
254 597
259 582
264 567
269 553
262 545
252 549
242 549
232 545
223 540
214 535
209 526
204 517
209 504
209 494
204 485
194 482
185 477
177 470
168 465
160 458
153 450
144 445
136 439
132 429
124 422
117 414
112 405
108 395
100 388
94 380
89 371
84 362
77 354
72 345
69 335
61 329
54 321
49 312
45 302
39 294
34 285
29 276
24 267
