154 97
154 87
159 72
164 62
174 57
184 54
194 54
204 54
214 56
223 61
233 65
240 73
245 82
255 82
265 82
273 89
283 89
293 89
302 94
311 99
320 104
330 107
340 109
350 109
360 109
370 109
379 114
389 116
398 121
405 129
413 135
423 135
427 145
435 152
443 159
450 167
458 174
460 184
460 200
463 218
455 225
455 240
455 250
455 265
455 275
455 290
460 299
470 296
479 287
487 279
495 271
505 269
511 260
521 255
531 250
539 244
549 244
558 249
567 254
576 259
585 264
590 273
590 283
590 293
590 303
590 313
582 324
572 325
563 320
554 315
544 315
534 315
524 315
514 315
504 315
494 315
484 315
474 315
464 317
454 320
445 325
435 325
429 335
420 340
410 350
401 355
391 358
385 350
379 342
379 332
379 322
379 312
384 302
384 292
384 282
384 272
394 269
389 260
389 250
379 250
370 255
363 263
355 270
345 275
335 280
325 280
320 290
322 300
327 309
330 319
338 325
340 335
345 344
350 353
355 362
359 372
360 382
365 391
370 400
375 409
380 418
385 427
385 437
385 447
378 463
370 470
360 470
350 470
340 470
330 467
320 465
314 457
314 447
319 435
319 425
317 415
314 405
309 396
309 386
309 376
304 367
300 357
295 348
289 340
289 330
281 323
276 314
269 306
269 282
277 274
285 266
295 264
304 257
304 247
309 233
309 223
309 213
305 203
298 195
289 190
280 185
271 180
262 175
252 179
242 175
233 170
224 165
216 159
214 149
212 139
202 135
195 127
185 123
179 115
169 112
162 104
