144 221
147 204
156 209
165 214
175 214
184 219
190 211
198 204
199 193
193 185
185 178
179 170
169 167
169 157
179 154
189 154
199 154
209 156
218 161
223 170
230 178
230 188
235 197
235 207
235 217
239 227
247 234
255 240
260 249
268 255
275 263
285 267
292 275
300 282
307 290
315 297
322 305
332 309
339 317
347 324
354 332
362 339
369 347
379 351
385 359
394 364
400 372
409 377
419 379
429 379
438 384
448 385
458 389
467 394
470 404
470 414
470 424
462 430
453 425
444 420
434 420
425 425
433 431
440 439
450 442
453 453
445 460
436 465
426 463
416 459
407 454
399 447
399 437
394 428
389 419
384 410
376 403
366 399
361 390
352 385
343 380
335 373
328 365
320 358
313 350
304 345
294 342
289 333
283 325
275 318
269 310
259 307
254 298
248 290
240 283
234 275
224 271
216 265
207 260
197 259
187 255
177 255
168 250
159 245
151 239
144 231
