109 427
112 449
120 455
129 460
138 455
148 453
158 450
168 450
178 448
188 445
197 440
207 439
217 434
225 425
235 420
245 415
255 410
265 410
274 405
284 405
293 400
303 400
313 398
323 395
332 400
342 400
352 400
361 405
371 405
379 411
389 415
395 423
403 430
412 435
421 440
431 440
440 435
445 425
453 418
454 404
445 399
441 389
432 384
422 380
420 370
420 360
430 360
440 360
450 360
450 348
445 339
441 329
432 324
422 324
412 324
402 324
392 329
384 337
374 342
365 349
356 354
346 354
337 359
327 359
317 359
308 354
298 354
288 354
278 354
268 354
259 359
254 371
244 377
234 382
224 387
214 392
204 397
194 399
185 404
175 404
165 404
156 409
146 410
136 414
127 419
117 419
