19 427
19 417
24 407
29 397
37 389
44 381
39 372
47 364
52 354
60 346
68 339
77 334
86 329
91 320
99 311
94 302
99 287
104 272
109 262
109 252
114 242
114 232
114 222
119 197
124 182
129 162
134 152
139 142
149 132
157 124
162 114
172 109
177 99
187 94
195 86
203 79
210 71
219 62
229 57
237 49
246 44
256 40
266 35
276 30
286 30
296 29
306 25
316 25
326 24
336 24
345 19
355 17
364 22
374 24
384 24
394 24
403 29
413 29
422 34
432 34
441 39
450 44
459 49
465 57
473 64
480 72
488 79
498 79
508 79
518 80
520 95
525 104
535 101
545 99
554 110
545 115
538 128
530 135
535 144
535 154
530 165
523 173
518 183
510 190
512 200
520 207
527 215
535 222
530 240
523 253
515 260
508 268
498 273
490 280
480 287
472 280
467 289
459 295
454 286
449 277
454 262
462 254
464 235
455 240
445 245
437 254
427 259
419 265
410 270
403 278
395 285
388 293
380 300
373 308
365 315
355 325
349 335
340 340
336 350
326 350
317 355
309 362
299 365
290 370
280 370
280 380
285 389
295 392
302 400
310 407
310 420
310 430
302 440
297 449
289 457
279 462
269 465
260 470
252 464
249 430
241 423
235 415
227 409
219 402
215 392
207 385
198 390
189 395
179 395
170 390
170 400
160 405
154 417
149 427
139 430
130 435
124 445
115 450
108 458
100 465
91 470
82 475
76 483
66 480
56 480
46 478
40 470
34 462
27 454
19 447
19 437
