19 322
19 332
22 354
32 355
42 359
51 364
61 363
70 368
80 367
90 365
100 365
110 360
120 360
129 355
138 350
148 350
157 345
166 340
174 346
181 354
191 355
200 350
209 355
209 365
209 375
207 394
202 404
194 412
194 422
199 431
205 420
211 428
220 415
229 420
238 415
235 405
245 407
250 395
260 385
265 374
265 364
265 354
260 345
260 335
269 330
275 320
285 315
293 308
303 303
309 295
317 289
325 280
333 273
340 265
348 258
355 250
363 243
370 230
378 223
384 231
392 224
402 224
407 214
415 205
423 198
430 190
440 185
448 178
455 170
460 160
468 153
478 148
484 156
484 166
489 175
495 183
497 169
509 160
512 170
519 157
520 145
530 147
539 142
540 125
545 115
553 108
555 91
554 81
549 72
540 67
530 64
520 66
510 71
500 76
490 79
480 79
480 69
475 60
485 55
494 50
503 45
513 43
523 38
530 30
540 19
530 19
520 21
510 24
501 29
491 25
481 29
472 34
462 34
452 34
442 30
433 25
423 24
413 20
403 19
393 19
383 19
373 19
363 19
353 19
344 24
335 29
325 31
315 36
305 39
295 41
285 44
276 49
267 54
258 59
250 66
240 71
232 79
222 84
214 92
204 97
197 109
192 119
188 129
180 136
175 146
167 154
154 177
149 187
149 197
144 207
139 217
139 227
134 237
129 257
129 267
135 275
125 284
116 289
106 285
96 289
87 294
77 294
68 299
58 299
49 304
39 307
29 312
