39 311
34 302
44 297
54 294
63 289
73 289
83 289
93 289
102 284
112 284
122 284
132 284
139 272
139 262
147 254
157 254
165 246
173 239
179 227
187 219
194 207
202 199
209 187
217 179
227 179
236 174
245 169
254 164
263 159
272 154
280 146
289 137
299 132
309 134
318 129
328 129
337 124
346 119
355 114
364 107
374 104
384 104
394 104
403 99
413 99
422 94
432 94
442 89
452 89
461 84
471 84
481 84
491 84
500 89
510 89
519 94
527 100
535 107
545 109
555 109
564 114
572 120
582 119
592 114
602 114
612 109
622 109
632 109
642 109
651 114
652 124
642 125
632 125
622 125
613 130
604 135
595 140
585 145
575 155
570 165
565 175
558 188
550 195
555 204
565 207
574 212
584 214
593 219
602 224
611 229
619 236
620 246
618 258
610 265
600 275
594 285
585 280
577 289
569 295
560 290
552 304
544 297
534 302
534 292
534 282
542 274
549 265
547 255
537 255
528 250
518 250
509 245
499 245
490 250
482 259
474 265
465 270
456 275
447 280
438 285
429 290
420 295
411 300
402 305
392 309
382 314
372 315
364 322
354 325
344 327
334 330
324 332
314 335
304 335
295 340
285 340
275 340
265 345
255 345
245 350
235 350
225 350
230 359
238 365
240 375
240 385
240 395
232 409
222 414
212 415
202 419
192 424
182 429
174 422
174 412
182 404
191 399
200 388
193 380
185 373
179 365
174 356
168 348
160 355
151 360
141 360
131 360
121 360
112 355
102 354
92 350
82 350
72 350
63 345
54 340
44 340
39 331
39 321
