251 1470
244 1494
265 1508
290 1511
315 1510
340 1510
364 1502
389 1502
414 1501
439 1504
464 1506
488 1499
512 1506
536 1497
560 1505
585 1500
610 1502
635 1501
660 1496
684 1504
708 1495
732 1502
756 1494
781 1496
806 1497
830 1490
854 1497
878 1489
903 1495
928 1489
953 1490
978 1489
1003 1485
1028 1490
1052 1482
1077 1488
1101 1481
1126 1483
1151 1484
1176 1479
1200 1486
1224 1476
1249 1480
1274 1477
1299 1475
1324 1480
1348 1472
1372 1479
1396 1472
1421 1471
1446 1475
1470 1467
1495 1473
1519 1466
1544 1469
1569 1466
1594 1464
1619 1470
1643 1462
1668 1466
1693 1461
1718 1461
1743 1464
1767 1456
1791 1464
1815 1457
1840 1456
1865 1460
1889 1452
1913 1459
1937 1452
1962 1451
1987 1456
2011 1449
2036 1455
2060 1448
2085 1448
2110 1451
2134 1444
2159 1450
2184 1446
2209 1445
2232 1456
2257 1457
2282 1456
2307 1455
2332 1453
2357 1452
2382 1451
2407 1450
2432 1449
2455 1459
2480 1453
2504 1446
2525 1432
2542 1412
2559 1393
2580 1379
2604 1369
2629 1362
2654 1360
2679 1359
2704 1358
2729 1360
2754 1363
2779 1365
2804 1370
2829 1373
2854 1376
2879 1378
2904 1379
2929 1380
2954 1380
2979 1379
3004 1379
3029 1377
3054 1376
3079 1374
3104 1371
3129 1368
3154 1365
3179 1361
3204 1357
3229 1353
3254 1347
3279 1342
3304 1337
3329 1331
3354 1325
3379 1320
3404 1314
3428 1307
3453 1302
3477 1295
3501 1288
3526 1282
3551 1276
3576 1271
3600 1263
3624 1254
3643 1236
3663 1219
3688 1224
3710 1212
3735 1209
3759 1202
3783 1192
3806 1182
3830 1174
3854 1164
3879 1160
3902 1150
3919 1131
3927 1096
3920 1072
3902 1054
3880 1041
3855 1036
3830 1033
3805 1029
3780 1026
3755 1025
3730 1022
3705 1022
3680 1021
3655 1021
3630 1019
3605 1020
3580 1019
3555 1019
3530 1020
3505 1019
3480 1021
3455 1022
3430 1022
3405 1022
3380 1023
3355 1025
3330 1025
3305 1027
3280 1027
3255 1029
3230 1032
3205 1033
3180 1035
3155 1036
3130 1037
3105 1038
3080 1040
3055 1042
3030 1044
3005 1047
2980 1049
2955 1050
2930 1053
2905 1055
2880 1057
2855 1060
2830 1062
2805 1065
2780 1067
2755 1069
2730 1072
2705 1074
2680 1077
2655 1080
2630 1082
2605 1086
2580 1089
2555 1091
2530 1094
2505 1096
2480 1099
2455 1102
2430 1105
2405 1107
2380 1108
2355 1113
2330 1117
2305 1120
2288 1139
2263 1144
2238 1146
2213 1147
2188 1150
2163 1151
2138 1153
2113 1155
2088 1157
2063 1159
2038 1160
2013 1162
1988 1164
1963 1166
1938 1168
1913 1169
1888 1171
1863 1173
1838 1175
1813 1176
1788 1178
1763 1180
1738 1182
1713 1183
1688 1185
1663 1186
1638 1188
1613 1189
1588 1191
1563 1193
1538 1194
1513 1196
1488 1198
1463 1199
1438 1200
1413 1202
1388 1204
1363 1205
1338 1207
1313 1208
1288 1209
1263 1211
1238 1212
1213 1213
1188 1215
1163 1216
1138 1218
1113 1218
1088 1220
1063 1221
1038 1223
1013 1223
988 1225
963 1225
938 1227
913 1227
888 1228
863 1229
838 1230
813 1230
788 1231
763 1232
738 1233
713 1234
688 1234
663 1235
638 1235
613 1237
588 1238
563 1240
538 1242
513 1245
488 1248
463 1254
439 1261
415 1270
394 1284
372 1297
352 1314
333 1332
316 1352
301 1372
289 1394
274 1414
261 1436
