249 610
246 585
251 559
263 537
282 519
303 505
326 495
350 488
376 483
401 481
426 480
451 480
476 481
501 484
526 488
551 494
575 501
599 509
645 531
667 543
704 570
723 587
739 607
754 627
768 648
784 692
789 717
799 740
835 770
858 780
881 790
904 800
928 809
951 819
974 829
997 839
1020 849
1043 859
1067 867
1091 876
1115 885
1139 894
1163 903
1187 911
1211 919
1235 927
1259 935
1283 943
1307 950
1331 959
1355 966
1379 973
1403 980
1427 987
1451 994
1476 1000
1500 1007
1524 1014
1549 1020
1573 1029
1592 1046
1600 1071
1596 1098
1585 1122
1568 1141
1543 1147
1518 1141
1496 1128
1473 1117
1452 1103
1429 1093
1408 1079
1386 1067
1363 1057
1341 1044
1320 1030
1296 1021
1274 1008
1252 995
1229 985
1206 974
1184 962
1160 953
1138 941
1116 928
1093 918
1070 907
1046 900
1025 886
1000 882
977 872
953 865
931 853
906 848
883 837
859 828
835 819
810 813
785 811
760 813
735 818
710 823
698 845
674 852
649 858
624 861
599 861
574 859
549 855
524 849
500 841
476 833
453 822
429 813
407 801
386 787
365 773
346 756
327 739
311 719
294 700
280 679
267 657
257 634
