247 806
269 818
303 823
328 828
353 833
378 837
403 839
428 842
453 847
478 849
503 852
528 854
553 853
578 851
603 848
628 846
652 836
677 829
698 815
720 802
742 790
764 778
789 773
814 773
839 779
864 777
889 776
914 780
939 777
964 780
989 779
1014 781
1039 782
1064 781
1089 783
1114 787
1139 787
1164 788
1189 790
1214 791
1239 790
1264 794
1289 796
1314 797
1339 799
1364 800
1389 803
1414 804
1439 804
1464 808
1489 809
1514 809
1539 814
1564 813
1589 817
1614 816
1639 813
1645 775
1645 750
1644 725
1620 718
1595 716
1570 717
1545 719
1520 719
1495 719
1470 720
1445 722
1420 723
1395 722
1370 724
1345 726
1320 726
1295 726
1270 725
1245 729
1220 728
1195 730
1170 729
1145 730
1120 732
1095 731
1070 731
1045 732
1020 731
995 733
970 732
945 733
920 733
895 734
870 734
845 734
820 735
795 733
770 730
747 719
726 705
704 692
682 679
659 668
635 660
611 653
586 647
561 646
536 644
511 646
486 647
461 648
436 652
411 653
386 655
361 658
336 662
311 665
272 669
248 677
293 683
326 685
351 684
376 687
401 685
431 689
456 689
484 689
517 691
556 698
534 710
499 709
470 710
443 711
413 707
388 712
359 713
320 715
273 717
248 719
297 725
340 730
374 733
405 735
433 735
467 738
505 738
545 741
568 751
524 755
486 755
447 756
419 756
393 757
362 757
317 760
271 760
246 764
294 771
340 770
377 777
406 779
431 780
461 784
496 785
532 787
551 804
513 804
478 803
443 802
417 803
392 800
367 802
342 801
317 802
289 802
