142 369
160 387
181 401
200 418
220 434
241 448
261 463
281 478
301 493
322 507
342 522
362 538
383 552
404 566
426 579
446 594
466 609
488 622
509 636
531 648
551 663
574 674
596 686
619 696
642 706
666 713
691 716
716 712
741 705
766 700
791 699
816 700
841 705
864 715
886 727
908 740
930 752
952 765
974 777
996 790
1018 803
1040 815
1061 829
1083 841
1104 855
1126 867
1146 882
1168 894
1189 908
1210 922
1231 936
1251 951
1272 965
1293 979
1314 993
1334 1008
1355 1022
1375 1037
1396 1051
1416 1066
1436 1081
1456 1096
1476 1111
1497 1125
1517 1141
1537 1157
1557 1173
1577 1188
1596 1205
1616 1220
1636 1236
1656 1252
1675 1269
1695 1284
1715 1299
1737 1312
1762 1317
1787 1318
1809 1306
1832 1293
1847 1266
1857 1242
1861 1214
1859 1182
1847 1160
1829 1142
1809 1127
1785 1118
1763 1106
1739 1099
1715 1091
1691 1082
1667 1073
1644 1063
1620 1055
1598 1043
1575 1033
1552 1023
1529 1013
1506 1003
1483 993
1460 982
1437 971
1414 961
1391 950
1369 938
1345 929
1323 917
1301 905
1278 894
1255 884
1233 872
1210 862
1188 850
1166 838
1144 826
1122 814
1100 802
1079 788
1057 776
1035 763
1013 750
992 736
970 723
948 711
928 696
906 683
886 667
868 649
850 631
835 611
827 587
824 562
817 538
808 514
796 492
779 473
759 457
738 443
717 429
696 415
674 403
653 389
629 380
607 367
583 358
563 343
541 331
519 319
497 306
474 296
451 285
429 273
406 262
384 249
361 238
338 228
315 218
293 206
231 190
250 207
272 220
293 234
316 245
338 258
359 272
381 284
403 297
424 311
446 323
468 336
489 350
511 362
532 376
555 387
577 400
599 413
621 426
641 441
632 469
610 457
588 444
567 430
545 418
524 404
502 391
480 378
458 365
436 352
414 340
392 328
370 316
347 305
323 298
301 286
190 234
208 252
228 267
249 281
270 295
291 309
311 324
333 336
353 351
374 365
395 379
416 393
437 407
459 420
480 434
502 447
522 462
544 474
564 489
585 503
606 539
583 529
561 516
540 502
519 488
497 475
475 462
453 450
431 437
410 423
388 411
366 399
345 385
323 373
301 361
280 347
255 341
232 331
155 290
170 310
190 325
209 342
229 357
250 371
271 385
292 399
313 413
334 427
354 442
375 456
395 471
417 483
438 497
459 511
481 523
503 536
523 551
544 565
565 579
548 600
526 587
506 572
484 559
462 547
440 534
418 521
396 508
375 494
353 481
332 467
310 455
289 441
266 431
247 414
224 403
204 388
182 375
125 350
