510 749
501 725
513 702
534 688
558 680
583 676
608 673
633 671
658 670
683 670
708 670
733 671
758 672
783 673
808 675
833 676
858 679
883 681
908 683
933 686
958 689
983 692
1008 696
1033 701
1058 705
1083 709
1108 713
1133 717
1158 723
1179 737
1195 757
1216 771
1241 774
1266 772
1291 774
1316 777
1341 780
1366 783
1391 787
1416 790
1441 793
1466 797
1491 800
1516 803
1541 807
1566 810
1591 813
1616 817
1641 819
1666 822
1689 832
1706 851
1710 882
1695 903
1672 915
1647 915
1622 910
1597 905
1572 901
1547 896
1522 892
1497 887
1472 883
1447 878
1422 874
1397 869
1372 864
1347 860
1322 856
1297 851
1272 847
1248 839
1224 830
1199 830
1174 832
1155 815
1148 791
1137 768
1112 763
1087 766
1070 785
1046 808
1023 798
1001 785
976 790
957 807
932 805
907 801
882 797
857 793
832 789
807 786
782 782
757 779
732 777
707 774
682 772
657 771
632 769
607 768
582 767
557 765
532 762
