181 758
172 734
191 717
216 715
241 716
266 717
291 719
316 720
341 721
366 722
391 723
416 724
441 726
466 727
491 728
516 731
541 736
566 741
591 746
616 749
641 753
666 756
691 760
716 763
741 766
766 767
791 769
816 770
841 770
866 771
891 771
916 772
941 772
966 774
991 774
1016 776
1041 777
1066 778
1091 779
1116 780
1141 781
1166 779
1191 780
1216 782
1241 780
1266 782
1291 783
1316 785
1341 784
1366 787
1391 789
1408 808
1407 856
1389 875
1364 878
1339 877
1314 874
1289 872
1264 869
1239 867
1214 865
1189 863
1164 861
1139 858
1114 857
1089 855
1064 854
1039 852
1014 851
989 849
964 847
939 845
914 843
889 841
864 839
839 837
814 836
789 835
764 832
739 833
714 833
689 833
664 833
639 833
614 834
589 835
564 836
539 838
514 840
489 839
464 840
439 840
414 839
389 836
364 835
339 831
314 825
289 820
265 812
241 803
221 788
199 776
