335 677
382 680
422 676
454 677
480 676
505 674
530 671
555 669
580 670
605 669
630 668
655 667
680 666
705 667
694 692
669 694
644 694
619 694
594 697
569 695
544 697
519 699
492 701
466 703
438 703
417 717
452 724
480 724
507 721
532 723
557 720
582 723
607 723
632 723
657 722
682 722
701 748
676 750
651 749
626 749
601 750
576 751
551 751
522 751
497 757
465 756
436 755
397 759
354 763
329 767
377 774
418 773
450 776
480 776
514 776
539 773
564 776
589 775
614 775
639 778
664 779
689 773
699 803
674 803
649 803
624 803
599 804
574 801
549 805
524 801
499 803
469 803
433 803
389 803
342 806
366 815
411 815
451 821
484 823
512 825
537 828
562 829
587 829
612 832
637 831
662 832
687 834
712 831
737 830
762 828
787 825
812 819
835 807
853 789
873 774
894 759
918 751
943 748
968 745
993 745
1018 748
1043 747
1068 743
1093 741
1118 741
1143 742
1168 743
1193 744
1218 745
1243 747
1268 752
1293 747
1318 747
1343 749
1367 756
1392 754
1417 756
1442 759
1467 763
1492 764
1517 766
1542 767
1567 769
1592 772
1616 779
1641 780
1666 786
1691 788
1716 787
1741 789
1766 784
1782 763
1784 724
1784 699
1781 674
1769 652
1747 640
1722 634
1697 635
1673 642
1648 644
1623 650
1598 654
1573 658
1548 662
1523 664
1498 667
1473 672
1448 675
1423 678
1398 682
1373 685
1348 687
1323 692
1298 693
1273 694
1248 697
1223 698
1198 701
1173 702
1148 706
1123 704
1098 705
1073 707
1048 708
1023 707
998 704
973 707
948 705
923 706
899 699
876 689
856 674
836 659
814 647
791 636
766 633
741 630
716 630
691 634
666 635
641 637
616 638
591 642
566 644
541 646
516 648
491 651
466 655
439 657
401 662
359 670
