517 268
504 246
594 353
612 371
626 392
639 414
655 434
669 455
594 323
580 302
566 281
552 260
542 237
618 330
635 349
650 369
665 389
685 405
697 427
627 305
612 285
597 265
583 244
569 223
557 201
651 312
670 329
682 351
697 371
640 269
627 247
610 228
594 208
583 185
665 270
683 288
700 307
718 325
735 344
753 362
766 384
782 404
797 424
809 446
819 469
825 494
826 529
828 554
840 576
854 597
873 614
892 631
912 646
927 666
944 685
959 705
974 725
988 746
1005 765
1020 785
1034 806
1049 826
1064 846
1079 866
1097 884
1112 904
1125 926
1141 946
1156 966
1171 986
1188 1005
1202 1026
1219 1045
1236 1064
1250 1085
1264 1106
1280 1126
1294 1147
1309 1167
1308 1201
1289 1218
1266 1208
1246 1185
1229 1166
1215 1145
1199 1125
1182 1106
1168 1085
1154 1064
1137 1045
1120 1026
1106 1005
1091 985
1075 965
1058 946
1043 926
1029 905
1014 885
998 865
984 844
967 825
952 805
936 785
921 765
905 745
890 725
873 706
861 684
851 661
841 638
827 617
811 597
795 577
770 572
746 563
721 557
701 542
683 524
666 505
650 485
635 465
621 444
608 422
595 400
582 378
569 356
557 334
541 313
528 291
