329 756
351 768
387 774
412 778
436 785
461 790
486 795
511 800
536 800
561 805
586 805
611 804
636 805
660 798
685 792
709 783
732 772
754 759
777 747
800 733
823 722
848 720
873 721
898 719
923 720
947 727
972 723
997 722
1022 725
1047 724
1072 724
1097 726
1122 728
1147 727
1172 731
1197 728
1222 730
1247 732
1272 735
1297 736
1322 737
1347 738
1372 741
1397 742
1422 743
1447 744
1472 745
1497 745
1522 749
1547 749
1572 752
1597 753
1622 755
1647 756
1672 757
1697 752
1701 715
1703 684
1698 659
1673 659
1648 658
1623 660
1598 659
1573 659
1548 661
1523 663
1498 663
1473 663
1448 666
1423 666
1398 668
1373 668
1348 671
1323 670
1298 672
1273 671
1248 672
1223 673
1198 674
1173 675
1148 675
1123 676
1098 677
1073 677
1048 677
1023 676
998 676
973 674
948 677
923 677
898 679
873 679
848 678
823 674
801 661
779 649
757 636
734 625
712 612
688 604
663 599
638 595
613 592
588 591
563 592
538 594
513 596
488 599
463 603
438 607
414 614
389 616
357 624
334 635
377 639
402 640
427 640
452 639
477 640
504 642
535 640
564 641
602 641
583 658
549 661
521 661
489 662
463 664
437 665
401 667
356 671
331 674
379 681
420 684
451 686
479 687
510 689
539 688
577 690
618 692
597 706
557 706
525 709
493 708
464 708
439 709
414 710
375 712
328 716
352 723
395 727
426 732
451 731
476 734
502 735
528 735
553 737
591 741
611 757
570 756
539 758
514 757
488 756
461 755
436 755
402 754
372 754
