528 463
545 482
566 496
587 510
607 525
648 574
625 564
602 553
582 538
521 514
539 532
559 548
574 568
595 582
614 599
634 615
653 632
675 644
699 653
723 661
748 664
773 664
798 662
823 665
845 677
865 693
882 712
899 731
917 749
939 761
959 776
980 790
1001 804
1022 818
1044 830
1063 847
1085 860
1106 874
1126 889
1146 905
1167 919
1189 932
1210 946
1231 960
1250 977
1270 992
1292 1004
1314 1017
1334 1032
1355 1046
1376 1060
1396 1076
1418 1089
1440 1102
1464 1095
1477 1073
1462 1039
1440 1026
1420 1011
1398 998
1377 984
1358 967
1337 953
1315 941
1295 926
1274 912
1253 898
1232 884
1211 870
1192 853
1170 841
1150 826
1130 810
1108 797
1087 783
1066 769
1047 752
1025 739
1005 724
985 709
964 695
940 686
918 673
895 662
872 652
852 637
839 615
830 591
824 566
817 542
801 522
784 503
766 485
744 473
722 461
700 448
676 439
653 429
629 421
566 404
587 418
607 433
629 446
651 459
672 473
693 487
698 512
650 486
562 448
582 464
604 476
625 490
671 519
674 544
650 533
631 516
