338 592
322 612
343 626
365 638
389 645
414 650
439 655
464 656
489 655
513 663
538 662
563 667
588 664
613 665
638 664
663 665
688 664
713 659
737 667
762 668
787 669
812 670
837 668
862 665
886 672
911 666
936 669
961 670
986 670
1011 673
1036 672
1061 672
1086 672
1110 665
1133 655
1155 642
1180 638
1205 644
1230 647
1255 647
1280 648
1305 649
1330 649
1355 651
1380 651
1405 653
1430 653
1455 655
1480 656
1505 657
1530 658
1555 660
1580 660
1605 661
1630 663
1655 664
1680 664
1705 664
1728 653
1742 630
1744 589
1731 567
1709 555
1684 553
1659 554
1634 554
1609 554
1584 555
1559 553
1534 554
1509 554
1484 554
1459 554
1434 553
1409 554
1384 554
1359 552
1334 553
1309 553
1284 554
1259 554
1234 553
1209 553
1185 562
1160 559
1135 554
1110 551
1085 550
1060 551
1035 550
1010 550
985 550
960 551
935 551
910 551
885 551
860 550
835 551
810 552
785 551
760 553
735 552
710 551
685 551
660 550
635 552
610 552
585 553
560 553
535 553
510 557
485 558
460 557
435 562
410 567
385 573
361 582
