279 712
302 722
343 726
376 728
404 728
429 729
454 731
479 732
504 734
529 734
554 736
588 736
625 735
642 754
607 753
571 755
538 758
506 761
472 756
442 756
405 757
366 755
324 755
278 754
301 765
345 769
385 772
424 774
457 776
486 777
524 779
550 780
583 782
622 783
640 801
602 799
565 800
522 806
487 802
452 801
414 801
372 801
327 800
279 800
303 808
349 812
393 815
433 818
469 820
502 822
546 827
575 828
605 828
642 831
622 847
590 848
560 848
534 849
509 850
484 848
459 848
434 847
404 847
366 845
326 844
279 843
302 853
346 860
384 863
419 867
445 870
470 872
495 874
520 876
545 878
570 880
595 882
620 883
645 885
670 885
695 885
720 884
745 882
770 877
794 870
817 858
838 844
858 827
878 811
902 802
927 801
952 803
974 790
999 785
1024 782
1049 780
1074 778
1099 777
1124 776
1149 775
1174 775
1214 775
1239 776
1264 776
1289 777
1314 779
1339 781
1364 783
1389 786
1414 788
1439 791
1464 794
1489 794
1514 793
1539 790
1564 790
1589 796
1613 803
1637 810
1661 817
1686 822
1711 823
1736 818
1757 802
1771 780
1783 758
1789 721
1778 698
1761 679
1744 660
1722 648
1697 644
1672 648
1648 656
1623 662
1601 674
1577 682
1552 688
1527 692
1502 692
1477 694
1452 695
1427 699
1402 704
1377 708
1352 713
1327 717
1302 720
1277 723
1252 726
1227 728
1202 730
1177 732
1152 733
1127 734
1102 734
1077 735
1052 736
1027 737
1002 738
977 737
955 724
932 734
907 740
882 737
860 725
838 712
816 700
791 697
766 694
741 692
716 689
691 688
667 695
642 697
617 698
592 699
567 700
542 702
517 704
492 706
467 707
442 706
417 706
390 707
361 708
324 709
