297 689
283 668
303 653
328 649
353 647
378 645
403 643
428 642
453 641
478 641
503 640
528 639
553 638
578 639
603 639
628 637
653 638
678 638
703 640
728 641
753 641
778 642
803 644
828 647
853 652
878 655
903 658
928 662
953 664
978 666
1003 667
1028 670
1053 669
1078 669
1103 664
1128 667
1153 664
1178 663
1203 660
1228 661
1253 662
1278 659
1303 660
1328 659
1353 659
1378 658
1403 657
1428 656
1453 659
1478 655
1503 652
1528 654
1553 654
1578 653
1603 654
1628 652
1653 652
1678 651
1703 652
1728 650
1753 650
1778 649
1803 649
1828 654
1851 665
1864 687
1856 723
1836 738
1811 741
1786 747
1761 742
1736 743
1711 743
1686 744
1661 741
1636 741
1611 740
1586 741
1561 739
1536 744
1512 735
1487 739
1462 739
1437 738
1412 742
1387 736
1363 743
1338 740
1313 735
1288 732
1263 734
1238 728
1213 734
1165 734
1141 727
1116 732
1091 731
1066 732
1041 732
1016 733
991 732
966 734
942 726
922 742
897 747
873 754
851 768
826 772
802 779
777 784
753 793
728 794
703 795
678 793
653 792
628 789
603 784
578 781
553 780
528 775
504 768
479 766
455 759
431 752
406 747
382 740
362 725
338 718
316 706
