593 349
608 369
624 389
642 407
657 427
674 446
690 466
708 484
726 502
745 519
762 538
778 558
798 573
818 588
840 600
864 608
889 613
913 622
934 636
954 652
973 669
990 688
1010 704
1027 723
1044 742
1062 760
1077 780
1093 800
1109 820
1125 840
1142 859
1158 879
1172 900
1188 920
1202 941
1217 961
1232 981
1247 1001
1263 1021
1277 1042
1294 1061
1317 1072
1342 1069
1365 1057
1379 1036
1377 997
1360 978
1340 963
1321 946
1301 931
1281 915
1261 900
1241 884
1222 867
1201 853
1183 835
1164 818
1145 801
1126 784
1107 767
1087 752
1070 733
1051 716
1034 697
999 661
983 641
967 621
951 601
938 579
930 555
921 531
909 509
894 489
879 469
860 452
842 434
645 251
660 271
676 291
693 310
710 329
728 347
747 364
763 384
781 402
799 420
817 438
840 482
820 466
641 301
656 321
673 340
691 358
710 375
726 395
745 412
760 432
777 451
795 469
831 518
810 504
681 397
697 417
714 436
731 455
749 473
768 490
785 509
809 546
787 534
578 327
