330 1223
330 1198
337 1173
349 1150
363 1129
383 1111
405 1098
430 1094
455 1093
480 1089
505 1090
530 1091
555 1087
580 1085
605 1086
630 1081
654 1074
679 1068
704 1068
729 1068
754 1067
779 1065
804 1065
829 1063
854 1063
879 1062
904 1060
929 1059
954 1059
979 1058
1004 1057
1029 1055
1054 1053
1079 1053
1104 1052
1129 1051
1154 1050
1179 1048
1204 1047
1229 1045
1254 1044
1279 1043
1304 1042
1329 1040
1354 1039
1379 1038
1404 1036
1429 1036
1454 1034
1479 1028
1487 1003
1494 978
1516 966
1541 971
1566 973
1575 997
1579 1022
1583 1047
1599 1067
1619 1052
1644 1049
1663 1032
1688 1035
1713 1034
1738 1034
1763 1035
1788 1034
1813 1032
1838 1030
1863 1031
1888 1029
1913 1026
1938 1023
1963 1019
1988 1015
2013 1010
2037 1003
2061 996
2085 988
2109 979
2132 969
2155 959
2179 949
2203 939
2226 927
2250 919
2273 909
2297 900
2321 892
2345 885
2370 882
2395 877
2420 874
2445 871
2470 872
2495 870
2520 870
2545 871
2570 871
2595 873
2620 872
2645 872
2670 872
2695 873
2720 875
2745 876
2770 877
2795 876
2820 877
2845 878
2870 878
2895 881
2920 879
2945 882
2970 881
2995 882
3020 881
3045 883
3070 885
3095 885
3120 885
3145 888
3170 890
3195 887
3220 888
3245 892
3270 890
3295 891
3320 892
3345 894
3370 893
3395 894
3420 894
3445 896
3469 903
3489 918
3505 938
3517 960
3529 982
3535 1007
3552 1026
3564 1048
3575 1071
3586 1094
3599 1116
3609 1139
3621 1161
3631 1184
3645 1205
3653 1229
3663 1252
3673 1275
3685 1297
3695 1320
3707 1342
3716 1366
3723 1393
3709 1427
3685 1437
3660 1438
3635 1441
3610 1439
3585 1444
3560 1438
3535 1436
3510 1436
3485 1436
3460 1438
3435 1433
3410 1434
3385 1434
3360 1432
3335 1434
3310 1431
3285 1432
3260 1429
3235 1428
3210 1427
3185 1426
3160 1425
3135 1423
3110 1423
3085 1423
3060 1421
3035 1421
3010 1418
2985 1419
2960 1418
2935 1418
2910 1419
2885 1417
2860 1417
2835 1416
2810 1416
2785 1411
2760 1413
2735 1412
2710 1410
2685 1410
2660 1408
2635 1409
2610 1407
2585 1404
2560 1404
2535 1402
2510 1400
2485 1399
2460 1395
2435 1393
2410 1391
2385 1386
2360 1382
2335 1376
2310 1371
2286 1364
2262 1355
2238 1348
2214 1339
2190 1332
2166 1324
2142 1317
2118 1310
2093 1304
2069 1297
2044 1291
2019 1286
1994 1283
1969 1281
1944 1279
1919 1279
1894 1279
1869 1279
1844 1281
1819 1283
1794 1285
1769 1288
1744 1289
1719 1290
1694 1292
1669 1294
1644 1290
1620 1283
1595 1287
1570 1286
1556 1307
1531 1311
1506 1313
1481 1312
1456 1312
1431 1313
1406 1314
1381 1315
1356 1316
1331 1317
1306 1317
1281 1317
1256 1318
1231 1319
1206 1320
1181 1320
1156 1319
1131 1321
1106 1322
1081 1323
1056 1323
1031 1323
1006 1324
981 1324
956 1324
931 1324
906 1326
881 1327
856 1327
831 1327
806 1326
781 1329
756 1328
731 1329
706 1328
681 1329
656 1328
631 1325
607 1316
582 1311
557 1308
532 1308
509 1319
485 1310
460 1309
435 1315
410 1312
385 1306
367 1288
350 1269
340 1246
