622 361
619 336
643 343
662 360
679 379
698 396
716 414
735 431
752 450
771 467
788 486
808 502
827 519
847 535
866 552
883 571
904 585
923 602
943 618
963 633
983 649
1002 666
1020 684
1038 702
1056 720
1075 737
1093 755
1114 769
1130 789
1148 807
1168 822
1190 835
1209 852
1226 871
1246 887
1264 905
1283 922
1302 939
1321 956
1337 976
1357 992
1374 1011
1388 1032
1404 1052
1421 1071
1440 1088
1457 1107
1471 1128
1488 1147
1507 1164
1523 1184
1530 1212
1509 1227
1484 1228
1459 1225
1436 1215
1416 1200
1395 1186
1376 1169
1358 1151
1341 1132
1322 1115
1307 1092
1291 1072
1274 1053
1259 1033
1243 1013
1226 994
1206 978
1187 961
1170 942
1152 924
1132 909
1110 896
1095 876
1072 866
1054 848
1037 829
1019 811
999 795
980 778
960 763
943 744
925 726
906 709
887 692
869 674
850 657
832 639
813 622
793 606
776 587
756 571
740 551
721 534
704 515
689 495
674 475
660 454
648 432
638 409
629 385
