277 854
272 829
290 810
312 798
334 785
357 775
381 767
404 756
427 744
451 737
474 727
498 720
522 711
546 702
570 695
594 687
618 679
643 673
668 667
691 657
716 653
740 645
765 639
790 634
815 630
840 624
865 620
890 615
913 604
938 599
963 595
987 587
1012 580
1036 573
1060 565
1085 559
1109 552
1134 545
1158 538
1183 531
1208 524
1233 519
1258 514
1283 511
1306 524
1291 546
1272 563
1251 577
1231 592
1208 603
1185 614
1163 626
1140 637
1117 647
1094 658
1071 668
1047 677
1024 687
1000 696
976 705
953 715
929 724
905 732
881 723
856 730
832 723
807 719
782 720
757 722
734 732
710 739
687 751
664 762
641 772
619 784
595 792
572 802
548 809
524 818
500 827
475 832
451 839
426 844
401 850
376 855
351 860
326 862
301 863
