631 783
611 767
640 759
665 755
690 754
715 753
740 753
765 754
790 754
815 753
840 753
865 754
890 755
915 754
940 756
965 755
990 756
1015 756
1040 757
1065 759
1090 762
1115 760
1140 763
1165 760
1190 763
1215 763
1240 766
1265 768
1290 767
1315 768
1340 770
1365 773
1390 773
1415 775
1440 775
1465 777
1490 780
1515 777
1540 778
1565 779
1590 783
1615 782
1640 784
1665 785
1690 788
1715 789
1740 786
1765 787
1790 792
1815 790
1839 797
1859 812
1869 846
1858 871
1840 889
1819 903
1794 902
1776 884
1751 878
1726 872
1701 871
1676 870
1651 871
1626 869
1601 871
1576 866
1551 868
1526 863
1501 861
1476 859
1451 857
1426 854
1401 850
1376 846
1351 844
1326 844
1301 842
1276 838
1259 857
1247 884
1222 884
1197 887
1172 887
1148 880
1123 881
1099 873
1074 873
1049 871
1024 868
999 868
975 860
951 853
926 854
901 849
877 842
852 838
827 833
802 828
777 823
752 818
727 813
703 806
679 799
655 792
