64 204
87 214
111 222
135 230
159 238
183 245
208 251
233 255
258 259
283 263
308 266
333 268
358 270
383 272
408 273
430 259
449 242
470 228
462 195
451 172
487 197
511 206
536 206
561 202
586 199
611 197
636 196
661 198
686 201
711 204
736 207
761 208
786 207
811 204
836 201
861 196
886 190
911 184
936 178
960 171
943 148
918 144
893 140
868 136
843 134
818 130
793 128
768 127
743 124
718 123
693 122
668 120
643 119
618 119
593 119
568 119
543 119
518 120
493 121
468 122
443 127
419 134
394 135
369 136
344 138
319 140
294 142
269 145
244 148
219 151
194 155
169 159
144 164
119 169
94 174
69 179
45 187
