310 1768
313 1805
337 1812
360 1822
385 1824
410 1828
435 1829
460 1833
485 1834
510 1834
535 1835
560 1836
585 1838
610 1837
635 1837
660 1837
685 1836
710 1835
735 1834
760 1834
785 1833
810 1831
835 1828
860 1826
885 1823
910 1820
935 1817
960 1815
985 1812
1010 1810
1035 1806
1060 1803
1085 1800
1110 1797
1135 1796
1160 1793
1185 1791
1210 1786
1235 1784
1260 1781
1285 1778
1310 1774
1335 1771
1360 1769
1385 1764
1410 1761
1435 1759
1460 1755
1485 1753
1510 1749
1535 1747
1560 1743
1585 1740
1610 1737
1635 1733
1660 1731
1683 1721
1702 1704
1727 1707
1752 1708
1777 1706
1802 1702
1827 1700
1852 1697
1877 1693
1902 1690
1927 1689
1952 1687
1977 1681
2002 1680
2027 1677
2052 1674
2077 1672
2102 1671
2127 1667
2152 1665
2177 1662
2202 1660
2227 1657
2252 1656
2277 1655
2302 1650
2327 1647
2352 1646
2377 1643
2402 1642
2427 1639
2452 1635
2477 1633
2502 1630
2527 1628
2552 1623
2577 1621
2602 1621
2627 1620
2652 1615
2677 1614
2702 1612
2727 1609
2752 1607
2777 1601
2802 1601
2827 1598
2852 1597
2877 1594
2902 1589
2927 1587
2952 1582
2977 1575
3002 1569
3026 1561
3049 1550
3070 1536
3087 1516
3107 1499
3122 1479
3132 1455
3143 1431
3156 1409
3148 1369
3124 1362
3099 1358
3074 1353
3049 1348
3024 1343
3000 1336
2975 1332
2951 1341
2933 1359
2914 1377
2892 1390
2870 1402
2846 1411
2823 1421
2798 1426
2773 1429
2748 1433
2723 1433
2698 1435
2673 1434
2648 1432
2623 1434
2598 1430
2573 1429
2548 1429
2523 1428
2498 1425
2473 1427
2448 1427
2423 1428
2398 1428
2373 1431
2348 1435
2323 1439
2298 1444
2273 1449
2248 1455
2223 1460
2198 1467
2173 1473
2149 1481
2125 1488
2100 1493
2076 1500
2052 1507
2027 1513
2002 1519
1977 1525
1952 1528
1927 1528
1902 1527
1877 1521
1853 1514
1830 1503
1808 1491
1787 1477
1762 1474
1738 1467
1713 1470
1688 1474
1663 1477
1638 1479
1613 1485
1588 1488
1563 1493
1538 1496
1513 1501
1488 1506
1463 1510
1438 1514
1413 1516
1388 1521
1363 1524
1338 1529
1313 1532
1288 1536
1263 1540
1238 1545
1213 1549
1188 1552
1163 1553
1138 1560
1113 1563
1088 1567
1063 1570
1038 1575
1013 1577
988 1583
963 1588
938 1591
913 1595
888 1598
863 1601
838 1603
813 1610
788 1611
763 1617
739 1624
714 1626
689 1630
664 1634
639 1637
615 1647
590 1652
566 1659
542 1667
518 1674
495 1686
470 1692
446 1701
423 1711
399 1721
376 1732
353 1742
331 1754
