299 1263
301 1288
308 1312
308 1337
313 1366
323 1389
338 1409
343 1434
361 1452
370 1476
384 1497
402 1515
421 1532
439 1550
458 1567
480 1580
505 1585
524 1602
544 1617
567 1628
589 1640
612 1651
637 1657
660 1667
685 1671
709 1678
734 1680
759 1682
784 1683
809 1682
834 1679
859 1675
884 1670
908 1663
932 1655
956 1646
978 1634
1002 1625
1024 1613
1047 1602
1068 1587
1089 1573
1109 1558
1129 1542
1148 1525
1166 1507
1184 1489
1202 1469
1220 1450
1238 1430
1255 1411
1271 1390
1288 1371
1306 1352
1328 1339
1349 1325
1371 1313
1390 1290
1414 1283
1434 1267
1459 1265
1484 1267
1509 1271
1527 1289
1548 1303
1570 1315
1595 1315
1620 1316
1645 1322
1670 1325
1695 1331
1720 1334
1745 1338
1770 1343
1795 1348
1820 1350
1845 1354
1870 1356
1895 1361
1920 1362
1945 1365
1970 1369
1995 1371
2020 1375
2045 1379
2070 1380
2095 1383
2120 1387
2145 1389
2170 1392
2195 1395
2220 1398
2245 1401
2270 1403
2295 1407
2320 1409
2345 1412
2370 1416
2395 1420
2420 1421
2445 1423
2469 1432
2491 1444
2516 1449
2541 1453
2566 1455
2591 1457
2616 1457
2641 1461
2666 1461
2691 1463
2716 1468
2741 1471
2766 1474
2791 1476
2816 1476
2841 1480
2866 1482
2891 1486
2916 1487
2941 1488
2966 1490
2991 1490
3016 1492
3041 1498
3066 1500
3091 1503
3116 1503
3141 1506
3166 1506
3190 1513
3215 1517
3240 1518
3265 1518
3290 1521
3315 1523
3340 1526
3365 1526
3390 1528
3415 1529
3440 1533
3465 1534
3490 1538
3515 1539
3540 1542
3565 1543
3590 1543
3615 1545
3640 1549
3665 1553
3690 1553
3715 1555
3740 1560
3765 1560
3790 1566
3815 1568
3840 1568
3865 1567
3890 1565
3910 1550
3934 1541
3954 1556
3974 1571
3998 1580
4023 1583
4048 1585
4073 1581
4097 1572
4121 1565
4126 1529
4126 1504
4114 1482
4091 1472
4082 1515
4059 1527
4034 1529
4010 1521
3988 1508
3971 1489
3970 1464
3978 1439
3997 1422
4021 1413
4046 1415
4071 1421
4091 1437
4124 1459
4126 1425
4126 1400
4125 1375
4102 1365
4078 1357
4053 1354
4028 1353
4003 1356
3979 1363
3958 1377
3933 1376
3919 1355
3895 1346
3870 1341
3845 1339
3820 1335
3795 1334
3770 1332
3745 1335
3720 1332
3695 1327
3670 1325
3645 1323
3620 1322
3595 1321
3570 1318
3545 1314
3520 1312
3495 1312
3470 1309
3445 1307
3420 1307
3395 1308
3370 1306
3345 1304
3320 1301
3295 1299
3270 1298
3245 1296
3220 1296
3195 1294
3170 1291
3145 1290
3120 1289
3095 1285
3070 1283
3045 1283
3020 1281
2995 1277
2970 1275
2945 1273
2920 1271
2895 1269
2870 1268
2845 1267
2820 1266
2795 1262
2770 1262
2745 1262
2720 1259
2695 1255
2670 1254
2645 1252
2620 1252
2595 1251
2570 1250
2545 1249
2520 1246
2495 1248
2471 1256
2446 1256
2421 1255
2396 1253
2371 1253
2346 1251
2321 1249
2296 1248
2271 1247
2246 1245
2221 1244
2196 1243
2171 1241
2146 1238
2121 1235
2096 1235
2071 1231
2046 1230
2021 1229
1996 1228
1971 1226
1946 1224
1921 1222
1896 1220
1871 1218
1846 1217
1821 1215
1796 1214
1771 1212
1746 1212
1721 1208
1696 1205
1671 1203
1646 1202
1621 1201
1596 1197
1571 1198
1546 1200
1521 1204
1496 1203
1471 1201
1446 1196
1427 1179
1421 1154
1399 1141
1377 1129
1361 1107
1343 1089
1329 1068
1307 1056
1290 1037
1271 1020
1257 999
1242 979
1227 959
1212 939
1193 922
1174 905
1156 887
1137 870
1117 854
1097 838
1077 823
1055 810
1033 798
1011 786
989 774
965 765
942 755
917 751
893 744
868 739
843 737
818 736
793 736
768 736
743 739
718 743
693 749
671 762
647 771
622 777
599 787
576 798
554 810
533 825
512 840
489 850
471 872
451 888
432 906
415 926
401 947
387 969
367 985
353 1006
336 1025
330 1061
318 1084
311 1112
301 1141
305 1186
299 1211
300 1236
