80 281
77 256
81 228
88 200
97 176
112 154
132 138
155 128
180 124
205 125
229 132
251 144
271 159
288 178
301 200
311 223
317 248
321 273
328 297
343 317
365 330
389 339
414 345
439 351
464 356
489 362
514 368
539 374
564 380
588 387
612 394
636 402
660 409
684 416
709 422
733 429
757 438
781 446
806 448
830 455
855 461
879 468
904 474
928 481
952 489
976 497
1000 506
1024 515
1047 525
1070 535
1092 548
1114 560
1135 574
1143 618
1120 629
1095 626
1070 621
1045 616
1020 610
996 602
972 594
948 586
924 577
900 568
876 559
853 549
830 539
807 529
784 518
762 506
738 497
715 487
692 476
669 465
646 455
623 445
599 436
576 426
552 418
528 411
504 404
480 397
455 391
430 385
405 380
380 376
355 374
330 374
305 375
280 379
255 384
230 387
205 388
180 384
156 376
134 364
114 348
98 328
87 305
