700 1393
699 1368
708 1343
712 1299
722 1276
730 1207
737 1182
745 1158
755 1133
768 1111
785 1092
799 1071
817 1052
835 1033
849 1012
865 992
883 973
906 963
929 953
948 936
972 928
996 920
1019 910
1044 907
1068 914
1092 922
1113 936
1133 951
1158 956
1169 979
1176 1003
1182 1028
1187 1053
1190 1078
1195 1103
1205 1126
1216 1149
1226 1172
1241 1192
1263 1204
1281 1222
1304 1232
1329 1234
1354 1239
1379 1245
1404 1248
1429 1250
1452 1260
1477 1261
1502 1267
1527 1273
1551 1282
1575 1291
1599 1284
1623 1291
1648 1297
1673 1292
1695 1304
1720 1308
1745 1312
1770 1312
1795 1313
1819 1306
1844 1308
1869 1308
1894 1310
1919 1314
1944 1313
1968 1306
1993 1312
2018 1310
2043 1308
2068 1312
2093 1315
2111 1297
2136 1292
2161 1286
2186 1285
2211 1286
2236 1284
2260 1277
2285 1281
2310 1285
2332 1273
2357 1267
2382 1262
2406 1253
2431 1256
2456 1249
2481 1245
2506 1244
2531 1244
2555 1236
2580 1231
2605 1231
2629 1224
2654 1222
2679 1222
2703 1215
2728 1214
2753 1213
2776 1203
2801 1197
2826 1195
2851 1194
2876 1193
2900 1185
2925 1190
2949 1182
2972 1171
2997 1164
3022 1158
3047 1162
3072 1162
3097 1156
3122 1159
3147 1157
3169 1145
3193 1137
3218 1131
3243 1133
3268 1137
3293 1133
3316 1122
3341 1119
3366 1118
3391 1122
3414 1111
3439 1107
3463 1100
3488 1100
3513 1096
3538 1092
3563 1090
3588 1090
3612 1082
3637 1076
3662 1072
3686 1064
3711 1063
3736 1060
3761 1059
3785 1050
3810 1047
3835 1049
3860 1044
3885 1044
3910 1044
3934 1035
3959 1029
3984 1022
4009 1019
4034 1017
4058 1010
4083 1009
4108 1007
4126 1025
4126 1050
4126 1075
4112 1116
4087 1120
4062 1125
4037 1128
4012 1130
3987 1133
3962 1136
3937 1139
3912 1142
3887 1146
3863 1154
3838 1155
3813 1156
3788 1160
3763 1164
3738 1168
3713 1170
3688 1173
3663 1176
3638 1179
3613 1185
3588 1187
3563 1191
3539 1200
3524 1221
3528 1246
3546 1264
3571 1264
3596 1264
3621 1264
3646 1262
3671 1262
3696 1257
3721 1258
3746 1258
3771 1257
3796 1255
3821 1254
3846 1253
3871 1252
3896 1249
3921 1246
3946 1247
3971 1247
3996 1245
4021 1242
4046 1241
4071 1239
4096 1239
4121 1244
4126 1269
4126 1294
4126 1319
4104 1349
4079 1350
4054 1346
4029 1351
4004 1350
3979 1348
3954 1351
3929 1352
3904 1351
3879 1354
3854 1360
3829 1357
3804 1358
3779 1359
3754 1358
3729 1356
3704 1354
3679 1358
3654 1360
3629 1366
3604 1369
3579 1369
3554 1368
3529 1366
3504 1369
3479 1371
3454 1373
3429 1373
3404 1375
3379 1374
3354 1374
3329 1374
3304 1375
3279 1377
3254 1371
3231 1381
3206 1379
3181 1380
3157 1373
3132 1377
3107 1380
3082 1384
3057 1383
3032 1380
3007 1384
2983 1392
2958 1391
2933 1396
2908 1396
2883 1396
2859 1389
2834 1389
2809 1394
2784 1388
2759 1391
2734 1396
2709 1401
2684 1402
2659 1400
2634 1400
2609 1395
2586 1385
2561 1385
2538 1396
2513 1401
2488 1405
2463 1402
2438 1401
2413 1400
2388 1399
2364 1407
2339 1403
2314 1402
2289 1406
2264 1404
2240 1411
2215 1414
2191 1405
2166 1406
2142 1414
2117 1418
2093 1426
2070 1415
2045 1416
2025 1432
2000 1433
1977 1443
1952 1442
1928 1451
1903 1454
1878 1460
1853 1465
1830 1476
1805 1482
1781 1490
1756 1496
1731 1502
1707 1511
1683 1521
1660 1531
1635 1536
1611 1543
1589 1556
1567 1568
1542 1573
1521 1587
1497 1596
1474 1607
1450 1616
1428 1628
1404 1637
1380 1644
1357 1655
1333 1663
1313 1678
1291 1692
1269 1706
1252 1725
1243 1749
1237 1776
1232 1803
1223 1830
1213 1853
1209 1878
1197 1901
1183 1923
1168 1943
1151 1924
1127 1917
1111 1938
1086 1943
1061 1944
1040 1930
1018 1918
995 1908
977 1927
954 1916
929 1910
906 1900
888 1882
868 1867
850 1849
831 1832
816 1812
804 1790
792 1768
783 1744
772 1721
767 1696
757 1673
748 1649
736 1627
729 1603
728 1578
720 1554
717 1529
709 1505
706 1480
702 1455
705 1418
