113 412
138 413
162 422
186 415
217 419
242 419
269 423
294 424
319 428
344 429
369 431
394 432
419 433
444 434
469 435
494 437
519 438
544 439
569 442
594 448
614 463
635 477
655 492
675 507
695 523
715 539
734 556
754 571
773 588
793 604
813 619
833 634
852 651
872 666
892 682
912 697
930 715
908 741
886 754
864 768
844 784
821 797
800 814
778 828
756 841
735 855
714 869
692 881
672 896
649 906
627 920
607 937
584 948
560 958
535 960
510 958
485 957
460 956
435 955
410 954
385 951
360 950
335 948
310 948
285 948
258 946
231 944
206 943
181 943
142 931
117 935
95 947
114 964
139 968
164 962
194 965
219 966
244 967
270 968
295 971
320 971
345 973
370 974
395 977
420 977
445 978
470 980
495 981
520 982
549 981
579 975
930 753
953 764
978 765
1001 775
1024 785
1049 790
1074 792
1099 796
1124 799
1149 801
1174 803
1199 805
1224 807
1249 809
1274 810
1299 812
1324 812
1349 813
1374 815
1399 815
1424 816
1449 817
1474 818
1499 819
1524 820
1549 820
1574 820
1599 820
1624 821
1649 815
1669 800
1671 775
1671 743
1658 721
1634 713
1609 710
1584 706
1559 704
1534 701
1509 698
1484 696
1459 693
1434 691
1409 688
1384 686
1359 683
1334 682
1309 679
1284 677
1259 676
1234 673
1209 672
1184 672
1159 671
1134 671
1109 670
1084 670
1059 670
1034 670
1009 677
985 685
960 685
935 687
778 563
678 482
658 467
629 443
609 428
584 419
559 415
534 414
509 413
484 411
459 410
434 409
409 408
384 408
359 406
334 404
309 403
284 400
259 400
229 396
204 397
177 386
152 390
127 389
