86 725
85 700
93 676
105 654
122 635
141 618
162 604
185 593
208 582
233 575
258 569
283 564
308 561
333 560
358 559
383 560
408 562
433 568
458 574
482 582
505 592
528 603
550 615
573 626
595 638
619 647
643 655
667 662
692 666
717 668
742 669
767 670
792 670
817 670
842 669
867 669
892 669
917 668
935 645
942 669
967 669
992 669
1017 669
1042 669
1067 669
1092 669
1117 669
1142 669
1167 669
1192 669
1217 669
1242 668
1265 649
1285 633
1310 633
1335 634
1360 635
1385 635
1410 636
1435 636
1460 637
1485 637
1510 638
1535 639
1560 639
1585 640
1610 639
1635 641
1660 641
1685 641
1710 642
1735 642
1760 643
1785 644
1810 645
1835 645
1860 646
1885 651
1902 670
1927 671
1952 673
1973 687
1984 710
1971 747
1948 759
1923 761
1899 768
1888 804
1863 804
1838 803
1813 803
1788 802
1763 802
1738 801
1713 801
1688 800
1663 800
1638 800
1613 799
1588 799
1563 799
1538 798
1513 798
1488 797
1463 797
1438 797
1413 796
1388 800
1363 795
1338 795
1313 795
1288 795
1268 779
1249 762
1224 763
1199 763
1174 763
1149 763
1124 764
1099 763
1074 763
1049 764
1024 764
999 764
974 764
949 764
935 785
930 836
926 811
919 765
894 765
869 766
844 766
819 766
794 767
769 767
744 767
719 768
694 769
669 771
644 775
619 781
595 788
571 796
548 807
526 820
503 830
480 841
456 848
432 855
407 859
382 862
357 864
332 863
307 863
282 859
257 855
232 849
208 842
185 832
162 822
142 807
122 791
106 771
92 750
