296 1488
296 1458
297 1420
300 1391
303 1366
307 1340
312 1313
318 1284
326 1259
334 1234
345 1211
358 1189
374 1169
394 1152
416 1139
440 1130
464 1122
488 1114
512 1107
536 1100
560 1093
585 1086
610 1080
635 1075
660 1070
685 1065
710 1059
735 1055
760 1050
785 1047
810 1043
835 1039
860 1036
885 1032
910 1030
935 1027
960 1025
985 1023
1010 1022
1035 1021
1060 1019
1085 1019
1110 1017
1135 1017
1160 1017
1185 1017
1210 1019
1235 1020
1260 1025
1284 1032
1307 1042
1329 1055
1350 1069
1370 1085
1388 1103
1404 1123
1419 1143
1431 1165
1441 1188
1449 1212
1455 1237
1463 1261
1476 1283
1476 1308
1474 1333
1490 1353
1515 1352
1540 1353
1565 1354
1590 1354
1615 1355
1640 1355
1665 1356
1690 1357
1715 1357
1740 1358
1765 1358
1790 1359
1815 1360
1840 1361
1865 1361
1890 1362
1915 1362
1940 1363
1965 1363
1990 1363
2015 1363
2040 1363
2065 1363
2090 1363
2115 1363
2140 1363
2165 1363
2190 1362
2215 1362
2240 1361
2265 1360
2290 1360
2315 1360
2340 1359
2365 1358
2390 1357
2415 1356
2440 1356
2465 1354
2490 1354
2515 1352
2540 1351
2565 1350
2590 1347
2615 1346
2640 1345
2665 1342
2690 1341
2715 1339
2740 1337
2765 1336
2790 1333
2815 1331
2840 1329
2865 1327
2890 1324
2915 1322
2940 1320
2965 1318
2990 1316
3015 1313
3040 1311
3065 1309
3090 1307
3115 1305
3140 1303
3165 1300
3190 1298
3215 1296
3240 1294
3265 1293
3290 1290
3315 1288
3340 1287
3365 1287
3390 1285
3415 1284
3440 1283
3465 1280
3490 1279
3515 1281
3540 1276
3565 1276
3590 1276
3615 1275
3640 1274
3665 1274
3690 1273
3715 1272
3740 1272
3765 1271
3790 1271
3815 1271
3840 1272
3865 1272
3890 1272
3915 1273
3940 1274
3965 1276
3990 1278
4015 1280
4040 1283
4065 1284
4090 1289
4115 1293
4126 1316
4126 1341
4126 1366
4126 1391
4126 1416
4126 1441
4126 1466
4120 1505
4095 1510
4070 1516
4045 1520
4020 1523
3995 1526
3970 1530
3945 1533
3920 1535
3895 1536
3870 1538
3845 1539
3820 1541
3795 1542
3770 1543
3745 1543
3720 1544
3695 1544
3670 1545
3645 1545
3620 1546
3595 1546
3570 1546
3545 1546
3520 1546
3495 1545
3470 1546
3445 1545
3420 1545
3395 1544
3370 1544
3345 1543
3320 1543
3295 1542
3270 1541
3245 1541
3220 1540
3195 1539
3170 1538
3145 1536
3120 1535
3095 1534
3070 1532
3045 1531
3020 1530
2995 1529
2970 1528
2945 1526
2920 1525
2895 1524
2870 1522
2845 1521
2820 1520
2795 1519
2770 1518
2745 1516
2720 1516
2695 1515
2670 1514
2645 1514
2620 1512
2595 1511
2570 1511
2545 1511
2520 1510
2495 1510
2470 1510
2445 1509
2420 1509
2395 1509
2370 1509
2345 1509
2320 1509
2295 1509
2270 1510
2245 1509
2220 1511
2195 1511
2170 1512
2145 1512
2120 1513
2095 1514
2070 1515
2045 1516
2020 1517
1995 1518
1970 1519
1945 1521
1920 1522
1895 1524
1870 1525
1845 1526
1820 1528
1795 1530
1770 1532
1745 1533
1720 1535
1695 1537
1670 1539
1645 1540
1620 1542
1595 1544
1570 1545
1545 1547
1520 1548
1495 1550
1471 1559
1476 1584
1478 1609
1468 1641
1457 1664
1451 1693
1444 1719
1434 1743
1422 1767
1408 1789
1392 1810
1375 1829
1356 1847
1336 1862
1315 1876
1292 1888
1268 1896
1243 1903
1218 1907
1193 1908
1168 1908
1143 1909
1118 1909
1093 1909
1068 1909
1043 1908
1018 1907
993 1907
968 1904
943 1902
918 1900
893 1898
868 1895
843 1893
818 1889
793 1886
768 1883
743 1878
718 1873
693 1869
668 1864
643 1858
618 1852
593 1847
568 1841
543 1835
519 1828
494 1822
470 1813
446 1806
422 1798
399 1788
379 1773
362 1754
347 1734
337 1711
328 1687
321 1663
316 1638
311 1613
306 1588
302 1563
299 1538
298 1513
