398 1172
395 1147
415 1131
438 1121
462 1113
486 1106
510 1099
535 1093
560 1087
585 1081
610 1075
635 1070
660 1066
685 1061
710 1057
735 1054
760 1051
785 1048
810 1045
835 1043
860 1041
885 1039
910 1037
935 1036
960 1036
985 1035
1010 1035
1035 1036
1060 1036
1085 1037
1110 1039
1135 1040
1160 1041
1185 1042
1210 1044
1235 1045
1260 1047
1285 1049
1310 1050
1335 1051
1360 1053
1385 1054
1410 1055
1435 1057
1460 1058
1485 1059
1510 1060
1535 1060
1560 1061
1585 1062
1610 1062
1635 1063
1660 1063
1685 1064
1710 1064
1735 1064
1760 1064
1785 1064
1810 1064
1835 1064
1860 1064
1885 1063
1910 1061
1935 1059
1960 1057
1985 1054
2010 1052
2035 1050
2060 1048
2085 1046
2110 1044
2135 1042
2160 1039
2185 1038
2210 1036
2235 1032
2260 1030
2285 1030
2310 1026
2335 1023
2360 1024
2385 1021
2410 1019
2435 1017
2460 1017
2484 1009
2509 1010
2534 1004
2559 1006
2584 1002
2609 997
2634 995
2659 994
2684 995
2708 988
2733 985
2758 983
2783 979
2808 981
2833 987
2858 990
2883 992
2907 983
2931 976
2956 979
2978 966
3003 965
3026 954
3049 944
3073 937
3098 931
3123 926
3148 920
3173 914
3198 908
3223 903
3248 897
3273 891
3297 884
3322 878
3347 873
3372 867
3397 867
3422 871
3446 878
3471 884
3495 893
3518 903
3541 913
3563 925
3585 938
3606 952
3627 966
3647 982
3666 999
3684 1017
3701 1036
3718 1055
3732 1076
3747 1096
3759 1118
3770 1141
3780 1164
3788 1188
3792 1230
3788 1259
3778 1285
3762 1306
3737 1311
3712 1315
3687 1318
3662 1320
3637 1323
3612 1325
3587 1328
3562 1331
3537 1333
3512 1336
3487 1337
3462 1339
3437 1340
3412 1342
3387 1344
3362 1345
3337 1347
3312 1348
3287 1350
3262 1351
3237 1353
3212 1354
3187 1356
3162 1357
3137 1359
3112 1360
3087 1361
3062 1357
3037 1354
3017 1339
2998 1322
2976 1309
2951 1310
2930 1324
2907 1336
2882 1336
2894 1359
2869 1365
2849 1382
2826 1394
2801 1398
2776 1402
2751 1404
2726 1408
2701 1410
2676 1410
2651 1415
2626 1418
2601 1420
2576 1420
2551 1423
2526 1426
2501 1430
2476 1433
2451 1434
2426 1438
2401 1440
2376 1440
2351 1444
2326 1448
2301 1451
2276 1453
2251 1455
2226 1458
2201 1461
2176 1464
2151 1467
2126 1469
2101 1472
2076 1475
2051 1478
2026 1480
2001 1483
1976 1485
1951 1488
1926 1490
1901 1491
1876 1493
1851 1497
1826 1502
1801 1506
1776 1510
1751 1515
1726 1519
1701 1525
1676 1530
1651 1534
1626 1539
1601 1544
1576 1550
1551 1555
1526 1561
1501 1566
1476 1572
1451 1578
1426 1584
1401 1590
1376 1595
1351 1601
1326 1607
1301 1612
1276 1616
1251 1621
1226 1626
1201 1630
1176 1634
1151 1638
1126 1641
1101 1645
1076 1648
1051 1650
1026 1653
1001 1656
976 1658
951 1660
926 1662
901 1663
876 1664
851 1666
826 1666
801 1667
776 1667
751 1666
726 1667
701 1666
676 1664
651 1662
629 1649
615 1628
601 1607
588 1585
574 1564
561 1542
548 1520
537 1497
524 1475
513 1452
501 1430
490 1407
480 1384
470 1361
460 1338
450 1315
442 1291
432 1268
423 1244
416 1220
407 1196
