146 592
127 610
151 617
176 617
201 617
226 617
251 617
276 617
301 616
326 616
351 615
376 614
401 613
426 613
451 611
476 611
501 610
526 609
551 608
576 608
601 606
626 605
651 605
676 604
701 603
726 602
751 602
776 601
801 600
826 600
851 599
876 599
901 598
926 597
951 598
976 596
1001 596
1026 595
1051 595
1076 594
1101 594
1126 593
1151 593
1176 592
1201 592
1226 591
1251 591
1276 591
1301 590
1326 589
1351 589
1376 589
1401 588
1426 588
1451 588
1476 587
1501 587
1526 587
1551 587
1576 585
1601 584
1626 581
1653 578
1678 580
1703 582
1728 585
1753 585
1770 614
1750 632
1772 662
1748 669
1725 680
1701 687
1676 692
1651 697
1626 700
1601 700
1576 704
1551 708
1526 713
1501 716
1476 721
1451 725
1426 728
1401 733
1376 737
1351 740
1326 744
1301 749
1276 752
1251 756
1226 760
1201 763
1176 767
1151 772
1126 775
1101 778
1076 782
1051 785
1026 788
1001 792
976 797
951 800
926 806
901 809
876 813
851 817
826 821
801 825
776 829
751 832
726 836
701 839
676 844
651 847
626 850
601 855
576 858
551 862
526 866
501 869
476 874
451 877
426 880
401 885
376 889
351 892
326 896
301 902
276 907
251 913
226 919
201 925
176 931
152 941
172 956
197 958
222 955
247 951
272 948
297 944
322 940
347 936
372 932
397 929
422 925
447 921
472 917
497 913
522 910
547 906
572 902
597 898
622 895
647 891
672 887
697 882
722 877
747 873
772 868
797 864
822 860
847 855
872 852
897 848
922 843
947 839
972 835
997 832
1022 828
1047 823
1072 819
1097 815
1122 812
1147 808
1172 803
1197 799
1222 795
1247 790
1272 788
1297 782
1322 778
1347 773
1372 770
1397 766
1422 763
1447 759
1472 754
1497 752
1522 747
1547 743
1572 739
1597 735
1622 730
1647 725
1672 722
1697 719
1722 713
1747 709
1772 704
1797 701
1810 723
1835 727
1857 713
1822 696
1847 690
1872 686
1897 682
1922 677
1947 674
1972 668
1997 663
2022 659
2046 630
2046 605
2046 580
2046 555
2021 554
1996 554
1971 554
1946 554
1921 554
1896 553
1871 554
1846 553
1821 554
1796 553
1771 553
1746 554
1721 553
1696 554
1671 553
1646 554
1621 554
1596 555
1571 555
1546 556
1521 556
1496 556
1471 557
1446 557
1421 557
1396 558
1371 558
1346 559
1321 559
1296 559
1271 560
1246 560
1221 561
1196 560
1171 561
1146 561
1121 561
1096 562
1071 562
1046 563
1021 564
996 564
971 564
946 565
921 566
896 566
871 566
846 568
821 568
796 569
771 570
746 570
721 570
696 570
671 570
646 570
621 570
596 570
571 571
546 572
521 573
496 574
471 574
446 576
421 577
396 577
371 578
346 579
321 579
296 581
271 582
246 583
221 584
196 585
171 587
