136 477
119 458
142 447
167 444
192 444
217 442
242 440
267 439
292 436
317 435
342 434
367 432
392 430
417 428
442 427
467 424
492 422
517 419
542 417
567 417
592 415
617 414
642 412
667 410
692 408
717 407
742 406
767 405
792 404
817 402
842 401
867 400
892 399
917 399
942 398
967 396
992 395
1017 393
1042 391
1067 387
1092 383
1115 373
1121 343
1099 330
1078 316
1054 309
1029 303
1004 299
979 294
954 290
929 284
904 281
879 275
854 271
829 266
804 261
779 257
754 251
729 248
704 245
679 239
654 234
629 230
604 224
579 220
554 215
529 212
504 207
480 200
455 196
430 190
405 185
381 178
356 173
332 166
308 159
283 153
259 144
242 125
235 101
250 81
274 72
299 74
324 80
348 87
373 92
397 99
422 105
447 111
471 118
496 124
521 130
546 136
571 142
596 148
621 153
646 157
671 163
696 168
721 173
746 178
771 182
796 188
821 192
846 198
871 203
896 208
921 213
946 219
971 225
996 231
1020 238
1045 244
1070 250
1094 257
1118 266
1142 274
1166 281
1191 286
1208 305
1209 330
1214 355
1202 398
1179 409
1156 420
1131 425
1106 431
1081 435
1056 440
1031 443
1006 446
981 449
956 452
931 453
906 456
881 457
856 459
831 461
806 463
781 464
756 465
731 466
706 466
681 467
656 468
631 469
606 472
581 473
556 476
531 479
506 483
481 486
456 490
431 494
406 497
381 500
356 503
331 505
306 508
281 510
256 511
231 512
206 506
181 500
157 491
