264 1916
289 1918
314 1921
339 1926
364 1929
389 1929
414 1933
439 1936
464 1938
489 1941
514 1942
539 1944
564 1944
589 1944
614 1944
639 1943
664 1939
689 1934
714 1933
739 1927
764 1922
789 1916
814 1910
839 1906
863 1896
888 1890
912 1881
936 1873
960 1863
983 1853
1006 1843
1029 1831
1052 1820
1075 1810
1098 1799
1122 1792
1146 1785
1171 1779
1195 1772
1220 1766
1245 1760
1270 1755
1295 1748
1320 1743
1344 1736
1369 1731
1394 1724
1419 1719
1444 1713
1469 1707
1494 1701
1519 1695
1544 1689
1569 1684
1594 1678
1619 1673
1644 1668
1669 1662
1694 1657
1719 1651
1744 1646
1769 1641
1794 1636
1819 1630
1844 1625
1869 1621
1894 1615
1919 1610
1944 1605
1969 1600
1994 1595
2019 1590
2044 1584
2069 1579
2094 1573
2119 1568
2144 1563
2169 1558
2194 1552
2219 1547
2244 1542
2269 1537
2294 1532
2319 1526
2344 1521
2369 1517
2394 1511
2419 1506
2444 1502
2469 1496
2494 1491
2519 1486
2544 1481
2569 1476
2594 1471
2619 1466
2644 1461
2669 1455
2694 1451
2719 1445
2744 1441
2769 1435
2794 1430
2819 1425
2844 1419
2869 1414
2894 1409
2919 1404
2944 1399
2969 1394
2994 1389
3019 1383
3044 1378
3069 1372
3093 1365
3118 1358
3143 1351
3167 1344
3191 1336
3215 1328
3239 1320
3263 1312
3287 1303
3311 1295
3335 1287
3359 1279
3383 1270
3407 1262
3431 1254
3455 1245
3480 1238
3505 1232
3530 1226
3555 1221
3580 1215
3605 1210
3630 1203
3655 1197
3679 1190
3703 1181
3726 1171
3748 1159
3769 1145
3789 1128
3807 1109
3822 1088
3834 1065
3843 1037
3848 1006
3846 960
3839 936
3830 912
3817 890
3801 870
3783 852
3763 837
3742 823
3719 813
3696 802
3672 795
3647 789
3623 782
3598 776
3573 772
3548 766
3523 761
3498 756
3473 752
3448 746
3423 740
3399 732
3375 724
3351 717
3327 710
3303 702
3279 693
3255 686
3231 678
3207 670
3183 663
3159 655
3135 648
3110 642
3085 636
3060 630
3035 624
3010 619
2985 614
2960 609
2935 605
2910 600
2885 595
2860 591
2835 586
2810 581
2785 576
2760 572
2735 567
2710 562
2685 557
2660 552
2635 548
2610 544
2585 539
2560 535
2535 530
2510 526
2485 521
2460 516
2435 512
2410 507
2385 503
2360 498
2335 494
2310 489
2285 484
2260 479
2235 474
2210 469
2185 465
2160 461
2135 455
2110 450
2085 446
2060 441
2035 436
2010 431
1985 427
1960 422
1935 417
1910 412
1885 408
1860 403
1835 398
1810 394
1785 389
1760 384
1735 379
1710 374
1685 369
1660 365
1635 359
1610 354
1585 349
1560 344
1535 339
1510 334
1485 328
1460 323
1435 318
1410 312
1385 306
1360 301
1335 295
1310 290
1285 284
1260 279
1235 273
1210 267
1185 261
1160 256
1135 250
1111 243
1087 234
1064 223
1041 212
1018 201
995 190
972 180
949 170
925 163
901 155
877 147
853 139
828 134
803 128
779 121
754 117
729 114
704 112
679 110
654 107
629 107
604 107
579 107
554 109
529 112
504 113
479 116
454 119
429 123
404 125
379 126
354 133
329 138
306 148
325 165
344 182
366 194
390 203
415 207
440 211
464 220
487 230
512 236
537 237
562 235
587 239
609 251
632 262
655 272
680 278
705 280
730 277
755 277
778 287
800 299
823 309
847 316
872 318
897 313
922 315
944 328
967 339
991 346
1016 348
1041 342
1066 342
1089 352
1113 360
1138 365
1163 368
1187 375
1211 382
1234 392
1257 402
1280 412
1304 421
1327 431
1351 440
1374 450
1398 457
1422 464
1446 471
1471 477
1496 483
1521 488
1546 494
1571 499
1596 504
1621 510
1646 515
1671 520
1696 525
1721 530
1746 536
1771 541
1796 546
1821 551
1846 556
1871 561
1896 567
1921 571
1946 576
1971 581
1996 587
2021 592
2046 597
2071 602
2096 607
2121 612
2146 617
2171 622
2196 628
2221 632
2246 637
2271 643
2296 647
2321 652
2346 658
2371 662
2396 667
2421 672
2446 677
2471 681
2496 687
2521 691
2546 696
2571 701
2596 705
2621 710
2646 714
2671 718
2696 723
2721 727
2746 731
2771 734
2796 737
2821 742
2846 746
2871 749
2896 753
2921 757
2946 761
2971 764
2996 768
3021 772
3046 776
3071 780
3096 783
3121 788
3146 792
3171 796
3196 800
3221 803
3246 807
3271 811
3296 815
3321 819
3346 821
3371 821
3396 821
3421 827
3446 831
3471 836
3496 842
3521 844
3546 846
3570 854
3592 867
3615 877
3637 890
3656 907
3676 923
3696 939
3706 962
3726 977
3722 1006
3719 1033
3716 1066
3698 1084
3681 1103
3669 1126
3651 1144
3627 1152
3602 1158
3578 1165
3553 1170
3528 1176
3503 1181
3478 1187
3453 1191
3428 1196
3403 1200
3378 1206
3353 1207
3328 1209
3303 1212
3278 1215
3253 1217
3229 1224
3204 1229
3179 1233
3154 1238
3129 1241
3104 1246
3079 1249
3054 1254
3029 1258
3004 1262
2979 1266
2954 1270
2929 1274
2904 1278
2879 1282
2854 1286
2829 1291
2804 1295
2779 1299
2754 1303
2729 1308
2704 1313
2679 1317
2654 1322
2629 1327
2604 1332
2579 1337
2554 1343
2529 1347
2504 1352
2479 1358
2454 1363
2429 1368
2404 1373
2379 1379
2354 1384
2329 1389
2304 1394
2279 1399
2254 1405
2229 1410
2204 1415
2179 1421
2154 1426
2129 1431
2104 1437
2079 1442
2054 1447
2029 1452
2004 1457
1979 1463
1954 1468
1929 1473
1904 1479
1879 1484
1854 1489
1829 1495
1804 1500
1779 1505
1754 1511
1729 1516
1704 1521
1679 1526
1654 1532
1629 1538
1604 1543
1579 1548
1554 1554
1529 1560
1504 1566
1479 1571
1454 1578
1429 1584
1405 1591
1381 1598
1357 1605
1333 1613
1309 1621
1285 1630
1261 1639
1237 1649
1213 1658
1189 1668
1166 1678
1143 1688
1120 1698
1096 1705
1072 1712
1049 1722
1025 1729
1000 1727
975 1728
950 1733
926 1741
904 1753
882 1766
857 1766
832 1763
807 1765
782 1770
758 1779
736 1791
713 1801
688 1802
663 1799
638 1800
613 1805
589 1812
566 1822
543 1833
519 1841
494 1839
469 1840
444 1842
420 1850
396 1858
372 1867
347 1868
322 1873
298 1882
276 1894
242 1904
