583 1454
583 1410
587 1380
592 1355
600 1331
609 1305
621 1282
634 1259
648 1238
664 1218
682 1199
700 1180
720 1165
740 1150
762 1136
784 1123
807 1112
831 1105
854 1095
879 1089
904 1083
929 1078
954 1075
979 1072
1004 1070
1029 1070
1054 1072
1079 1075
1104 1079
1129 1084
1154 1090
1178 1097
1202 1104
1226 1111
1249 1121
1273 1129
1296 1139
1319 1150
1341 1163
1365 1172
1385 1187
1408 1197
1431 1208
1453 1220
1477 1229
1501 1238
1525 1247
1550 1253
1575 1258
1600 1260
1625 1259
1650 1259
1675 1257
1700 1254
1725 1251
1750 1247
1775 1245
1800 1242
1825 1238
1850 1237
1875 1233
1900 1229
1925 1227
1950 1223
1975 1221
2000 1216
2025 1214
2050 1212
2075 1208
2100 1206
2125 1203
2150 1200
2175 1196
2200 1193
2225 1189
2250 1186
2275 1184
2300 1180
2325 1177
2350 1175
2375 1172
2400 1169
2425 1164
2450 1162
2475 1158
2500 1156
2525 1151
2550 1148
2575 1145
2600 1141
2625 1138
2650 1137
2675 1133
2700 1129
2725 1126
2750 1123
2775 1120
2800 1117
2825 1113
2850 1110
2875 1107
2900 1103
2925 1102
2950 1097
2975 1095
3000 1090
3025 1087
3050 1086
3075 1082
3100 1078
3125 1076
3150 1073
3175 1069
3200 1066
3225 1062
3250 1060
3275 1057
3300 1054
3325 1050
3350 1048
3375 1044
3400 1041
3425 1038
3450 1034
3475 1032
3500 1028
3525 1026
3550 1022
3575 1020
3600 1017
3625 1012
3650 1008
3675 1007
3700 1003
3725 1001
3750 996
3775 993
3800 992
3825 987
3850 984
3875 982
3900 979
3925 973
3950 970
3975 969
4000 964
4025 962
4050 957
4075 962
4093 980
4110 999
4126 1019
4116 1061
4105 1084
4088 1104
4063 1109
4038 1112
4013 1118
3988 1121
3963 1124
3938 1127
3913 1130
3888 1131
3863 1137
3838 1141
3813 1143
3788 1144
3763 1149
3738 1151
3713 1154
3688 1157
3663 1160
3638 1163
3613 1165
3588 1167
3563 1171
3538 1175
3513 1178
3488 1181
3463 1184
3438 1186
3413 1188
3388 1190
3363 1194
3338 1197
3313 1200
3288 1202
3263 1206
3238 1208
3213 1211
3188 1215
3163 1216
3138 1219
3113 1223
3088 1226
3063 1228
3038 1230
3013 1233
2988 1236
2963 1240
2938 1243
2913 1243
2888 1247
2863 1250
2838 1253
2813 1257
2788 1261
2763 1264
2738 1265
2713 1269
2688 1272
2663 1275
2638 1279
2613 1281
2588 1284
2563 1287
2538 1290
2513 1293
2488 1296
2463 1298
2438 1300
2413 1305
2388 1307
2363 1311
2338 1313
2313 1316
2288 1321
2263 1322
2238 1327
2213 1329
2188 1331
2163 1334
2138 1338
2113 1340
2088 1343
2063 1346
2038 1348
2013 1351
1988 1354
1963 1356
1938 1361
1913 1362
1888 1365
1863 1368
1838 1370
1813 1374
1788 1376
1763 1380
1738 1383
1713 1386
1688 1388
1663 1393
1638 1397
1613 1403
1589 1410
1565 1420
1543 1432
1521 1445
1498 1456
1477 1471
1457 1488
1434 1499
1417 1518
1397 1534
1375 1548
1358 1568
1337 1582
1315 1596
1293 1609
1270 1620
1249 1634
1226 1645
1203 1656
1179 1664
1157 1676
1133 1684
1109 1692
1085 1699
1060 1704
1035 1709
1010 1714
985 1718
960 1720
935 1723
910 1725
885 1726
860 1725
835 1722
810 1718
785 1714
761 1707
738 1697
716 1685
695 1671
675 1655
656 1638
641 1618
627 1597
615 1575
604 1552
597 1528
590 1504
586 1479
