304 664
295 640
310 620
335 618
360 619
385 621
410 622
435 624
460 626
485 627
510 629
535 632
560 632
585 634
610 636
635 637
660 639
685 640
710 642
735 643
760 645
785 645
810 647
835 648
860 647
885 646
910 643
935 639
960 632
984 624
1008 617
1032 609
1057 602
1082 596
1107 591
1132 586
1157 583
1182 581
1207 581
1232 584
1257 588
1282 592
1307 598
1331 607
1351 622
1364 644
1370 669
1374 694
1372 734
1363 761
1343 778
1319 787
1295 795
1270 798
1245 801
1220 801
1195 800
1170 797
1145 793
1120 787
1096 779
1072 772
1048 764
1024 755
1000 746
977 736
953 728
929 720
904 714
879 709
854 704
829 701
804 698
779 698
754 695
729 693
704 692
679 689
654 688
629 686
604 684
579 683
554 681
529 680
504 680
479 678
454 675
429 677
404 674
379 675
354 672
329 670
