282 1185
280 1212
283 1237
287 1262
293 1287
301 1311
309 1335
321 1357
335 1378
352 1397
367 1417
385 1435
404 1452
424 1467
446 1480
468 1493
490 1505
513 1516
536 1526
560 1535
584 1544
608 1551
632 1558
657 1563
682 1568
707 1572
732 1575
757 1577
782 1580
807 1581
832 1582
857 1581
882 1581
907 1580
932 1578
957 1576
982 1573
1007 1570
1032 1566
1057 1560
1082 1555
1107 1549
1131 1541
1156 1536
1180 1528
1204 1521
1228 1514
1252 1507
1276 1500
1300 1493
1324 1486
1349 1480
1374 1474
1399 1468
1424 1462
1449 1458
1474 1453
1499 1450
1524 1446
1549 1444
1574 1442
1599 1441
1624 1441
1649 1441
1674 1442
1699 1443
1724 1445
1749 1446
1774 1449
1799 1452
1824 1454
1849 1457
1874 1460
1899 1464
1924 1467
1949 1470
1974 1474
1999 1478
2024 1483
2049 1487
2074 1492
2099 1497
2124 1503
2149 1508
2174 1513
2199 1519
2224 1524
2249 1529
2274 1534
2299 1539
2324 1544
2349 1549
2374 1554
2399 1559
2424 1563
2449 1569
2474 1574
2499 1579
2524 1584
2549 1589
2574 1594
2599 1599
2624 1605
2649 1610
2674 1615
2699 1620
2724 1626
2749 1631
2774 1635
2799 1640
2824 1645
2849 1650
2874 1654
2899 1659
2924 1663
2949 1667
2974 1673
2999 1678
3024 1682
3049 1686
3074 1691
3099 1696
3124 1699
3149 1704
3174 1709
3199 1712
3224 1717
3249 1721
3274 1726
3299 1729
3324 1733
3349 1738
3374 1741
3399 1744
3424 1748
3449 1753
3474 1756
3499 1760
3524 1764
3549 1767
3574 1769
3599 1775
3624 1776
3649 1781
3674 1784
3699 1786
3724 1790
3749 1794
3774 1795
3799 1799
3824 1801
3849 1802
3874 1802
3899 1803
3924 1803
3949 1803
3974 1802
3999 1800
4024 1797
4049 1795
4074 1791
4099 1786
4124 1779
4126 1730
4126 1705
4126 1680
4126 1655
4126 1630
4126 1605
4126 1580
4126 1555
4126 1530
4126 1505
4120 1480
4096 1471
4072 1462
4048 1455
4024 1447
3999 1443
3974 1437
3949 1433
3924 1429
3899 1426
3874 1421
3849 1417
3824 1415
3799 1411
3774 1409
3749 1406
3724 1403
3699 1400
3674 1397
3649 1394
3624 1390
3599 1388
3574 1385
3549 1382
3524 1380
3499 1377
3474 1375
3449 1372
3424 1369
3399 1367
3374 1364
3349 1362
3324 1360
3299 1358
3274 1355
3249 1353
3224 1353
3199 1350
3174 1347
3149 1346
3124 1346
3099 1343
3074 1342
3049 1341
3024 1339
2999 1338
2974 1337
2949 1336
2924 1334
2899 1334
2874 1331
2849 1331
2824 1330
2799 1329
2774 1327
2749 1326
2724 1324
2699 1324
2674 1322
2649 1321
2624 1321
2599 1319
2574 1318
2549 1316
2524 1315
2499 1314
2474 1313
2449 1312
2424 1310
2399 1310
2374 1308
2349 1307
2324 1307
2299 1304
2274 1304
2249 1303
2224 1302
2199 1300
2174 1299
2149 1297
2124 1295
2099 1293
2074 1291
2049 1289
2024 1287
1999 1285
1974 1282
1949 1279
1924 1276
1899 1274
1874 1270
1849 1266
1824 1263
1799 1259
1774 1255
1749 1251
1724 1247
1699 1242
1674 1238
1649 1233
1624 1227
1600 1220
1576 1212
1552 1204
1528 1195
1505 1185
1482 1175
1459 1164
1437 1152
1414 1141
1392 1129
1370 1117
1348 1105
1326 1093
1304 1080
1281 1069
1259 1057
1237 1045
1215 1033
1193 1021
1170 1010
1148 998
1125 988
1102 977
1078 968
1054 959
1030 950
1006 942
982 935
958 928
933 922
908 916
883 911
858 907
833 903
808 899
783 897
758 894
733 893
708 892
683 892
658 893
633 896
608 899
583 903
558 908
533 913
509 923
485 932
463 944
440 955
419 969
399 985
379 1001
362 1020
347 1040
331 1061
317 1083
308 1108
296 1133
288 1157
