367 291
365 266
368 241
375 216
389 194
408 176
429 162
452 152
477 147
502 146
527 149
552 155
576 162
600 171
623 181
644 195
665 209
685 225
705 241
724 258
742 276
760 294
775 314
788 336
802 357
816 378
827 401
838 424
849 447
859 470
871 492
883 514
894 537
906 559
920 580
935 600
952 619
972 635
991 652
1010 669
1030 684
1048 702
1068 718
1088 734
1108 750
1127 767
1146 784
1166 799
1185 816
1205 832
1225 848
1243 866
1262 883
1282 898
1300 916
1319 933
1339 948
1358 965
1377 982
1397 997
1415 1015
1435 1030
1455 1046
1471 1066
1492 1080
1510 1098
1529 1115
1549 1131
1569 1147
1587 1165
1606 1182
1626 1198
1645 1215
1665 1231
1684 1248
1703 1265
1722 1282
1737 1302
1731 1333
1707 1342
1682 1340
1660 1327
1641 1310
1622 1293
1604 1275
1584 1259
1564 1243
1546 1225
1528 1207
1508 1192
1490 1174
1470 1159
1449 1145
1432 1126
1414 1108
1395 1091
1376 1074
1357 1057
1336 1043
1317 1026
1299 1008
1279 993
1260 976
1241 959
1221 944
1202 927
1183 910
1164 893
1144 878
1126 860
1106 845
1086 830
1067 813
1050 794
1033 775
1013 760
992 746
972 731
952 716
932 700
912 685
892 669
871 655
848 645
825 634
801 625
777 618
753 609
728 604
704 595
680 588
656 581
633 570
609 563
586 553
564 540
542 528
521 514
501 499
483 481
463 465
444 448
431 426
417 405
405 383
393 361
379 340
370 316
