363 557
362 532
365 503
370 476
377 452
385 427
397 403
410 381
424 360
439 340
457 321
476 303
496 287
517 273
539 259
561 247
585 237
609 230
633 223
658 218
683 216
708 214
733 213
758 213
783 216
808 220
833 226
857 233
881 241
905 250
929 259
952 269
974 281
996 293
1016 308
1037 322
1057 337
1077 353
1096 370
1115 387
1134 404
1152 422
1169 441
1187 459
1203 479
1219 499
1234 519
1248 540
1262 561
1276 582
1289 604
1301 626
1315 647
1326 670
1341 690
1353 712
1367 733
1383 753
1401 771
1419 789
1439 804
1461 816
1483 829
1506 839
1529 850
1552 861
1574 873
1597 883
1620 894
1642 906
1665 916
1688 927
1711 938
1734 949
1757 960
1780 970
1802 982
1825 992
1848 1003
1870 1015
1893 1025
1916 1035
1939 1046
1961 1058
1984 1068
2006 1080
2029 1090
2052 1101
2075 1111
2097 1123
2120 1134
2142 1146
2165 1156
2188 1167
2211 1177
2233 1189
2256 1199
2279 1209
2302 1220
2325 1231
2347 1243
2370 1253
2393 1264
2416 1275
2439 1286
2461 1298
2484 1308
2506 1320
2529 1331
2552 1341
2574 1353
2597 1364
2620 1375
2643 1386
2666 1397
2689 1407
2712 1418
2734 1430
2757 1440
2780 1450
2802 1462
2825 1473
2848 1483
2870 1495
2891 1509
2908 1528
2933 1523
2956 1533
2979 1544
3002 1554
3025 1565
3047 1577
3070 1587
3093 1598
3115 1610
3138 1620
3161 1631
3184 1642
3207 1653
3230 1664
3253 1675
3276 1686
3299 1696
3321 1708
3344 1718
3367 1729
3389 1741
3412 1751
3435 1762
3458 1773
3481 1784
3504 1795
3526 1807
3549 1817
3572 1828
3595 1839
3618 1850
3640 1862
3663 1872
3685 1884
3708 1894
3731 1905
3755 1913
3779 1905
3804 1900
3829 1900
3854 1903
3879 1908
3902 1918
3923 1932
3946 1920
3966 1904
3988 1889
4010 1875
4029 1858
4046 1839
4066 1822
4086 1805
4103 1786
4121 1768
4110 1812
4089 1833
4069 1849
4034 1883
4011 1903
4000 1930
3975 1929
3955 1946
3970 1966
3985 1986
3997 2008
4006 2032
4026 2048
4048 2060
4071 2071
4090 2088
4099 2112
4106 2136
4113 2160
4109 2203
4088 2219
4064 2227
4040 2234
4016 2242
3991 2240
3968 2230
3945 2219
3922 2208
3899 2198
3877 2186
3855 2174
3832 2164
3810 2152
3788 2140
3765 2129
3742 2119
3720 2106
3697 2096
3675 2084
3652 2073
3630 2061
3607 2051
3585 2039
3563 2027
3540 2017
3518 2005
3495 1995
3473 1983
3450 1972
3428 1960
3405 1950
3383 1938
3360 1928
3338 1916
3315 1906
3293 1894
3270 1883
3248 1871
3225 1861
3203 1849
3180 1838
3158 1826
3135 1815
3112 1804
3090 1792
3067 1781
3044 1770
3021 1759
2999 1747
2977 1735
2954 1724
2931 1714
2909 1702
2886 1692
2864 1680
2847 1661
2826 1647
2801 1645
2778 1634
2755 1623
2733 1611
2710 1600
2687 1589
2664 1578
2642 1566
2619 1556
2596 1545
2574 1533
2551 1523
2529 1511
2507 1499
2484 1488
2461 1477
2438 1467
2416 1455
2393 1444
2370 1434
2348 1422
2325 1412
2303 1400
2280 1390
2258 1378
2235 1367
2212 1356
2190 1344
2168 1332
2145 1321
2122 1311
2099 1300
2077 1288
2054 1277
2032 1265
2009 1255
1986 1244
1963 1233
1940 1223
1918 1211
1895 1200
1872 1189
1850 1177
1827 1166
1804 1155
1782 1143
1759 1132
1736 1122
1714 1110
1691 1099
1668 1089
1646 1076
1623 1066
1600 1055
1578 1043
1555 1032
1532 1022
1510 1010
1487 1000
1465 988
1442 977
1420 965
1397 955
1374 945
1350 938
1325 935
1300 933
1275 934
1250 936
1225 938
1200 941
1175 942
1150 945
1125 947
1100 949
1075 950
1050 951
1025 950
1000 948
975 947
950 945
925 943
900 938
875 933
851 926
826 920
802 913
778 906
754 899
730 892
706 884
682 876
658 867
634 858
610 849
587 838
564 828
542 816
520 804
499 790
479 774
460 757
442 739
425 720
411 699
397 678
386 655
377 631
370 607
365 582
