252 191
251 166
253 140
262 112
274 89
289 66
309 50
332 38
356 30
381 28
406 30
431 34
456 40
480 49
503 59
526 70
547 84
569 96
589 112
609 128
628 145
645 164
663 182
679 202
696 221
710 242
724 263
734 286
741 310
748 334
758 357
763 382
767 407
773 432
781 456
787 481
802 501
815 523
832 542
849 561
868 578
886 596
904 614
923 631
942 648
960 666
979 683
998 700
1017 717
1035 735
1054 752
1074 768
1091 787
1109 805
1129 820
1149 836
1166 855
1186 870
1206 886
1221 906
1241 921
1262 935
1282 951
1301 970
1319 993
1342 1004
1364 1018
1386 1031
1403 1050
1424 1064
1448 1071
1465 1090
1487 1102
1507 1118
1530 1129
1550 1144
1573 1154
1591 1172
1614 1183
1634 1198
1655 1212
1675 1227
1699 1236
1721 1249
1743 1262
1763 1277
1784 1291
1808 1299
1829 1313
1874 1338
1894 1354
1917 1364
1937 1380
1961 1389
1984 1400
2005 1414
2026 1428
2026 1468
2010 1488
1985 1494
1963 1482
1940 1471
1919 1457
1895 1448
1873 1435
1855 1417
1833 1404
1811 1392
1788 1381
1766 1368
1744 1356
1723 1342
1700 1331
1679 1317
1657 1305
1637 1290
1614 1280
1595 1263
1573 1251
1553 1235
1529 1228
1512 1209
1489 1198
1467 1186
1447 1171
1429 1153
1406 1143
1388 1125
1365 1114
1344 1100
1326 1082
1303 1071
1283 1056
1267 1036
1245 1024
1225 1009
1207 991
1189 973
1170 956
1149 942
1131 924
1109 912
1091 894
1072 877
1053 860
1033 845
1018 825
1003 805
983 789
963 773
945 753
924 739
907 720
888 703
867 689
849 671
832 652
813 635
794 618
777 599
755 587
733 575
710 564
686 556
662 548
637 543
613 536
588 530
563 524
539 517
515 508
492 498
469 488
449 473
429 458
409 443
392 424
373 407
354 390
337 371
322 351
307 331
294 309
282 287
271 264
263 240
256 216
