338 2082
331 2058
340 2034
360 2017
381 2003
401 1988
421 1972
441 1957
461 1941
482 1927
502 1910
523 1896
543 1880
563 1863
583 1848
603 1833
623 1818
643 1801
664 1787
684 1772
704 1756
724 1741
744 1726
764 1710
784 1694
804 1679
825 1664
845 1647
865 1632
885 1617
905 1602
925 1587
945 1571
965 1555
985 1538
1005 1523
1026 1508
1046 1492
1066 1477
1086 1462
1106 1447
1126 1432
1146 1417
1166 1401
1186 1385
1206 1370
1226 1354
1246 1339
1266 1323
1286 1307
1306 1292
1326 1277
1346 1261
1367 1246
1386 1229
1406 1214
1426 1198
1447 1183
1467 1167
1487 1151
1507 1136
1527 1120
1547 1105
1567 1089
1587 1073
1607 1058
1627 1043
1647 1027
1667 1010
1687 994
1707 977
1727 962
1747 945
1767 928
1787 912
1807 897
1827 880
1847 864
1867 847
1887 832
1907 815
1927 798
1947 782
1966 765
1986 749
2006 734
2025 717
2045 700
2065 683
2085 667
2104 650
2123 632
2140 613
2155 592
2167 570
2178 545
2188 519
2198 493
2207 468
2217 443
2227 418
2238 394
2250 370
2262 346
2276 324
2290 303
2305 282
2322 262
2339 243
2357 225
2376 207
2396 190
2415 173
2436 158
2456 142
2477 127
2497 112
2518 98
2540 86
2563 74
2586 62
2611 56
2636 50
2661 49
2686 51
2711 55
2735 63
2757 75
2779 87
2799 103
2817 121
2832 141
2846 162
2856 185
2863 209
2868 234
2870 270
2866 312
2860 339
2851 365
2839 389
2825 411
2808 430
2790 449
2771 467
2752 484
2732 500
2712 515
2691 529
2670 543
2648 557
2626 570
2604 583
2581 595
2557 604
2534 615
2510 623
2486 630
2462 637
2437 642
2412 648
2387 651
2362 657
2337 660
2312 665
2287 668
2262 674
2237 680
2214 690
2192 703
2170 716
2150 732
2130 747
2110 763
2090 780
2070 797
2050 814
2030 830
2010 845
1990 862
1970 879
1950 896
1930 912
1910 928
1890 945
1870 961
1850 976
1831 993
1811 1009
1791 1024
1771 1041
1751 1056
1731 1072
1711 1088
1691 1103
1671 1120
1651 1135
1631 1151
1611 1166
1591 1182
1571 1198
1551 1213
1531 1229
1511 1245
1491 1261
1471 1276
1451 1292
1431 1308
1411 1323
1391 1339
1371 1355
1351 1370
1331 1386
1311 1401
1291 1416
1271 1433
1251 1449
1230 1464
1210 1481
1189 1496
1169 1511
1149 1528
1128 1543
1108 1558
1088 1574
1068 1589
1048 1604
1028 1621
1007 1636
987 1652
967 1668
947 1684
927 1700
907 1715
887 1730
867 1746
847 1762
827 1777
807 1792
787 1808
767 1824
747 1840
727 1855
707 1870
687 1886
667 1901
646 1916
626 1932
606 1948
585 1963
565 1979
545 1995
524 2010
504 2027
483 2042
463 2057
443 2072
423 2087
404 2104
379 2110
356 2100
