15 230
17 240
18 219
23 248
25 211
33 248
34 205
43 244
44 202
53 240
54 197
60 263
62 273
63 235
64 192
66 253
70 279
73 232
74 188
74 246
80 281
83 229
84 184
84 241
90 281
93 225
93 235
94 180
100 278
102 230
104 176
110 274
114 172
120 269
124 171
130 264
134 169
139 259
144 166
148 254
154 162
157 249
164 159
166 243
173 154
175 237
176 136
181 125
184 231
188 117
192 225
196 109
201 219
204 103
207 131
211 215
212 121
213 98
215 137
221 213
222 120
223 94
224 131
231 208
233 93
236 197
242 188
243 92
249 133
250 181
253 94
254 142
257 127
258 172
260 150
262 99
262 160
265 119
267 108
