29 117
29 127
30 137
32 107
32 147
34 157
36 97
38 167
42 87
42 177
47 186
49 79
52 195
57 73
57 204
63 212
66 67
69 220
75 228
76 63
81 236
86 60
89 243
95 251
96 58
100 264
106 57
110 268
116 56
119 273
126 56
127 279
134 287
136 59
141 295
146 58
149 301
156 60
157 307
166 62
167 307
176 64
177 310
186 67
186 315
196 71
196 318
206 75
206 322
216 79
216 324
226 83
226 326
235 88
236 328
244 93
246 332
253 98
256 329
262 103
266 328
270 109
276 327
278 115
286 121
286 325
294 128
296 323
301 136
306 320
309 143
315 151
316 317
321 159
326 314
327 167
333 175
336 314
339 183
343 193
346 315
348 202
352 212
354 222
356 232
356 318
357 242
358 252
359 262
362 272
366 322
368 280
376 287
376 326
384 293
385 331
392 299
394 336
401 304
403 341
409 310
412 346
418 315
420 352
427 320
429 357
435 326
438 362
444 331
446 368
453 336
454 374
462 341
462 380
470 347
470 386
478 392
479 352
486 398
489 356
494 404
498 361
502 410
508 365
510 416
516 371
518 422
524 378
526 428
532 384
534 434
540 390
542 440
549 395
550 446
557 401
558 452
566 406
566 458
574 412
574 464
582 470
583 417
590 476
593 421
598 483
602 426
606 490
611 431
614 496
620 436
622 503
630 440
630 509
638 446
638 516
646 523
647 451
654 530
656 456
662 536
665 461
670 543
674 466
678 550
683 471
686 556
692 476
693 564
701 481
701 570
709 576
710 486
717 583
718 492
725 589
727 497
733 595
735 503
741 601
743 509
749 607
752 514
757 613
762 518
765 619
772 522
773 625
781 527
781 631
790 532
790 636
799 537
799 641
807 543
808 646
814 551
817 651
823 556
827 655
832 561
837 659
841 566
847 663
850 571
857 667
859 576
867 671
868 581
876 587
876 676
884 593
884 682
892 599
892 688
900 606
900 694
908 613
908 700
915 621
918 698
921 629
927 637
928 693
932 646
935 656
935 684
938 673
