355 544
358 554
364 562
365 545
371 570
373 551
378 578
381 504
381 557
384 586
388 512
390 562
391 594
395 520
398 509
398 568
398 602
402 528
406 515
406 574
406 608
410 534
412 468
414 580
414 615
415 478
415 520
418 540
420 623
422 470
423 484
423 526
423 585
426 547
427 631
431 490
431 591
432 474
432 531
433 639
434 554
438 498
439 435
440 480
440 537
440 596
441 645
442 560
445 443
446 504
448 603
449 485
449 542
449 568
449 651
451 435
453 449
454 511
456 550
456 609
457 492
457 574
457 657
460 440
461 456
463 516
464 615
465 498
465 555
465 580
465 664
469 462
470 443
471 523
471 672
472 622
473 504
473 587
474 560
477 468
478 680
479 448
479 529
480 628
481 594
482 509
482 567
485 474
486 686
487 535
488 453
488 634
489 600
490 515
490 573
493 480
494 543
494 693
495 608
496 640
498 457
498 521
499 578
501 487
502 549
502 699
503 614
504 647
506 463
507 526
507 585
509 493
510 555
510 705
511 621
512 653
515 468
515 532
515 591
516 501
516 713
518 561
519 627
520 660
522 721
523 538
523 597
525 472
525 506
526 568
527 634
528 667
530 728
531 603
532 543
533 478
533 513
534 575
534 642
536 673
538 734
539 609
540 549
542 518
542 581
542 648
542 681
543 482
546 741
547 616
549 554
549 589
550 524
550 655
551 686
552 487
554 747
555 622
557 560
557 595
558 531
558 662
561 492
561 690
562 753
563 628
565 566
566 537
566 600
566 668
570 497
570 760
571 634
571 684
573 572
574 543
574 606
579 502
579 641
579 765
581 578
582 549
582 613
587 772
588 507
588 621
588 646
589 584
590 555
596 513
596 652
596 777
597 590
597 626
598 561
604 659
605 518
605 596
605 632
606 781
607 566
612 665
613 638
614 523
614 601
615 572
615 786
621 644
622 668
623 528
623 578
623 606
624 791
629 651
630 661
631 584
632 533
633 608
634 793
639 590
640 539
640 600
644 796
649 544
654 797
657 550
664 797
667 553
674 797
676 558
684 564
684 798
693 569
694 798
701 576
704 798
710 581
714 797
718 587
724 798
726 593
734 600
734 798
742 606
744 799
747 615
754 623
754 800
759 632
763 642
764 804
766 652
770 662
774 807
775 671
777 681
780 691
782 701
783 812
785 711
788 721
792 731
793 815
795 741
800 750
802 820
805 759
810 768
810 826
818 775
818 832
824 783
827 837
832 789
836 842
840 795
844 848
848 802
852 854
856 808
860 860
864 815
868 866
872 821
877 871
880 827
885 877
888 833
893 883
896 839
901 890
904 845
909 896
912 851
916 904
920 857
924 910
928 863
932 916
937 868
940 923
945 874
948 929
953 880
956 935
961 886
964 941
970 891
972 948
978 897
980 954
986 903
989 959
995 908
997 965
1004 913
1005 972
1011 980
1012 919
1019 986
1021 924
1028 991
1029 930
1035 999
1037 936
1043 1005
1046 941
1051 1012
1054 947
1061 1016
1062 954
1070 960
1070 1021
1075 1030
1079 965
1083 1037
1087 971
1091 1043
1095 977
1099 1049
1103 983
1107 1055
1112 988
1115 1061
1120 994
1121 1069
1128 1000
1129 1075
1137 1005
1138 1080
1143 1089
1145 1011
1153 1093
1154 1016
1161 1100
1162 1022
1169 1107
1170 1028
1177 1113
1179 1033
1185 1119
1188 1038
1193 1126
1196 1044
1201 1133
1205 1049
1209 1140
1213 1055
1218 1145
1222 1060
1224 1153
1230 1066
1232 1159
1239 1071
1240 1166
1247 1077
1247 1174
1256 1082
1257 1178
1264 1088
1264 1186
1272 1094
1272 1192
1281 1099
1281 1197
1287 1205
1289 1105
1296 1210
1297 1111
1304 1217
1305 1117
1313 1123
1313 1222
1321 1129
1321 1228
1329 1235
1330 1134
1337 1242
1338 1140
1345 1248
1346 1146
1354 1152
1354 1253
1362 1158
1362 1260
1370 1164
1371 1265
1379 1169
1381 1269
1387 1175
1388 1277
1395 1181
1396 1284
1403 1187
1406 1288
1411 1193
1413 1296
1419 1199
1422 1301
1427 1205
1429 1309
1435 1211
1438 1314
1443 1217
1446 1320
1451 1224
1454 1327
1459 1230
1462 1333
1467 1236
1471 1338
1475 1243
1480 1343
1483 1249
1485 1352
1491 1255
1495 1355
1499 1262
1504 1360
1507 1269
1512 1367
1515 1276
1520 1373
1523 1282
1528 1379
1531 1289
1536 1385
1539 1296
1546 1304
1546 1389
1552 1397
1554 1310
1562 1317
1562 1400
1569 1325
1570 1406
1577 1331
1579 1411
1585 1338
1588 1416
1593 1345
1597 1421
1601 1352
1606 1426
1609 1359
1616 1430
1617 1366
1623 1374
1624 1423
1630 1415
1631 1381
1636 1407
1638 1389
1642 1399
