98 239
98 249
99 225
100 259
103 213
103 269
107 203
108 278
112 288
113 195
117 297
121 187
123 305
129 313
130 182
134 322
139 331
140 180
146 339
150 180
152 347
159 185
159 355
167 362
168 190
173 370
177 195
180 378
187 199
188 385
195 206
195 393
203 212
203 399
210 407
212 217
218 413
220 223
226 420
229 228
233 428
238 233
241 434
246 239
249 440
254 246
257 447
263 251
265 454
271 257
273 460
279 263
281 466
288 268
288 474
296 274
297 479
305 279
305 486
313 285
313 492
321 498
322 290
329 504
330 297
337 510
338 303
345 516
347 308
353 522
356 313
361 528
364 319
369 534
373 324
377 540
381 330
386 545
390 335
394 551
399 340
402 557
407 347
410 563
415 353
419 568
424 358
427 574
433 363
435 580
441 369
443 586
449 375
452 591
458 380
460 597
467 385
469 602
476 390
477 608
484 396
485 614
492 402
494 619
502 406
502 625
510 412
510 631
519 417
519 636
527 423
527 642
535 429
536 647
544 434
544 653
553 439
553 658
561 445
561 664
570 450
570 669
578 456
579 674
587 461
587 680
596 466
596 685
604 472
605 690
612 478
613 696
622 482
622 701
630 488
631 706
638 494
640 711
647 499
649 716
656 504
658 721
665 509
667 726
673 515
676 731
682 520
685 736
690 526
694 741
699 531
703 746
708 536
712 751
716 542
721 756
725 547
729 762
733 554
738 767
741 560
747 772
750 565
756 777
759 570
766 781
768 575
774 787
776 581
784 587
784 791
793 592
793 796
802 597
802 801
811 602
812 805
820 607
821 810
828 613
831 813
836 620
841 817
845 625
851 813
854 630
860 807
863 635
869 802
871 641
879 798
880 646
888 652
889 797
896 658
899 800
906 662
909 803
914 668
919 806
923 673
927 812
931 679
937 813
939 685
946 818
949 689
956 822
957 696
964 829
965 702
973 708
974 832
981 714
982 839
989 721
992 843
997 727
1002 847
1006 732
1010 853
1015 737
1018 859
1024 742
1027 864
1029 751
1036 869
1039 754
1045 874
1048 759
1053 880
1057 764
1062 885
1066 769
1070 891
1075 774
1078 897
1081 782
1087 902
1091 786
1097 903
1101 790
1103 911
1110 795
1111 917
1116 803
1121 919
1126 806
1131 922
1135 811
1136 931
1143 817
1146 932
1152 822
1154 938
1159 947
1161 827
1169 833
1169 951
1177 957
1179 837
1187 843
1187 958
1193 966
1196 848
1201 972
1205 853
1209 978
1213 859
1219 977
1222 864
1225 985
1231 869
1233 991
1239 876
1243 994
1248 881
1251 1001
1256 887
1257 1009
1266 890
1267 1013
1275 895
1276 1018
1283 901
1284 1024
1292 906
1293 1029
1301 911
1301 1035
1309 917
1311 1035
1316 1044
1318 922
1326 1044
1327 927
1332 1052
1336 932
1341 1057
1346 936
1348 1065
1354 943
1357 1070
1364 946
1367 1070
1372 952
1372 1079
1380 958
1380 1085
1388 1091
1390 962
1396 1097
1399 967
1406 1101
1408 972
1414 1108
1416 978
1423 1113
1426 981
1433 1117
1435 986
1442 1125
1443 992
1450 1132
1452 997
1458 1138
1461 1002
1468 1142
1470 1007
1476 1148
1480 1011
1484 1154
1488 1017
1494 1156
1497 1022
1498 1166
1507 1026
1507 1171
1516 1031
1517 1171
1522 1180
1524 1037
1530 1187
1534 1040
1538 1193
1542 1046
1546 1200
1552 1050
1555 1205
1560 1056
1565 1204
1568 1214
1570 1060
1576 1221
1579 1065
1584 1228
1589 1069
1593 1233
1597 1075
1601 1239
1607 1078
1607 1247
1615 1253
1617 1081
1625 1087
1625 1251
1627 1261
1634 1092
1635 1267
1643 1274
1644 1095
1651 1280
1653 1100
1658 1288
1662 1105
1666 1294
1672 1109
1675 1299
1680 1308
1682 1113
1690 1311
1692 1117
1695 1320
1702 1120
1705 1321
1710 1126
1711 1329
1720 1129
1720 1334
1725 1343
1730 1133
1735 1347
1740 1137
1745 1350
1750 1141
1755 1351
1760 1145
1765 1350
1770 1147
1775 1348
1779 1152
1785 1344
1789 1156
1795 1340
1798 1161
1804 1335
1808 1165
1812 1329
1816 1171
1820 1323
1825 1176
1827 1315
1833 1182
1834 1307
1839 1190
1840 1299
1845 1198
1845 1288
1848 1208
1849 1276
1853 1217
1853 1266
1855 1227
1855 1246
1855 1256
