383 616
388 625
391 609
397 630
398 601
406 635
408 600
414 641
416 594
423 646
426 591
433 648
436 587
443 652
446 583
453 655
456 582
463 658
466 580
473 660
476 578
483 662
486 576
493 663
496 575
502 668
506 573
512 667
516 572
522 667
526 568
532 669
536 570
542 671
546 568
552 674
556 568
562 672
566 568
572 672
576 569
581 677
586 568
591 675
596 566
601 675
606 566
611 675
616 567
621 677
626 567
631 676
636 567
641 675
646 567
651 678
656 567
661 679
666 568
671 680
676 568
681 679
686 565
691 679
696 567
701 679
706 567
711 680
716 567
719 674
726 568
729 678
736 567
739 679
746 568
749 681
756 567
759 678
766 568
769 681
776 569
779 679
786 569
789 678
796 569
799 678
806 570
809 681
816 569
819 679
826 569
827 685
836 568
837 684
846 569
847 682
856 569
857 686
866 569
867 685
876 569
877 684
886 571
887 684
896 572
897 683
906 570
907 684
916 570
917 684
926 570
927 684
935 691
936 570
945 691
946 572
955 691
956 570
965 691
966 571
975 691
976 569
985 692
986 571
995 692
996 572
1004 687
1006 572
1014 687
1016 572
1024 690
1026 571
1034 689
1036 573
1043 694
1046 573
1053 697
1056 573
1063 694
1066 572
1073 696
1076 574
1081 663
1083 696
1086 573
1093 695
1096 573
1103 697
1106 573
1111 691
1116 574
1121 693
1126 574
1131 697
1136 575
1141 697
1146 574
1151 699
1156 577
1161 699
1166 576
1171 695
1176 578
1180 690
1186 578
1189 685
1196 579
1198 674
1203 683
1206 580
1213 680
1216 581
1217 668
1223 679
1226 583
1227 665
1236 584
1236 675
1237 664
1246 587
1246 672
1255 667
1256 583
1256 650
1257 677
1265 669
1266 580
1266 682
1276 581
1276 682
1286 581
1286 681
1294 673
1296 582
1303 678
1306 582
1313 682
1316 582
1321 676
1326 582
1331 677
1336 583
1341 677
1346 581
1349 660
1351 678
1356 583
1357 666
1360 683
1366 583
1370 679
1376 583
1380 680
1386 584
1390 679
1396 584
1400 680
1406 584
1410 682
1416 584
1420 683
1426 584
1430 683
1436 583
1440 684
1446 583
1450 684
1456 584
1460 684
1466 584
1470 684
1476 584
1480 686
1486 585
1490 687
1496 585
1500 687
1506 586
1510 688
1516 585
1520 688
1526 586
1530 688
1536 586
1540 689
1546 586
1549 694
1556 588
1559 695
1566 587
1569 692
1576 588
1579 695
1586 588
1589 695
1596 588
1599 695
1606 587
1609 697
1616 587
1619 695
1626 586
1629 695
1636 589
1639 696
1646 588
1649 694
1656 588
1659 696
1666 588
1669 697
1676 589
1679 697
1686 589
1689 699
1696 589
1699 700
1706 590
1709 699
1716 590
1719 702
1726 590
1729 701
1736 590
1739 702
1746 591
1749 701
1756 592
1759 701
1766 593
1769 702
1776 594
1779 698
1786 596
1787 692
1792 676
1794 602
1797 666
1800 610
1805 619
1807 661
1808 629
1809 644
