611 312
615 322
620 331
625 340
630 349
635 358
636 341
639 293
640 367
644 302
644 347
647 375
650 310
650 385
652 354
656 393
658 316
658 362
659 305
659 403
661 326
665 370
666 411
667 334
667 380
670 321
672 419
673 342
676 385
677 329
679 427
681 351
682 393
682 437
683 337
686 360
688 245
689 401
689 445
691 343
692 368
693 254
695 453
696 409
698 376
699 246
699 350
700 262
700 462
703 360
703 417
704 384
705 271
706 470
710 258
710 392
710 425
711 279
712 365
712 478
717 487
718 265
718 373
718 398
718 432
720 341
721 283
721 408
723 495
724 293
724 381
724 440
725 273
726 349
726 417
727 333
730 301
730 389
730 448
731 358
731 502
732 425
733 280
736 309
736 338
736 397
737 366
738 433
738 510
740 451
741 286
741 347
743 374
743 405
744 316
744 441
745 518
747 355
749 292
749 305
750 382
750 413
751 324
754 523
755 361
756 390
758 333
758 419
759 302
762 398
763 368
763 528
764 341
765 310
766 426
768 406
769 376
770 349
773 415
773 531
774 315
777 383
778 356
782 536
783 320
783 391
784 364
790 328
790 372
791 397
792 539
798 335
798 379
801 389
801 400
802 542
805 343
811 351
812 546
820 356
822 545
825 365
831 550
834 370
840 378
840 555
848 385
849 560
854 393
859 562
860 401
864 411
867 568
871 419
873 429
875 575
878 438
881 453
882 463
883 473
883 483
883 493
883 582
885 503
885 519
888 529
889 590
893 538
894 548
895 598
900 556
901 606
908 563
908 614
915 622
916 569
920 579
922 630
926 587
928 638
934 594
936 645
940 602
942 653
947 610
947 662
953 618
954 670
960 678
961 624
966 633
967 686
973 641
973 694
979 702
980 649
985 710
988 656
991 718
994 664
998 726
1001 672
1004 734
1007 680
1011 742
1015 687
1016 751
1023 694
1023 759
1027 704
1029 767
1033 712
1035 775
1041 718
1041 783
1047 791
1049 725
1053 799
1054 734
1059 807
1061 742
1065 815
1069 825
1070 747
1075 756
1075 833
1082 764
1083 840
1088 849
1089 772
1094 857
1098 777
1099 866
1103 876
1104 785
1109 884
1111 793
1117 801
1117 891
1122 900
1125 808
1128 908
1133 814
1134 916
1140 822
1140 924
1143 934
1147 830
1151 941
1153 838
1157 949
1159 846
1163 957
1167 852
1169 965
1173 860
1175 973
1179 983
1181 866
1185 991
1189 873
1193 997
1195 881
1198 1006
1203 888
1205 1014
1210 896
1212 1022
1216 904
1218 1030
1223 912
1225 1038
1231 919
1231 1046
1237 927
1239 1053
1245 934
1245 1061
1250 1070
1251 942
1256 1078
1258 950
1264 1084
1266 957
1272 1091
1274 964
1277 974
1278 1099
1284 1107
1286 979
1291 988
1293 1112
1297 996
1301 1118
1303 1004
1309 1125
1311 1010
1317 1018
1317 1131
1322 1027
1326 1136
1327 1036
1334 1044
1335 1141
1339 1053
1345 1144
1347 1059
1352 1068
1353 1078
1355 1145
1361 1085
1365 1095
1365 1140
1368 1105
1371 1115
1371 1125
