701 311
701 321
701 331
702 294
703 341
704 282
704 351
705 361
708 371
709 270
710 381
713 391
716 401
717 263
720 411
723 255
724 421
728 431
733 252
733 440
738 449
743 252
743 458
748 467
752 477
753 254
758 485
761 260
764 493
767 503
769 267
773 511
774 276
781 284
781 518
786 293
786 527
791 536
792 301
797 544
799 309
803 319
804 552
809 327
811 560
813 337
817 568
819 345
823 355
823 576
827 365
828 585
835 372
836 592
838 382
840 602
844 390
847 400
849 607
853 408
855 615
860 416
861 623
863 426
868 631
869 434
873 444
876 638
879 452
881 647
884 461
888 655
890 469
896 477
896 661
898 487
902 669
904 495
907 678
911 503
914 686
915 513
920 522
922 693
925 531
928 701
930 540
935 549
936 708
940 558
942 716
948 565
949 724
951 575
956 732
957 583
961 741
962 592
967 601
969 747
973 609
976 755
977 619
985 626
985 760
990 635
992 768
995 644
1000 653
1001 773
1007 661
1009 779
1010 671
1011 789
1017 679
1017 797
1020 689
1021 807
1026 697
1027 815
1031 706
1032 824
1036 715
1040 725
1040 735
1040 831
1041 745
1044 841
1049 850
1051 749
1053 760
1054 770
1056 858
1061 778
1061 867
1065 877
1068 887
1070 783
1075 792
1076 893
1080 801
1081 902
1085 912
1087 809
1092 818
1093 919
1093 929
1097 827
1101 935
1103 835
1106 944
1111 841
1111 953
1115 963
1117 849
1121 971
1123 857
1126 980
1129 990
1130 865
1135 998
1137 873
1137 1008
1142 882
1147 891
1147 1012
1152 1021
1153 899
1159 1029
1161 905
1164 915
1165 1037
1169 1047
1171 923
1175 1055
1177 931
1180 1067
1182 940
1187 1075
1191 945
1196 1080
1197 953
1199 1090
1200 963
1202 1100
1207 971
1211 1105
1212 980
1216 990
1217 1113
1222 1122
1225 995
1228 1005
1228 1130
1232 1140
1235 1013
1239 1023
1239 1148
1244 1032
1245 1156
1250 1040
1251 1164
1256 1048
1256 1173
1260 1058
1264 1179
1265 1067
1268 1189
1271 1075
1274 1197
1279 1081
1280 1205
1281 1091
1285 1214
1287 1099
1293 1107
1293 1221
1295 1231
1299 1115
1302 1239
1305 1123
1307 1248
1309 1133
1313 1256
1314 1142
1319 1264
1320 1150
1324 1273
1326 1158
1331 1281
1332 1167
1336 1290
1338 1175
1341 1185
1344 1297
1347 1193
1348 1307
1355 1199
1356 1313
1360 1212
1362 1321
1365 1221
1368 1329
1373 1230
1374 1337
1377 1240
1378 1347
1382 1249
1387 1258
1388 1350
1389 1268
1398 1273
1398 1347
1403 1282
1406 1339
1410 1290
1416 1298
1416 1336
1418 1308
1422 1327
1424 1316
