328 716
329 756
331 674
334 635
334 765
336 723
338 713
339 753
341 626
341 672
342 771
344 639
346 723
348 713
349 679
349 753
351 626
352 768
354 639
355 671
356 723
358 713
359 754
360 680
361 623
362 772
364 639
365 670
366 724
368 712
369 754
370 681
371 621
372 773
374 639
375 669
376 725
378 713
379 754
380 681
381 621
382 772
384 640
385 668
386 726
388 712
389 754
390 616
390 682
392 776
394 641
395 668
396 727
398 709
399 754
400 615
400 683
402 777
404 641
405 666
406 727
408 710
409 755
410 613
410 684
412 778
414 643
415 666
416 728
418 711
419 757
420 610
420 684
421 783
424 642
425 666
426 732
428 709
429 756
430 610
430 685
431 784
434 640
435 665
436 731
438 709
439 755
440 607
440 686
441 786
444 639
445 663
446 731
448 709
449 755
450 605
450 686
451 788
454 640
455 664
456 732
458 708
459 755
460 604
460 686
461 790
464 640
465 664
466 733
468 708
469 755
470 602
470 686
471 789
474 640
475 662
476 734
478 709
479 754
479 795
480 601
480 687
484 640
485 662
486 733
488 708
489 756
489 795
490 599
490 688
494 643
495 662
496 735
498 709
499 756
499 795
500 597
500 688
504 642
505 661
506 735
507 801
508 709
509 757
510 597
510 689
514 640
515 660
516 735
517 800
518 709
519 757
520 595
520 689
524 640
525 660
526 736
527 800
528 709
529 758
530 595
530 689
534 640
535 660
536 736
537 800
538 708
539 758
540 594
540 688
544 640
545 660
546 737
547 801
548 707
549 757
550 593
550 689
554 640
555 661
556 737
557 804
558 706
559 756
560 593
560 689
564 641
565 660
566 738
567 806
568 706
569 756
570 592
570 690
574 641
575 658
576 739
577 805
578 707
579 756
580 591
580 690
584 641
585 659
586 740
587 805
588 707
589 756
590 591
590 690
594 641
595 658
596 739
597 805
598 706
599 756
600 591
600 691
604 641
605 658
606 739
607 804
608 706
609 756
610 591
610 692
614 640
615 657
616 739
617 803
618 706
619 756
620 593
620 692
623 645
627 805
630 594
637 805
640 595
646 800
650 595
656 798
660 598
666 797
670 600
676 794
680 602
686 791
690 605
696 788
700 607
705 783
710 611
714 778
718 617
724 774
728 620
734 770
736 626
744 769
746 629
752 762
754 635
760 756
764 639
769 750
772 645
779 747
781 650
788 740
790 655
798 736
799 660
806 729
807 666
815 672
816 726
825 675
826 721
835 677
836 720
845 678
846 720
855 679
856 720
865 680
866 722
875 678
876 720
885 679
886 719
895 679
896 719
905 679
906 719
915 678
916 720
925 677
926 720
935 678
936 724
945 677
946 727
955 676
956 725
965 675
966 721
975 674
976 721
985 676
986 722
995 676
996 722
1005 674
1006 724
1015 672
1016 726
1025 676
1026 725
1035 676
1036 724
1045 677
1046 724
1055 678
1056 724
1065 677
1066 725
1075 677
1076 724
1085 677
1086 724
1095 676
1096 727
1105 675
1106 726
1115 676
1116 726
1125 676
1126 727
1135 674
1136 727
1145 675
1146 727
1155 676
1156 727
1165 676
1166 731
1175 675
1176 731
1185 674
1186 729
1195 674
1196 729
1205 673
1206 730
1215 674
1216 731
1225 672
1226 730
1235 673
1236 731
1245 673
1246 732
1255 673
1256 733
1265 672
1266 734
1275 671
1276 735
1285 671
1286 735
1295 672
1296 736
1305 672
1306 737
1315 670
1316 737
1325 670
1326 738
1335 670
1336 738
1345 670
1346 738
1355 670
1356 738
1365 668
1366 739
1375 668
1376 741
1385 669
1386 742
1395 668
1396 742
1405 668
1406 742
1415 668
1416 743
1425 666
1426 743
1435 666
1436 744
1445 666
1446 744
1455 666
1456 744
1465 666
1465 749
1475 663
1475 745
1485 664
1485 745
1495 663
1495 745
1505 664
1505 748
1515 662
1515 749
1525 662
1525 748
1535 662
1535 748
1545 661
1545 748
1555 661
1555 751
1565 660
1565 753
1575 659
1575 752
1585 660
1585 752
1595 660
1595 752
1605 660
1605 754
1615 659
1615 755
1625 660
1625 756
1635 660
1635 757
1645 657
1645 756
1655 659
1655 756
1665 657
1665 756
1675 658
1675 757
1685 658
1685 755
1695 659
1695 752
1701 671
1701 715
1701 742
1702 701
1702 725
1703 681
1704 691
