497 401
500 411
507 403
507 419
513 427
515 410
520 435
526 426
528 443
533 452
536 430
539 460
544 436
545 468
550 444
552 476
554 348
558 450
558 484
560 356
564 492
566 364
566 456
570 500
574 371
574 462
576 508
582 378
582 469
582 516
588 386
588 477
589 524
592 376
594 394
595 444
595 532
596 484
599 454
600 327
600 337
602 401
602 540
603 492
605 441
606 345
607 392
607 460
608 548
610 407
611 498
613 335
614 351
614 446
615 467
616 397
616 415
616 555
619 360
619 504
620 343
620 476
622 405
622 452
623 423
624 562
626 351
626 368
628 483
628 509
629 460
630 570
631 410
631 429
634 374
634 517
635 491
636 350
637 418
637 437
637 466
638 577
642 499
642 523
643 379
644 356
644 389
645 444
645 473
646 423
646 584
648 507
649 531
651 452
652 363
652 395
653 480
654 430
654 590
656 514
658 403
659 529
660 369
660 457
660 488
661 438
662 596
664 467
666 409
668 375
668 494
669 444
671 601
672 417
672 473
676 381
676 500
677 450
679 481
680 424
680 606
684 387
684 458
685 505
687 488
688 430
688 612
692 464
693 392
695 438
697 617
700 470
701 399
701 430
701 446
706 408
707 619
709 453
710 473
714 462
716 411
717 621
721 420
727 622
731 421
737 622
739 428
746 436
747 623
754 442
757 623
762 449
767 622
769 457
777 464
777 623
782 473
787 624
788 481
795 489
797 628
800 498
804 508
805 634
807 518
809 528
810 538
812 548
813 564
813 640
814 574
816 584
819 594
819 648
823 604
825 656
830 612
832 664
838 618
838 672
844 680
846 625
850 688
854 631
856 696
862 704
863 636
868 712
871 642
875 720
879 648
882 728
888 653
890 735
897 658
898 742
904 750
905 664
912 756
914 669
920 763
922 675
927 771
928 683
935 777
936 689
942 785
944 696
949 793
950 704
957 799
958 711
965 805
966 718
972 813
973 726
979 821
981 733
988 741
988 826
995 834
996 747
1003 841
1004 754
1010 762
1011 848
1018 768
1018 856
1026 775
1026 862
1033 870
1034 782
1041 877
1042 789
1049 797
1049 884
1057 804
1057 891
1063 812
1064 899
1071 818
1072 906
1079 825
1079 914
1085 833
1087 920
1093 839
1095 927
1100 847
1102 935
1107 855
1109 943
1116 860
1117 949
1124 867
1125 956
1131 875
1131 964
1139 882
1139 970
1145 890
1146 978
1153 896
1154 984
1160 992
1161 903
1167 911
1168 998
1175 918
1175 1006
1183 924
1183 1012
1190 932
1191 1018
1198 938
1198 1026
1206 945
1206 1033
1213 953
1214 1040
1221 959
1221 1048
1228 967
1229 1054
1235 975
1235 1062
1243 982
1243 1068
1250 1076
1251 989
1258 1082
1259 996
1265 1004
1265 1090
1273 1097
1274 1009
1279 1018
1281 1103
1287 1024
1287 1111
1295 1030
1295 1117
1301 1038
1302 1125
1309 1044
1310 1131
1317 1051
1318 1138
1324 1059
1324 1146
1331 1067
1332 1152
1338 1160
1339 1073
1346 1081
1347 1165
1354 1087
1356 1159
1362 1093
1365 1153
1368 1101
1371 1142
1374 1109
1380 1136
1382 1115
1385 1125
