253 711
254 669
254 751
254 799
259 678
259 719
259 760
262 793
263 709
263 804
264 667
264 749
269 678
269 720
269 761
272 795
273 709
273 806
274 666
274 750
279 679
279 721
279 763
282 795
283 710
283 808
284 666
284 751
289 680
289 723
289 764
292 796
293 711
293 810
294 665
294 752
299 681
299 724
299 766
302 797
303 711
303 812
304 665
304 752
309 683
309 725
309 767
312 798
313 711
313 815
314 665
314 753
319 684
319 726
319 768
322 799
323 712
323 817
324 664
324 754
329 685
329 727
329 769
332 799
333 712
333 819
334 664
334 755
339 686
339 728
339 770
342 800
343 713
343 821
344 664
344 756
349 687
349 729
349 771
352 801
353 713
353 823
354 663
354 756
359 688
359 729
359 773
362 801
363 713
363 825
364 663
364 757
369 689
369 730
369 774
372 802
373 714
373 827
374 663
374 758
379 690
379 732
379 775
382 803
383 714
383 829
384 662
384 758
389 691
389 733
389 776
392 804
393 714
393 830
394 662
394 759
399 691
399 734
399 778
402 804
403 714
403 832
404 662
404 759
409 692
409 735
409 779
412 805
413 715
413 833
414 662
414 760
419 693
419 736
419 780
422 806
423 715
423 835
424 662
424 761
429 694
429 737
429 781
432 806
433 715
433 837
434 662
434 761
439 695
439 738
439 782
442 807
443 716
443 838
444 662
444 761
449 695
449 739
449 783
452 808
453 716
453 840
454 663
454 762
459 696
459 739
459 785
462 808
463 717
463 840
464 663
464 763
469 697
469 740
469 786
472 809
473 718
473 842
474 663
474 764
479 698
479 741
479 787
482 810
483 718
483 843
484 662
484 764
489 698
489 741
489 787
492 810
493 717
493 844
494 661
494 763
499 698
499 742
499 788
502 810
503 717
503 845
504 661
504 763
509 699
509 743
509 789
512 809
513 717
513 846
514 660
514 763
519 699
519 743
519 790
522 810
523 716
523 847
524 660
524 763
529 699
529 744
529 790
532 809
533 716
533 847
534 660
534 762
539 700
539 744
539 791
542 809
543 716
543 848
544 659
544 762
549 700
549 744
549 791
552 809
553 716
553 848
554 659
554 762
559 699
559 745
559 792
562 809
563 716
563 849
564 658
564 762
569 699
569 745
569 792
572 809
573 715
573 849
574 658
574 762
579 699
579 745
579 792
582 809
583 714
583 849
584 657
584 761
589 699
589 745
589 792
592 807
593 713
593 848
594 656
594 760
599 700
599 745
599 792
602 806
603 848
604 656
604 754
613 848
614 653
623 847
624 652
633 846
634 654
643 845
644 654
653 843
654 655
663 841
664 656
673 838
674 657
683 835
684 658
693 831
694 659
703 826
704 663
712 820
713 668
720 814
722 673
728 806
730 679
734 797
738 686
740 788
746 693
746 780
747 735
749 745
751 755
753 772
754 699
757 734
759 748
761 766
762 705
765 740
768 715
769 760
778 711
779 756
788 712
789 753
798 712
799 751
808 711
809 749
818 710
819 747
828 706
829 746
838 703
839 745
848 703
849 745
858 703
859 744
868 704
869 741
878 704
879 741
888 707
889 740
898 707
899 740
908 707
909 739
918 706
919 738
928 705
929 738
938 704
939 738
948 703
949 737
958 704
959 737
968 703
969 736
978 702
979 735
988 702
989 735
998 702
999 734
1008 702
1009 734
1018 701
1019 733
1028 700
1029 733
1038 700
1039 734
1048 700
1049 734
1058 700
1059 734
1068 699
1069 734
1078 698
1079 735
1088 697
1089 734
1098 697
1099 734
1108 696
1109 734
1118 695
1119 735
1128 695
1129 735
1138 694
1139 735
1148 694
1149 735
1158 692
1159 736
1168 691
1169 737
1178 689
1179 737
1188 688
1189 738
1198 687
1199 739
1208 686
1209 740
1218 684
1219 740
1228 682
1229 742
1238 681
1239 743
1248 679
1249 743
1258 678
1259 744
1268 677
1269 745
1278 675
1279 746
1288 674
1289 746
1298 671
1299 747
1308 671
1309 749
1318 669
1319 750
1328 668
1329 751
1338 666
1339 752
1348 665
1349 752
1358 663
1359 753
1368 662
1369 754
1378 661
1379 754
1388 659
1389 754
1398 658
1399 756
1408 656
1409 754
1418 655
1418 759
1427 754
1428 654
1436 759
1438 653
1446 760
1448 652
1456 761
1458 650
1466 761
1468 649
1476 761
1478 648
1486 760
1488 648
1496 761
1498 647
1506 761
1508 646
1516 761
1518 645
1526 761
1528 645
1536 760
1538 645
1546 759
1548 646
1556 757
1558 645
1566 756
1568 646
1576 753
1578 645
1586 751
1588 646
1596 748
1598 646
1606 745
1608 648
1616 742
1618 652
1626 738
1628 655
1635 732
1638 658
1645 729
1648 661
1655 725
1658 664
1663 717
1665 672
1671 710
1673 678
1679 686
1679 703
