610 212
613 222
618 231
623 219
623 240
628 228
628 249
634 236
634 257
639 245
639 266
645 253
645 274
648 284
652 261
655 292
657 270
660 301
663 278
666 309
671 318
672 283
676 327
677 292
681 302
683 335
687 310
688 199
688 344
692 354
693 318
694 207
697 363
699 216
699 326
700 279
702 141
704 206
704 335
705 224
705 288
706 151
706 368
708 378
709 161
710 214
710 275
710 297
711 232
712 341
714 386
715 169
716 151
716 283
716 305
716 351
717 240
719 395
721 177
721 228
722 159
722 291
723 248
724 311
724 404
725 356
728 167
728 257
728 299
728 321
728 366
729 183
729 413
731 193
731 241
734 313
734 329
734 422
735 175
735 374
736 251
736 264
737 201
739 274
739 338
740 321
741 183
741 382
741 430
743 209
746 265
746 282
747 329
747 438
748 218
748 347
749 189
749 388
752 273
752 290
752 447
753 337
753 356
754 198
754 226
754 397
757 456
758 281
758 298
759 364
760 234
761 206
762 403
763 307
763 354
763 464
765 243
765 289
765 372
767 214
767 412
769 299
769 315
769 382
769 472
772 223
772 251
772 359
772 421
774 481
775 323
775 390
776 307
777 260
778 429
778 491
779 333
779 367
781 228
782 398
783 268
784 499
785 312
785 375
786 237
786 341
786 435
787 407
788 323
790 507
791 274
791 350
791 444
793 245
793 284
793 381
795 391
795 414
796 330
797 358
798 452
798 513
799 253
799 292
800 423
801 339
802 399
803 522
804 366
804 460
805 300
806 261
806 431
808 407
808 531
809 375
809 441
809 469
810 344
811 270
811 308
811 354
814 539
815 383
816 279
816 317
816 363
816 413
816 449
817 476
820 423
820 547
822 287
823 325
823 390
823 457
825 368
825 482
826 431
826 555
827 296
828 399
829 333
829 465
832 563
833 375
834 437
834 474
835 344
835 407
837 298
837 417
838 384
839 446
841 352
841 568
843 393
843 425
844 306
846 577
847 360
847 452
848 434
850 314
852 398
853 368
856 322
856 440
856 580
857 451
858 406
859 376
862 330
863 415
865 384
866 583
868 338
870 393
870 423
876 344
876 401
876 587
879 428
881 353
882 409
885 436
886 362
886 589
887 418
893 426
895 367
896 590
901 375
906 384
906 592
914 390
916 594
919 399
926 407
926 595
931 416
936 597
939 422
945 430
946 600
953 437
953 608
958 446
962 613
966 453
966 623
971 462
974 629
977 470
978 548
978 558
980 568
980 637
981 480
981 490
981 531
982 512
982 578
984 500
986 588
987 645
991 597
993 653
997 605
1000 661
1003 613
1006 669
1008 622
1012 677
1016 629
1017 686
1023 637
1025 693
1030 645
1030 702
1036 653
1036 710
1041 719
1042 661
1047 670
1049 726
1054 678
1054 735
1060 686
1060 743
1065 695
1067 751
1072 703
1072 760
1077 769
1078 711
1083 777
1084 719
1089 785
1092 725
1093 795
1097 734
1100 803
1104 742
1106 811
1111 750
1111 820
1117 758
1117 828
1122 837
1125 764
1128 845
1130 773
1133 854
1138 780
1138 863
1144 788
1145 871
1150 880
1151 796
1155 889
1158 804
1161 897
1164 812
1167 905
1172 818
1173 913
1178 826
1178 922
1184 930
1185 834
1187 940
1192 842
1192 949
1198 850
1198 957
1203 966
1204 858
1209 974
1210 866
1215 982
1218 873
1220 991
1225 881
1225 1000
1233 1006
1234 886
1236 1016
1239 895
1244 1022
1245 903
1248 913
1248 1032
1254 1040
1258 917
1261 1048
1265 925
1265 1058
1269 1068
1273 931
1276 1076
1278 940
1279 1086
1285 948
1287 1092
1292 956
1292 1101
1297 1110
1299 964
1302 1119
1303 974
1308 1127
1312 1139
1313 978
1318 987
1318 1147
1321 997
1326 1153
1327 1163
1331 1001
1333 1171
1338 1009
1338 1180
1339 1190
1343 1018
1348 1195
1351 1024
1352 1205
1358 1032
1359 1213
1366 1038
1366 1221
1368 1048
1372 1229
1378 1051
1381 1234
1384 1059
1391 1067
1391 1236
1396 1076
1401 1236
1404 1082
1411 1090
1411 1237
1418 1098
1421 1234
1424 1106
1429 1228
1430 1114
1437 1122
1438 1223
1444 1130
1447 1215
1452 1136
1453 1207
1458 1144
1460 1198
1462 1154
1464 1187
1466 1176
1468 1162
