280 776
281 786
284 796
285 767
289 805
295 763
297 812
305 761
305 818
314 823
315 760
324 827
325 760
333 832
335 760
343 835
345 759
353 839
355 760
363 842
365 760
373 845
375 759
383 847
385 758
393 849
395 760
403 852
405 759
413 853
415 756
423 855
425 757
433 857
435 758
443 858
445 758
453 859
455 757
463 859
465 756
473 858
475 756
483 860
485 756
493 860
495 756
503 860
505 756
513 859
515 756
523 860
525 756
533 860
535 756
543 859
545 756
553 859
555 756
563 859
565 756
573 856
575 757
583 856
585 756
593 856
595 757
603 855
605 757
613 853
615 758
623 852
625 758
633 851
635 759
643 849
645 760
653 849
655 761
663 847
665 762
673 846
675 763
683 845
685 764
693 844
695 766
703 843
705 767
713 842
715 767
723 841
725 770
733 841
735 772
743 840
745 773
753 838
755 774
763 838
765 776
773 837
775 778
783 836
785 782
793 834
795 783
803 832
805 786
813 833
815 786
823 832
825 787
833 832
835 788
843 833
845 789
853 832
855 787
863 834
865 787
873 835
875 785
883 837
885 783
893 838
895 781
903 840
905 780
913 841
915 779
923 841
925 779
933 843
935 779
943 843
945 778
953 843
955 779
963 844
965 779
973 844
975 779
983 844
985 779
993 844
995 779
1003 844
1005 780
1013 844
1015 779
1023 844
1025 780
1033 844
1035 780
1043 844
1045 780
1053 844
1055 780
1063 844
1065 780
1073 845
1075 780
1083 845
1085 780
1093 845
1095 780
1103 845
1105 780
1113 845
1115 780
1123 845
1125 780
1133 845
1135 781
1143 845
1145 781
1153 845
1155 781
1163 846
1165 779
1173 846
1175 781
1183 846
1185 781
1193 846
1195 781
1203 846
1205 782
1213 846
1215 782
1223 846
1225 782
1233 846
1235 782
1243 846
1245 782
1253 846
1255 782
1263 847
1265 782
1273 847
1275 782
1283 847
1285 781
1293 847
1295 782
1303 847
1305 783
1313 847
1315 783
1323 847
1325 782
1333 847
1335 783
1343 847
1345 783
1353 847
1355 783
1363 847
1365 783
1373 847
1375 784
1383 847
1385 784
1393 847
1395 785
1403 847
1405 785
1413 846
1415 786
1423 845
1425 786
1432 836
1433 792
1433 802
1433 812
1433 822
