685 293
685 303
686 313
689 283
689 336
690 323
697 277
697 342
700 352
705 361
707 277
710 370
713 380
717 280
720 388
725 286
725 397
731 405
732 294
736 414
741 299
742 422
748 430
749 305
753 439
757 312
757 449
765 318
765 455
771 463
773 325
774 473
781 332
782 479
786 489
789 338
796 493
798 343
801 502
804 351
807 510
812 357
813 518
819 365
821 525
827 533
828 370
834 541
836 376
842 547
843 384
848 555
851 390
856 562
860 395
861 571
868 401
870 576
874 409
876 584
880 417
885 589
890 421
891 597
896 429
901 601
904 435
911 604
913 440
920 448
920 609
927 456
928 616
935 462
938 619
942 470
947 624
950 476
955 631
958 482
965 634
966 488
973 640
974 494
980 502
982 645
988 509
991 650
994 517
998 658
1001 525
1007 663
1010 530
1015 539
1015 669
1024 544
1024 674
1031 552
1032 680
1037 560
1040 686
1045 567
1046 694
1052 575
1056 697
1060 581
1064 703
1067 589
1074 705
1075 595
1083 602
1084 709
1089 610
1093 714
1097 616
1101 721
1103 624
1108 633
1110 726
1113 642
1115 735
1118 651
1125 659
1125 739
1133 665
1134 744
1136 675
1141 752
1144 682
1147 760
1150 690
1155 766
1156 698
1161 774
1164 704
1169 780
1172 711
1177 787
1180 717
1182 796
1187 805
1188 723
1192 814
1197 728
1200 820
1202 830
1205 735
1211 835
1214 740
1218 843
1222 746
1227 848
1230 752
1235 855
1240 756
1241 863
1248 763
1249 869
1256 769
1258 874
1263 883
1266 772
1270 891
1272 780
1280 787
1280 895
1288 794
1288 901
1296 800
1296 907
1301 916
1304 806
1310 921
1312 813
1317 822
1318 928
1325 828
1326 934
1332 836
1333 942
1339 950
1341 841
1347 849
1349 952
1353 857
1354 961
1362 862
1363 966
1368 870
1370 974
1376 877
1379 979
1384 883
1387 985
1392 890
1392 994
1398 898
1402 998
1406 904
1410 1005
1414 910
1416 1013
1420 918
1424 1019
1428 924
1432 1026
1434 932
1439 1034
1441 940
1448 1039
1449 946
1454 1047
1457 953
1464 1051
1466 958
1468 1061
1471 967
1478 1064
1480 972
1486 980
1486 1070
1492 1078
1494 986
1498 1086
1500 994
1506 1093
1508 1001
1515 1009
1516 1097
1523 1105
1524 1014
1532 1021
1532 1110
1538 1029
1538 1118
1544 1126
1546 1035
1550 1134
1551 1044
1560 1049
1560 1136
1566 1057
1568 1143
1574 1064
1574 1151
1582 1157
1583 1069
1587 1166
1588 1078
1596 1171
1598 1082
1603 1091
1605 1176
1612 1096
1614 1181
1618 1104
1619 1190
1626 1111
1626 1198
1632 1119
1634 1204
1640 1125
1643 1209
1648 1131
1653 1202
1657 1136
1660 1194
1663 1144
1669 1188
1670 1152
1675 1180
1678 1158
1681 1171
