632 355
638 363
643 372
648 362
650 380
652 315
656 325
656 388
657 367
662 396
663 333
663 375
666 322
669 404
671 340
671 382
673 330
676 391
676 412
677 348
680 292
681 337
682 420
683 302
684 397
685 355
688 428
689 310
689 344
690 405
691 363
693 300
695 353
695 436
697 317
698 371
700 409
701 444
702 265
702 361
703 419
704 379
705 311
705 324
707 452
708 273
709 427
710 367
711 332
712 386
713 282
713 318
713 460
717 434
718 272
718 374
718 394
718 469
719 326
719 339
720 290
724 348
725 382
725 402
725 441
726 279
726 298
726 476
727 332
731 390
732 287
732 449
732 484
733 353
733 408
734 304
735 339
738 492
739 361
739 397
739 416
740 455
741 292
741 312
742 347
744 425
744 500
745 369
746 405
748 462
749 298
749 318
749 357
750 508
751 433
753 375
754 411
756 326
756 385
756 469
757 305
757 363
757 516
760 438
761 419
762 477
763 334
763 371
765 312
765 390
765 447
765 522
768 427
769 379
769 485
769 532
771 340
773 319
773 397
773 454
775 435
776 349
776 540
777 385
777 492
779 405
780 327
781 461
782 548
783 441
784 355
784 500
786 390
786 470
787 412
788 333
790 449
790 555
791 363
793 398
793 420
793 505
794 477
795 564
796 339
796 457
797 371
797 515
800 406
800 485
801 427
803 571
804 345
804 464
805 377
805 522
806 436
808 413
808 492
809 579
810 472
811 353
811 385
813 501
813 528
814 442
815 587
816 419
818 479
819 391
820 358
820 536
821 450
821 507
822 427
822 595
824 400
826 459
827 484
828 365
828 515
828 542
829 435
830 494
830 602
833 405
834 465
834 523
836 371
836 548
836 610
837 442
839 413
839 499
841 473
841 619
842 530
842 556
843 450
844 378
845 421
847 506
848 538
848 627
849 479
850 458
850 562
852 385
852 429
853 489
854 546
855 512
856 633
857 466
859 393
859 497
859 555
860 435
860 565
861 520
864 640
866 471
867 399
867 443
868 502
868 528
870 648
873 451
873 479
873 511
875 405
875 536
878 654
881 413
881 458
881 486
881 517
885 539
885 662
887 525
888 466
889 492
890 418
894 501
895 664
896 426
896 473
902 481
902 507
904 433
904 669
909 489
911 441
912 511
914 670
916 497
919 447
924 671
926 455
934 461
934 672
942 468
944 672
948 476
954 673
956 482
963 490
964 674
971 496
974 676
975 506
983 513
984 677
990 521
993 682
998 527
1001 537
1001 688
1004 547
1009 556
1009 694
1014 565
1014 641
1015 581
1015 623
1015 702
1016 612
1017 591
1017 601
1017 651
1022 660
1024 707
1028 668
1030 715
1034 676
1037 723
1041 684
1045 730
1047 692
1051 738
1055 699
1058 746
1063 706
1064 754
1069 714
1071 762
1075 772
1078 719
1084 777
1086 726
1090 785
1091 735
1097 743
1098 791
1104 799
1105 750
1110 807
1111 758
1114 817
1119 764
1123 822
1125 772
1129 830
1133 778
1135 838
1139 786
1142 846
1148 791
1148 854
1153 800
1153 863
1161 806
1161 869
1167 814
1167 877
1174 885
1175 820
1178 895
1181 828
1187 900
1190 833
1191 910
1196 841
1199 917
1204 848
1207 924
1210 856
1213 932
1219 940
1220 860
1224 870
1226 948
1232 876
1232 956
1239 884
1239 964
1244 973
1247 890
1251 981
1256 895
1257 989
1261 904
1263 997
1270 909
1271 1004
1276 917
1276 1013
1282 1021
1283 925
1290 1028
1291 931
1295 1037
1298 939
1300 1046
1306 945
1306 1054
1314 951
1316 1058
1320 959
1321 1067
1323 1077
1328 965
1333 1080
1335 973
1336 1090
1343 1098
1344 978
1350 986
1351 1104
1356 1113
1358 993
1363 1121
1365 1001
1368 1130
1373 1139
1374 1006
1381 1014
1382 1144
1387 1153
1388 1022
1395 1159
1396 1029
1399 1169
1402 1037
1406 1177
1411 1042
1411 1186
1417 1050
1419 1192
1425 1057
1427 1198
1428 1208
1433 1063
1436 1215
1438 1225
1441 1069
1448 1227
1449 1075
1451 1237
1454 1084
1457 1245
1464 1087
1465 1251
1469 1096
1473 1258
1477 1102
1483 1261
1485 1108
1493 1114
1493 1262
1499 1122
1503 1257
1505 1130
1513 1256
1515 1133
1521 1141
1523 1250
1529 1148
1530 1242
1535 1156
1540 1238
1544 1161
1547 1230
1551 1169
1551 1218
1556 1209
1557 1197
1558 1177
1558 1187
