11 1289
11 1299
11 1309
11 1319
11 1329
12 1262
12 1272
12 1339
12 1349
12 1359
13 1369
14 1239
14 1249
14 1379
15 1228
15 1389
16 1218
16 1399
17 1409
18 1204
18 1419
19 1429
20 1192
21 1439
22 1179
22 1449
23 1459
24 1169
25 1469
26 1157
27 1479
28 1144
29 1489
31 1130
31 1499
33 1509
34 1116
36 1098
36 1519
38 1086
39 1529
41 1075
41 1539
44 1065
44 1549
47 1559
48 1053
51 1569
52 1041
54 1579
55 1031
56 1589
59 1020
60 1599
63 1009
63 1609
66 999
66 1619
70 1629
71 988
74 1639
75 978
78 1649
80 969
82 1659
86 959
86 1669
90 1679
92 950
95 1688
99 941
99 1698
104 1707
105 932
109 1716
111 924
113 1726
118 916
118 1735
124 1743
125 908
129 1752
132 900
135 1760
140 892
141 1768
148 885
148 1776
155 1784
156 878
162 1792
164 872
170 1799
172 866
177 1807
180 860
185 1813
189 854
193 1820
198 849
201 1826
207 844
209 1832
216 839
218 1837
226 834
226 1843
236 830
236 1847
245 1852
246 827
254 1857
256 823
264 1861
266 821
274 1865
276 818
284 1869
286 815
294 1872
296 813
304 1875
306 812
314 1877
316 810
324 1880
326 808
334 1881
336 807
344 1883
346 806
354 1884
356 805
364 1885
366 805
374 1886
376 805
384 1886
386 805
394 1885
396 806
404 1885
406 807
414 1884
416 808
424 1882
426 810
434 1881
436 812
444 1878
446 814
454 1876
456 817
464 1874
466 821
474 1872
476 824
484 1868
486 828
494 1864
496 832
504 1861
506 836
514 1857
516 840
524 1852
526 844
534 1847
536 848
543 1842
546 852
552 1837
556 856
562 1832
566 859
572 1827
576 863
581 1822
586 866
590 1817
596 869
600 1812
605 874
610 1807
615 877
619 1802
625 880
628 1797
635 884
637 1792
645 888
646 1787
655 891
655 1782
664 1777
665 895
674 1773
675 899
683 1768
685 903
692 1763
694 908
701 1758
704 910
710 1753
714 914
720 1748
724 916
730 1744
734 919
739 1739
744 921
748 1734
754 922
758 1729
764 924
768 1725
774 924
778 1721
784 924
788 1719
794 924
798 1716
804 924
808 1713
814 923
818 1710
824 923
828 1708
834 922
838 1707
844 920
848 1705
854 918
858 1705
864 916
868 1705
874 912
878 1705
884 909
888 1705
894 905
898 1705
904 901
908 1706
914 896
918 1707
924 892
928 1709
934 888
938 1711
944 884
948 1713
954 880
958 1716
964 877
968 1719
974 873
978 1721
984 870
988 1724
994 867
998 1727
1004 863
1008 1729
1014 861
1018 1731
1024 858
1028 1733
1034 855
1038 1735
1044 852
1048 1737
1054 850
1058 1738
1064 848
1068 1740
1074 845
1078 1742
1084 843
1088 1744
1094 842
1098 1745
1104 840
1108 1747
1114 838
1118 1748
1124 837
1128 1749
1134 835
1138 1751
1144 834
1148 1074
1148 1084
1148 1094
1148 1751
1149 1104
1150 1063
1151 1114
1153 1053
1154 833
1154 1124
1158 1042
1158 1134
1158 1751
1163 1033
1163 1143
1164 832
1168 1752
1169 1025
1169 1151
1173 1481
1173 1491
1174 830
1174 1466
1174 1501
1175 1159
1176 1456
1177 1017
1177 1511
1178 1752
1179 1446
1181 1521
1183 1166
1184 829
1184 1436
1185 1010
1185 1531
1188 1753
1189 1426
1190 1540
1191 1172
1194 828
1194 1004
1195 1416
1197 1548
1198 1753
1199 1178
1202 1408
1203 999
1204 828
1204 1556
1208 1183
1208 1753
1210 1400
1212 1562
1213 994
1214 829
1217 1188
1218 1393
1218 1753
1220 1568
1223 989
1224 830
1227 1191
1227 1387
1228 1753
1229 1573
1233 985
1234 831
1237 1194
1237 1382
1238 1752
1239 1577
1243 981
1244 833
1247 1195
1247 1378
1248 1750
1249 1581
1253 977
1254 836
1257 1195
1257 1374
1258 1749
1259 1585
1263 974
1264 840
1267 1195
1267 1372
1268 1747
1269 1589
1273 970
1274 844
1277 1194
1277 1370
1278 1745
1279 1592
1283 849
1283 968
1287 1194
1287 1370
1288 1742
1289 1595
1292 854
1293 965
1297 1193
1297 1369
1298 1739
1299 1597
1301 859
1303 963
1307 1193
1307 1368
1308 1735
1309 1600
1310 864
1313 961
1317 1193
1317 1367
1318 870
1318 1730
1319 1602
1323 959
1326 876
1327 1192
1327 1367
1328 1725
1329 1603
1333 958
1334 883
1337 1191
1337 1366
1337 1720
1339 1604
1342 890
1343 956
1346 1714
1347 1191
1347 1365
1349 898
1349 1604
1353 952
1354 1708
1356 906
1357 1190
1357 1365
1359 1605
1361 946
1362 914
1362 1701
1366 924
1366 934
1367 1190
1367 1364
1369 1605
1370 1694
1377 1189
1377 1363
1378 1687
1379 1605
1386 1679
1387 1188
1387 1362
1389 1607
1392 1671
1397 1187
1397 1361
1399 1610
1399 1662
1405 1654
1407 1186
1407 1361
1407 1617
1410 1645
1412 1626
1417 1186
1417 1360
1427 1185
1427 1359
1437 1184
1437 1359
1447 1183
1447 1358
1457 1182
1457 1358
1467 1182
1467 1357
1477 1181
1477 1357
1487 1180
1487 1356
1497 1179
1497 1355
1507 1178
1507 1355
1517 1177
1517 1354
1527 1177
1527 1353
1537 1176
1537 1353
1547 1174
1547 1352
1557 1174
1557 1352
1567 1173
1567 1351
1577 1173
1577 1351
1587 1172
1587 1350
1597 1172
1597 1349
1607 1171
1607 1349
1617 1170
1617 1348
1627 1169
1627 1348
1637 1168
1637 1348
1647 1166
1647 1348
1657 1165
1657 1348
1667 1163
1667 1348
1677 1160
1677 1349
1687 1159
1687 1348
1697 1158
1697 1348
1707 1157
1707 1347
1717 1156
1717 1347
1727 1155
1727 1346
1737 1154
1737 1345
1747 1153
1747 1345
1757 1153
1757 1344
1767 1152
1767 1343
1777 1151
1777 1343
1787 1151
1787 1342
1797 1150
1797 1341
1807 1149
1807 1340
1817 1148
1817 1340
1827 1147
1827 1340
1837 1146
1837 1339
1847 1145
1847 1338
1857 1144
1857 1338
1867 1143
1867 1337
1877 1143
1877 1337
1887 1142
1887 1336
1897 1141
1897 1335
1907 1140
1907 1335
1917 1139
1917 1334
1927 1138
1927 1334
1937 1138
1937 1333
1947 1137
1947 1333
1957 1136
1957 1332
1967 1135
1967 1331
1977 1134
1977 1331
1987 1133
1987 1330
1997 1133
1997 1329
2007 1132
2007 1329
2017 1131
2017 1328
2027 1130
2027 1328
2037 1129
2037 1327
2047 1128
2047 1326
2057 1127
2057 1326
2067 1126
2067 1325
2077 1125
2077 1325
2087 1124
2087 1324
2097 1123
2097 1324
2107 1122
2107 1323
2117 1122
2117 1322
2127 1121
2127 1322
2137 1120
2137 1321
2147 1119
2147 1320
2157 1118
2157 1320
2167 1117
2167 1319
2177 1116
2177 1319
2187 1115
2187 1318
2197 1114
2197 1317
2207 1114
2207 1317
2217 1113
2217 1316
2227 1112
2227 1316
2237 1111
2237 1315
2247 1111
2247 1315
2257 1110
2257 1314
2267 1109
2267 1313
2277 1108
2277 1313
2287 1107
2287 1313
2297 1106
2297 1312
2307 1105
2307 1312
2317 1104
2317 1311
2327 1104
2327 1311
2337 1103
2337 1310
2347 1101
2347 1310
2357 1101
2357 1309
2367 1100
2367 1308
2377 1099
2377 1308
2387 1098
2387 1307
2397 1097
2397 1307
2407 1096
2407 1306
2417 1095
2417 1305
2427 1095
2427 1305
2437 1094
2437 1304
2447 1093
2447 1303
2457 1092
2457 1302
2467 1091
2467 1301
2477 1090
2477 1300
2487 1090
2487 1300
2497 1089
2497 1299
2507 1088
2507 1299
2517 1087
2517 1298
2527 1086
2527 1298
2537 1086
2537 1297
2547 1085
2547 1296
2557 1084
2557 1296
2567 1083
2567 1295
2577 1082
2577 1294
2587 1082
2587 1294
2597 1080
2597 1293
2607 1079
2607 1293
2617 1079
2617 1292
2627 1078
2627 1291
2637 1077
2637 1291
2647 1076
2647 1290
2657 1076
2657 1289
2667 1075
2667 1289
2677 1075
2677 1289
2687 1074
2687 1288
2697 1074
2697 1287
2707 1073
2707 1286
2717 1072
2717 1286
2727 1071
2727 1286
2737 1070
2737 1286
2747 1069
2747 1285
2757 1068
2757 1284
2767 1067
2767 1283
2777 1067
2777 1283
2787 1066
2787 1282
2797 1064
2797 1282
2807 1063
2807 1281
2817 1063
2817 1281
2827 1061
2827 1281
2837 1061
2837 1280
2847 1060
2847 1279
2857 1059
2857 1278
2867 1058
2867 1277
2877 1057
2877 1277
2887 1056
2887 1276
2897 1056
2897 1276
2907 1055
2907 1275
2917 1054
2917 1275
2927 1053
2927 1274
2937 1053
2937 1273
2947 1052
2947 1272
2957 1051
2957 1271
2967 1050
2967 1270
2977 1049
2977 1269
2987 1047
2987 1268
2997 1046
2997 1267
3007 1045
3007 1267
3017 1044
3017 1267
3027 1043
3027 1266
3037 1042
3037 1265
3047 1041
3047 1265
3057 1040
3057 1264
3067 1039
3067 1264
3077 1039
3077 1263
3087 1039
3087 1263
3097 1039
3097 1262
3107 1038
3107 1261
3117 1037
3117 1261
3127 1037
3127 1260
3137 1036
3137 1259
3147 1036
3147 1257
3157 1034
3157 1257
3167 1032
3167 1257
3177 1030
3177 1257
3187 1028
3187 1257
3197 1026
3197 1257
3207 1024
3207 1256
3217 1023
3217 1256
3227 1021
3227 1255
3237 1020
3237 1255
3247 1018
3247 1254
3257 1017
3257 1254
3267 1015
3267 1253
3277 1013
3277 1253
3287 1011
3287 1252
3297 1007
3297 1252
3306 1002
3307 1252
3315 997
3317 1253
3324 991
3327 1254
3332 984
3337 1257
3340 977
3347 1260
3348 970
3357 965
3357 1264
3366 1269
3367 960
3376 1272
3377 959
3385 1277
3387 959
3395 1281
3397 960
3403 1287
3407 962
3411 1293
3417 962
3419 1299
3427 963
3427 1306
3433 1314
3437 964
3441 1320
3447 966
3447 1328
3455 1334
3457 968
3464 1339
3467 970
3474 1340
3477 972
3484 1342
3487 974
3494 1342
3497 976
3504 1342
3507 978
3514 1341
3517 980
3524 1341
3527 983
3534 1340
3537 985
3544 1340
3547 988
3554 1339
3557 990
3564 1338
3567 993
3574 1338
3577 995
3584 1337
3587 997
3594 1336
3597 999
3604 1335
3607 1002
3614 1335
3617 1004
3624 1335
3627 1007
3634 1334
3637 1009
3644 1334
3647 1011
3654 1333
3657 1014
3664 1333
3667 1016
3674 1333
3677 1018
3684 1332
3687 1019
3694 1332
3697 1022
3704 1332
3707 1024
3714 1331
3717 1027
3724 1331
3727 1029
3734 1330
3737 1031
3744 1330
3747 1034
3754 1329
3757 1036
3764 1329
3767 1038
3774 1329
3777 1040
3784 1328
3787 1043
3794 1328
3797 1045
3804 1327
3807 1047
3814 1327
3817 1049
3824 1327
3827 1051
3834 1326
3837 1053
3844 1326
3847 1056
3854 1326
3857 1058
3864 1325
3867 1060
3874 1325
3877 1061
3884 1324
3887 1063
3894 1323
3897 1066
3903 1189
3903 1199
3903 1209
3904 1323
3906 1219
3907 1067
3910 1181
3913 1227
3914 1170
3914 1322
3917 1069
3922 1162
3922 1232
3924 1321
3927 1071
3931 1237
3932 1157
3934 1321
3937 1073
3940 1242
3942 1156
3944 1320
3947 1075
3950 1243
3952 1156
3954 1320
3957 1078
3960 1242
3962 1157
3964 1318
3967 1080
3970 1242
3972 1157
3974 1317
3977 1083
3980 1237
3982 1157
3984 1317
3987 1086
3989 1231
3992 1155
3994 1318
3997 1088
3997 1225
4002 1154
4004 1317
4007 1092
4007 1221
4012 1153
4013 1311
4017 1096
4017 1220
4022 1152
4022 1306
4027 1100
4027 1219
4031 1301
4032 1152
4035 1106
4037 1219
4039 1295
4042 1152
4043 1112
4047 1218
4047 1288
4051 1119
4052 1151
4055 1280
4057 1218
4058 1127
4062 1151
4062 1272
4064 1135
4067 1218
4068 1264
4070 1145
4073 1254
4077 1219
4078 1244
4082 1232
