1 1225
1 1235
1 1245
1 1255
1 1265
1 1275
1 1285
1 1295
1 1305
1 1315
2 1325
3 1204
3 1214
3 1335
4 1188
4 1345
5 1178
5 1355
6 1167
6 1365
6 1375
8 1153
8 1385
9 1395
10 1140
11 1405
12 1127
13 1415
14 1115
14 1425
16 1105
16 1435
18 1094
18 1445
21 1080
21 1455
23 1465
24 1070
25 1475
27 1057
27 1485
29 1495
30 1045
32 1505
33 1033
34 1515
36 1022
37 1525
39 1011
40 1535
42 1001
43 1545
46 990
46 1555
50 979
50 1565
52 967
53 1575
54 957
56 1585
58 947
60 1595
62 936
64 1605
67 924
68 1615
72 912
72 1625
77 901
77 1634
81 1644
82 890
86 1653
87 880
92 869
92 1661
97 860
97 1670
102 850
103 1678
108 842
109 1686
114 833
115 1694
120 825
121 1702
127 817
128 1710
134 808
136 1717
141 800
143 1725
149 792
151 1731
157 784
159 1738
165 776
167 1744
173 769
175 1750
181 763
183 1756
189 757
192 1761
198 751
201 1766
207 745
210 1771
216 740
219 1776
225 734
229 1780
234 729
238 1785
244 725
248 1788
253 720
258 1791
263 716
268 1795
273 713
278 1797
283 709
288 1800
293 707
298 1802
303 704
308 1804
313 702
318 1805
323 700
328 1806
333 699
338 1807
343 696
348 1808
353 695
358 1808
363 695
368 1807
373 694
378 1806
383 693
388 1805
393 692
398 1803
403 692
408 1802
413 693
418 1800
423 694
428 1799
433 695
438 1796
443 696
448 1792
453 697
458 1789
463 699
468 1787
473 702
478 1782
483 704
488 1778
493 707
498 1774
503 711
508 1769
513 715
518 1765
523 719
528 1760
532 724
538 1756
541 729
548 1751
551 733
558 1747
561 737
568 1742
570 742
578 1738
580 746
588 1734
589 751
597 1729
599 755
607 1724
608 760
617 1720
618 763
626 1715
627 768
636 1711
637 772
646 1707
647 776
656 1702
657 780
666 785
666 1698
676 789
676 1693
686 793
686 1689
695 798
696 1685
705 802
706 1680
714 807
716 1675
724 811
726 1671
733 816
736 1667
743 820
746 1664
752 825
756 1661
762 828
766 1659
772 831
776 1657
782 833
786 1655
792 836
796 1654
802 838
806 1653
812 840
816 1652
822 841
826 1652
832 842
836 1651
842 842
846 1651
852 842
856 1652
862 842
866 1653
872 842
876 1654
882 842
886 1655
892 841
896 1657
902 840
906 1659
912 838
916 1661
922 835
926 1664
932 833
936 1667
942 830
946 1671
952 827
956 1675
962 823
966 1679
972 820
976 1682
982 816
986 1685
992 813
996 1688
1002 810
1006 1691
1012 807
1016 1694
1022 805
1026 1697
1032 802
1036 1700
1042 799
1046 1702
1052 797
1056 1704
1062 794
1066 1707
1072 792
1076 1710
1082 790
1086 1712
1092 789
1096 1714
1102 787
1106 1716
1112 785
1116 1718
1122 784
1126 1719
1132 782
1136 1721
1142 781
1146 1722
1152 780
1156 1723
1162 779
1166 1724
1172 777
1176 1725
1181 1440
1181 1450
1182 776
1182 1430
1182 1460
1184 1470
1185 1419
1186 1480
1186 1726
1187 1034
1187 1044
1188 1024
1188 1054
1189 1064
1189 1408
1190 1014
1190 1490
1191 1074
1192 776
1194 1002
1194 1084
1194 1399
1194 1500
1196 1727
1199 1093
1199 1390
1199 1509
1200 992
1202 775
1204 1102
1205 1381
1205 1517
1206 983
1206 1728
1210 1110
1211 1373
1212 774
1212 1525
1213 975
1216 1729
1217 1118
1219 1365
1220 1532
1221 968
1222 774
1225 1125
1226 1728
1227 1358
1228 1538
1229 961
1232 774
1233 1131
1236 1352
1236 1728
1237 1543
1238 956
1241 1137
1242 772
1246 1347
1246 1548
1246 1727
1247 950
1250 1142
1252 772
1255 1553
1256 1343
1256 1725
1257 946
1259 1147
1262 773
1265 1557
1266 1340
1266 1724
1267 942
1269 1150
1272 774
1275 1561
1276 1337
1276 1722
1277 938
1279 1152
1282 776
1285 1564
1286 1335
1286 1720
1287 934
1289 1153
1292 778
1295 1568
1296 1335
1296 1717
1297 931
1299 1153
1302 780
1305 1571
1306 1335
1306 1714
1307 927
1309 1153
1312 784
1315 1575
1316 1334
1316 1710
1317 925
1319 1153
1322 788
1325 1577
1326 1334
1326 1706
1327 922
1329 1153
1332 792
1335 1579
1335 1701
1336 1334
1337 921
1339 1153
1341 797
1344 1696
1345 1581
1346 1333
1347 919
1349 803
1349 1153
1353 1691
1355 1583
1356 1333
1357 809
1357 917
1359 1153
1361 1685
1365 815
1365 1584
1366 1333
1367 916
1369 1153
1370 1679
1374 820
1375 1585
1376 1333
1377 915
1378 1673
1379 1153
1382 827
1385 1586
1386 1332
1386 1666
1387 915
1389 1153
1390 834
1394 1658
1395 1587
1396 842
1396 1332
1397 914
1399 1153
1402 1650
1403 850
1405 1590
1406 1331
1407 911
1409 1152
1409 1642
1410 858
1413 1596
1415 1634
1416 866
1416 906
1416 1331
1419 1152
1419 1604
1420 1620
1422 874
1423 898
1425 884
1426 1331
1429 1151
1436 1330
1439 1151
1446 1330
1449 1150
1456 1329
1459 1150
1466 1329
1469 1149
1476 1329
1479 1149
1486 1329
1489 1148
1496 1329
1499 1147
1506 1328
1509 1147
1516 1328
1519 1147
1526 1328
1529 1146
1536 1327
1539 1146
1546 1327
1549 1145
1556 1327
1559 1145
1566 1327
1569 1144
1576 1326
1579 1143
1586 1326
1589 1142
1596 1325
1599 1141
1606 1325
1609 1141
1616 1325
1619 1141
1626 1325
1629 1141
1636 1325
1639 1140
1646 1324
1649 1140
1656 1324
1659 1139
1666 1324
1669 1139
1676 1324
1679 1138
1686 1324
1689 1137
1696 1324
1699 1136
1706 1325
1709 1135
1716 1326
1719 1133
1726 1326
1729 1130
1736 1326
1739 1129
1746 1326
1749 1129
1756 1326
1759 1128
1766 1325
1769 1127
1776 1325
1779 1127
1786 1325
1789 1126
1796 1324
1799 1126
1806 1324
1809 1125
1816 1324
1819 1125
1826 1324
1829 1124
1836 1323
1839 1124
1846 1322
1849 1123
1856 1322
1859 1123
1866 1322
1869 1122
1876 1322
1879 1122
1886 1322
1889 1121
1896 1321
1899 1121
1906 1321
1909 1120
1916 1321
1919 1119
1926 1320
1929 1118
1936 1320
1939 1118
1946 1320
1949 1117
1956 1320
1959 1117
1966 1319
1969 1116
1976 1319
1979 1116
1986 1318
1989 1115
1996 1318
1999 1114
2006 1318
2009 1114
2016 1318
2019 1113
2026 1318
2029 1113
2036 1318
2039 1112
2046 1317
2049 1111
2056 1317
2059 1111
2066 1316
2069 1110
2076 1316
2079 1110
2086 1316
2089 1109
2096 1315
2099 1108
2106 1315
2109 1108
2116 1315
2119 1107
2126 1315
2129 1106
2136 1314
2139 1106
2146 1314
2149 1105
2156 1314
2159 1105
2166 1313
2169 1104
2176 1313
2179 1103
2186 1313
2189 1103
2196 1312
2199 1102
2206 1312
2209 1101
2216 1312
2219 1101
2226 1312
2229 1100
2236 1311
2239 1099
2246 1311
2249 1099
2256 1311
2259 1099
2266 1311
2269 1098
2276 1310
2279 1097
2286 1310
2289 1097
2296 1310
2299 1096
2306 1310
2309 1096
2316 1309
2319 1095
2326 1309
2329 1095
2336 1309
2339 1095
2346 1309
2349 1094
2356 1309
2359 1093
2366 1309
2369 1093
2376 1308
2379 1092
2386 1308
2389 1091
2396 1308
2399 1091
2406 1308
2409 1090
2416 1308
2419 1090
2426 1307
2429 1089
2436 1307
2439 1088
2446 1307
2449 1087
2456 1307
2459 1087
2466 1307
2469 1086
2476 1306
2479 1086
2486 1306
2489 1085
2496 1305
2499 1085
2506 1305
2509 1084
2516 1305
2519 1083
2526 1304
2529 1083
2536 1304
2539 1083
2546 1303
2549 1082
2556 1302
2559 1081
2566 1302
2569 1081
2576 1302
2579 1080
2586 1301
2589 1080
2596 1301
2599 1079
2606 1301
2609 1079
2616 1301
2619 1078
2626 1301
2629 1078
2636 1300
2639 1077
2646 1300
2649 1077
2656 1300
2659 1076
2666 1300
2669 1075
2676 1299
2679 1075
2686 1299
2689 1074
2696 1299
2699 1074
2706 1298
2709 1073
2716 1298
2719 1073
2726 1298
2729 1072
2736 1297
2739 1071
2746 1297
2749 1071
2756 1297
2759 1071
2766 1297
2769 1070
2776 1297
2779 1070
2786 1297
2789 1070
2796 1296
2799 1070
2806 1295
2809 1069
2816 1295
2819 1069
2826 1296
2829 1068
2836 1296
2839 1068
2846 1295
2849 1067
2856 1294
2859 1066
2866 1294
2869 1065
2876 1294
2879 1065
2886 1294
2889 1064
2896 1294
2899 1063
2906 1294
2909 1063
2916 1294
2919 1062
2926 1294
2929 1061
2936 1293
2939 1061
2946 1293
2949 1060
2956 1293
2959 1059
2966 1293
2969 1059
2976 1292
2979 1059
2986 1292
2989 1058
2996 1291
2999 1057
3006 1291
3009 1057
3016 1291
3019 1056
3026 1291
3029 1056
3036 1290
3039 1055
3046 1289
3049 1055
3056 1289
3059 1054
3066 1288
3069 1053
3076 1287
3079 1053
3086 1287
3089 1052
3096 1286
3099 1052
3106 1285
3109 1051
3116 1285
3119 1051
3126 1285
3129 1050
3136 1285
3139 1049
3146 1285
3149 1049
3156 1284
3159 1048
3166 1284
3169 1047
3176 1284
3179 1047
3186 1284
3189 1046
3196 1284
3199 1046
3206 1284
3209 1046
3216 1283
3219 1046
3226 1283
3229 1045
3236 1283
3239 1045
3246 1282
3249 1044
3256 1282
3259 1044
3266 1281
3269 1044
3276 1280
3279 1043
3286 1279
3289 1043
3296 1279
3299 1041
3306 1280
3309 1040
3316 1281
3319 1039
3326 1280
3329 1037
3336 1280
3339 1036
3346 1280
3349 1034
3356 1280
3359 1033
3366 1280
3369 1031
3376 1280
3379 1030
3386 1280
3389 1029
3396 1280
3399 1028
3406 1280
3409 1027
3416 1279
3419 1026
3426 1279
3429 1024
3436 1278
3439 1021
3446 1279
3449 1018
3456 1280
3459 1013
3466 1282
3468 1008
3476 1284
3477 1003
3485 997
3486 1288
3493 991
3496 1291
3501 984
3506 1294
3509 978
3515 1299
3518 973
3524 1304
3528 971
3534 1308
3538 970
3543 1313
3548 971
3551 1319
3558 972
3560 1324
3567 1332
3568 974
3575 1339
3578 975
3582 1347
3588 977
3589 1355
3597 1362
3598 978
3605 1369
3608 980
3613 1376
3618 982
3623 1379
3628 984
3633 1381
3638 986
3643 1382
3648 989
3653 1382
3658 991
3663 1382
3668 993
3673 1382
3678 996
3683 1382
3688 998
3693 1382
3698 1001
3703 1381
3708 1004
3713 1381
3718 1006
3723 1381
3728 1009
3733 1380
3738 1012
3743 1380
3748 1014
3753 1380
3758 1017
3763 1379
3768 1019
3773 1379
3778 1022
3783 1379
3788 1025
3793 1379
3798 1027
3803 1379
3808 1029
3813 1379
3818 1032
3823 1379
3828 1035
3833 1379
3838 1037
3843 1379
3848 1040
3853 1378
3858 1042
3863 1378
3868 1044
3873 1378
3878 1047
3883 1378
3888 1049
3893 1378
3898 1052
3903 1378
3908 1054
3913 1378
3918 1057
3923 1378
3928 1060
3933 1378
3938 1063
3943 1378
3948 1065
3953 1378
3958 1067
3963 1378
3968 1070
3973 1377
3978 1073
3983 1377
3988 1075
3993 1377
3998 1078
4003 1377
4008 1080
4013 1378
4018 1083
4023 1378
4028 1085
4033 1378
4038 1087
4043 1378
4048 1089
4053 1377
4058 1092
4063 1376
4068 1094
4073 1376
4078 1096
4083 1376
4088 1099
4093 1376
4095 1230
4095 1240
4095 1250
4096 1260
4098 1101
4100 1221
4101 1269
4103 1375
4107 1213
4107 1277
4108 1103
4113 1375
4115 1283
4116 1208
4118 1106
4123 1289
4123 1374
4124 1202
4126 1112
4126 1122
4126 1132
4126 1142
4126 1152
4126 1162
4126 1172
4126 1182
4126 1192
4126 1299
4126 1309
4126 1319
4126 1329
4126 1339
4126 1349
4126 1359
