297 744
297 754
301 764
302 774
302 784
303 736
304 794
307 804
309 814
311 824
312 731
314 834
322 728
324 834
332 724
334 834
342 720
344 834
352 719
354 833
361 724
364 833
369 731
374 832
379 733
384 830
389 733
394 829
399 730
404 829
409 727
414 827
419 725
424 825
429 721
434 824
439 719
444 824
449 714
453 819
459 710
463 820
469 707
473 817
479 705
483 816
489 702
492 811
499 698
502 807
509 698
512 804
519 694
522 800
529 694
532 797
537 688
542 796
547 688
552 795
557 684
562 792
567 682
572 791
577 680
581 786
587 679
591 783
597 678
601 782
607 677
611 781
617 676
621 779
627 676
630 774
637 675
640 770
647 676
650 768
657 674
660 767
667 674
670 764
677 675
680 764
687 674
690 763
697 676
700 760
707 676
710 757
717 673
720 755
727 672
730 752
737 673
740 749
747 671
750 747
757 670
760 745
767 668
770 743
776 663
780 741
785 657
790 739
791 649
799 633
799 643
800 739
802 620
810 614
810 737
820 611
820 736
830 609
830 734
840 607
840 735
850 608
850 736
855 617
858 627
860 734
861 639
868 624
870 734
878 622
878 728
884 720
888 619
894 720
898 618
904 719
908 617
914 717
918 620
924 715
928 620
934 713
938 615
944 712
948 615
954 710
958 614
964 708
968 612
974 707
978 613
984 705
988 609
994 703
998 608
1004 702
1008 609
1014 700
1018 606
1024 698
1028 606
1034 697
1038 605
1044 695
1048 602
1054 693
1058 603
1064 691
1068 600
1074 690
1078 599
1084 688
1088 600
1094 687
1098 597
1104 685
1108 597
1114 683
1118 597
1124 682
1128 594
1134 680
1138 595
1144 676
1148 594
1154 671
1158 593
1164 666
1168 594
1174 662
1178 593
1183 657
1188 594
1193 652
1198 595
1203 647
1208 594
1213 642
1218 597
1223 638
1228 596
1232 633
1238 596
1242 628
1248 598
1252 623
1258 599
1262 618
1268 602
1272 613
