287 768
288 754
288 778
292 742
293 787
298 733
298 796
304 725
304 804
312 810
313 719
322 814
323 715
332 817
333 711
342 819
343 709
352 819
353 706
362 819
363 704
372 820
373 702
381 757
381 767
382 821
383 701
383 777
384 747
392 820
393 699
393 774
394 746
401 754
401 764
402 819
403 697
412 820
413 696
422 820
423 694
432 820
433 693
442 817
443 692
452 817
453 690
462 815
463 689
472 815
473 688
482 815
483 687
492 816
493 686
502 815
503 684
512 815
513 683
522 815
523 681
532 814
533 680
542 813
543 679
552 812
553 677
562 812
563 676
572 812
573 675
582 812
583 673
592 810
593 673
602 807
603 671
612 805
613 670
622 806
623 669
632 805
633 668
642 805
643 666
652 805
653 666
662 806
663 663
672 803
673 663
682 804
683 662
692 802
693 661
702 804
703 660
712 801
713 659
722 799
723 659
732 797
733 657
742 796
743 657
752 797
753 657
762 799
763 656
772 798
773 656
781 793
783 656
791 791
793 655
801 788
803 655
811 786
813 655
821 784
823 655
831 784
833 656
841 782
843 656
850 777
853 656
860 774
863 658
870 772
873 661
879 669
879 767
886 759
887 749
889 672
896 744
899 672
906 741
909 673
916 739
919 673
926 738
929 673
934 732
939 677
944 729
945 685
949 720
950 676
953 701
955 728
958 669
959 709
962 694
964 661
965 732
968 685
969 713
970 653
971 740
976 645
976 678
977 719
979 746
983 637
983 669
985 725
987 753
989 628
990 661
993 732
995 620
995 760
996 653
1001 612
1001 739
1002 768
1004 642
1007 603
1009 746
1010 633
1010 774
1013 595
1017 753
1017 782
1018 626
1019 586
1023 617
1024 761
1025 578
1025 789
1029 608
1031 570
1031 769
1033 796
1035 600
1037 562
1039 776
1040 804
1041 592
1043 554
1046 784
1047 583
1048 810
1049 546
1054 790
1054 818
1055 538
1055 574
1061 798
1062 530
1062 824
1063 564
1069 522
1069 804
1070 831
1071 555
1076 514
1076 812
1077 547
1077 839
1083 538
1084 506
1084 819
1086 844
1090 498
1091 529
1092 825
1094 851
1098 491
1098 521
1100 832
1102 858
1105 513
1106 483
1108 838
1111 863
1113 506
1114 477
1115 846
1119 869
1120 497
1122 469
1123 852
1126 877
1128 491
1131 463
1132 857
1134 883
1136 483
1140 458
1141 862
1142 889
1145 478
1148 452
1149 868
1152 893
1153 472
1157 447
1157 874
1160 899
1163 467
1166 879
1167 443
1169 904
1173 463
1175 884
1177 440
1179 908
1183 459
1184 889
1186 435
1189 912
1193 455
1194 892
1196 433
1199 915
1203 452
1204 895
1206 429
1209 919
1213 449
1214 898
1216 426
1219 920
1223 446
1224 900
1226 422
1229 922
1233 443
1234 901
1236 421
1239 923
1243 440
1244 903
1246 417
1249 925
1253 438
1254 904
1256 415
1259 927
1263 436
1264 906
1266 413
1269 927
1273 434
1274 906
1276 411
1279 927
1283 433
1284 907
1286 410
1289 929
1293 432
1294 908
1296 409
1299 931
1303 430
1304 908
1306 408
1309 929
1313 430
1314 908
1316 407
1319 929
1323 429
1324 908
1326 406
1329 929
1333 428
1334 908
1336 406
1339 930
1343 427
1344 907
1346 404
1349 929
1353 426
1354 906
1356 404
1359 927
1363 425
1364 905
1366 403
1369 926
1373 424
1374 903
1376 401
1379 925
1383 423
1384 903
1386 401
1389 926
1393 422
1394 901
1396 401
1399 925
1403 421
1404 900
1406 400
1409 924
1413 420
1414 899
1416 398
1419 923
1423 419
1424 898
1426 396
1429 921
1433 418
1434 898
1436 397
1439 920
1443 417
1444 897
1446 395
1449 918
1453 416
1454 896
1456 395
1459 918
1463 415
1464 895
1466 393
1469 918
1473 414
1474 894
1476 391
1479 917
1483 413
1484 893
1486 391
1489 915
1493 412
1494 892
1496 390
1499 915
1503 411
1504 892
1506 389
1509 914
1513 410
1514 891
1516 388
1519 912
1523 409
1524 890
1526 387
1529 910
1533 408
1534 888
1536 386
1539 911
1543 407
1544 887
1546 385
1549 910
1553 406
1554 888
1556 384
1559 907
1563 405
1564 885
1566 383
1569 906
1573 404
1574 886
1576 381
1579 905
1583 403
1584 883
1586 381
1589 904
1593 401
1594 883
1596 380
1599 906
1603 402
1604 882
1606 378
1609 905
1613 403
1614 882
1616 376
1619 902
1623 406
1624 883
1626 372
1629 903
1633 403
1634 881
1636 370
1639 900
1642 362
1643 405
1644 880
1646 372
1646 437
1647 382
1647 415
1647 425
1648 447
1649 901
1650 457
1651 392
1653 402
1654 467
1654 878
1657 477
1657 487
1658 411
1658 497
1659 507
1659 901
1660 421
1660 517
1661 431
1663 441
1663 527
1664 451
1664 461
1664 537
1664 547
1664 877
1665 557
1666 471
1667 567
1668 481
1669 898
1670 491
1670 577
1670 587
1671 501
1671 597
1671 619
1672 511
1672 607
1673 521
1674 531
1674 873
1675 541
1676 641
1677 551
1677 627
1678 561
1678 571
1678 653
1678 665
1679 900
1680 581
1680 675
1680 685
1680 695
1682 591
1683 601
1684 611
1684 785
1684 870
1685 621
1685 633
1686 703
1687 643
1687 713
1688 661
1688 723
1688 733
1688 743
1688 753
1688 795
1689 763
1689 773
1689 899
1690 671
1691 683
1693 693
1694 803
1694 813
1694 874
1695 884
1696 823
1696 835
1697 728
1698 738
1698 845
1699 748
1699 862
1700 758
1702 768
1702 778
1702 788
1703 808
1704 798
1704 872
1705 818
1706 833
1706 851
