1 176
3 186
8 168
11 192
18 164
21 195
28 163
31 196
38 162
41 196
48 162
51 196
58 162
61 197
68 162
71 197
78 162
81 198
88 162
91 199
98 162
101 200
108 163
111 201
118 163
121 203
128 163
131 204
138 163
141 204
148 163
151 204
158 163
161 203
168 162
171 199
173 189
178 161
183 186
188 160
193 190
198 159
203 189
208 158
213 188
215 208
218 156
218 197
218 218
228 154
228 222
238 152
238 226
247 231
248 149
257 235
258 146
267 239
268 142
277 243
278 138
287 247
288 133
296 252
298 129
305 257
308 125
315 259
318 121
325 263
328 118
335 267
338 115
345 268
348 112
355 268
358 109
365 267
368 107
375 266
378 106
385 266
388 106
395 264
398 106
405 263
408 106
415 262
418 107
425 259
428 109
435 256
438 112
445 251
448 116
455 246
457 121
464 241
466 126
472 234
474 132
480 227
482 138
487 218
488 146
493 209
494 154
497 199
498 164
498 174
498 184
