310 693
310 703
310 713
311 672
311 682
312 660
312 723
314 636
314 648
314 733
314 743
316 753
318 625
319 763
319 773
324 782
326 617
329 791
331 607
333 801
336 598
338 810
341 586
342 820
346 577
347 829
352 838
353 569
357 847
360 561
362 856
367 552
368 864
373 544
373 873
379 881
381 537
385 889
389 531
391 897
397 524
399 904
405 517
405 912
412 920
413 510
420 926
422 504
427 934
432 500
435 941
441 949
442 495
449 956
451 490
457 962
460 485
465 969
469 480
473 976
478 474
481 983
487 469
489 989
497 464
497 996
505 1003
507 462
513 1009
517 457
522 1014
527 453
530 1020
537 449
538 1026
546 1032
547 447
555 1037
557 444
563 1043
567 441
572 1048
577 439
581 1053
587 436
591 1057
597 432
600 1062
607 430
609 1067
617 428
618 1072
626 1078
627 427
636 1082
637 426
646 1086
647 425
655 1091
657 423
665 1095
667 422
674 1100
677 421
684 1103
687 419
693 1108
697 419
703 1112
707 419
713 1115
717 418
723 1116
727 416
733 1120
737 415
742 1125
747 415
752 1129
757 414
762 1131
767 415
772 1134
777 415
782 1137
787 414
792 1140
797 416
802 1144
807 417
812 1146
817 418
822 1147
827 419
832 1150
837 420
842 1153
847 421
852 1155
857 422
862 1157
867 423
872 1159
877 425
882 1160
887 426
892 1161
897 428
902 1162
907 429
912 1164
917 431
922 1167
927 434
932 1169
937 435
942 1169
947 436
952 1171
957 438
962 1172
967 440
972 1171
977 442
982 1171
987 446
992 1171
997 449
1002 1171
1007 452
1012 1171
1017 456
1022 1171
1027 459
1032 1170
1037 462
1042 1170
1047 464
1052 1169
1057 467
1062 1168
1067 471
1072 1167
1077 475
1082 1167
1087 479
1092 1165
1097 482
1102 1164
1107 484
1112 1162
1116 489
1122 1160
1125 494
1132 1158
1135 498
1142 1156
1145 501
1152 1155
1154 506
1162 1152
1163 511
1172 516
1172 1149
1182 520
1182 1146
1191 525
1192 1143
1199 531
1202 1139
1207 537
1212 1136
1215 543
1222 1132
1224 548
1232 554
1232 1128
1240 560
1242 1125
1248 566
1252 1121
1257 571
1262 1117
1265 577
1272 585
1272 1113
1280 591
1282 1109
1288 597
1292 1105
1296 603
1302 1100
1303 611
1311 618
1312 1095
1319 625
1322 1091
1325 633
1332 641
1332 1087
1339 649
1341 1082
1346 657
1351 1077
1352 665
1360 672
1361 1073
1366 680
1371 1069
1372 688
1378 696
1380 1064
1385 704
1390 1059
1392 712
1398 720
1400 1055
1404 728
1410 1051
1411 736
1418 744
1419 1046
1424 752
1429 1042
1431 760
1438 768
1439 1039
1444 776
1449 1036
1450 784
1457 792
1459 1032
1465 799
1469 1030
1471 807
1479 814
1479 1027
1487 821
1489 1025
1494 829
1499 1024
1502 835
1509 1022
1510 842
1518 848
1519 1020
1528 852
1529 1019
1537 857
1539 1018
1545 863
1549 1017
1553 870
1559 1018
1562 875
1568 1023
1572 876
1578 1023
1582 878
1588 1020
1592 880
1596 1012
1600 1002
1602 884
1608 994
1610 890
1616 898
1618 991
1619 908
1621 918
1627 926
1628 988
1635 933
1638 990
1644 938
1648 991
1654 940
1658 993
1664 942
1668 994
1674 945
1678 994
1684 948
1688 996
1694 951
1698 997
1704 952
1708 999
1714 953
1718 1002
1724 956
1728 1006
1734 957
1738 1009
1744 957
1748 1009
1754 959
1758 1009
1764 962
1768 1011
1774 963
1778 1015
1784 965
1788 1017
1794 968
1798 1019
1804 970
1808 1022
1814 971
1818 1025
1824 972
1828 1028
1834 975
1838 1029
1844 978
1848 1031
1854 980
1858 1033
1864 982
1868 1035
1874 983
1878 1038
1884 985
1888 1039
1894 988
1898 1041
1904 990
1908 1043
1914 992
1918 1046
1924 993
1928 1048
1934 995
1938 1050
1944 997
1948 1052
1954 999
1958 1054
1964 1000
1968 1056
1974 1001
1978 1058
1984 1004
1988 1060
1994 1007
1998 1062
2004 1008
2008 1064
2014 1010
2018 1066
2024 1012
2028 1068
2034 1015
2038 1070
2044 1017
2048 1073
2054 1017
2058 1075
2064 1017
2068 1077
2074 1021
2078 1080
2084 1025
2088 1083
2094 1027
2098 1085
2104 1029
2108 1087
2114 1030
2118 1089
2124 1031
2128 1091
2134 1035
2138 1094
2144 1035
2148 1096
2154 1036
2158 1098
2164 1040
2168 1100
2174 1043
2178 1103
2184 1044
2188 1106
2194 1046
2198 1107
2204 1048
2208 1109
2214 1050
2218 1111
2223 1055
2228 1113
2233 1057
2238 1115
2243 1059
2248 1118
2253 1061
2258 1121
2263 1064
2268 1122
2273 1066
2278 1124
2283 1068
2288 1126
2293 1069
2298 1129
2303 1072
2308 1131
2313 1074
2318 1134
2323 1075
2328 1136
2333 1077
2338 1138
2343 1080
2348 1140
2353 1083
2358 1142
2363 1085
2368 1144
2373 1088
2378 1147
2383 1090
2388 1149
2393 1092
2398 1151
2403 1094
2408 1154
2413 1096
2418 1156
2423 1098
2428 1158
2433 1100
2438 1160
2443 1102
2448 1162
2453 1105
2458 1165
2463 1106
2468 1166
2473 1108
2478 1168
2483 1112
2488 1171
2493 1114
2498 1173
2503 1115
2508 1175
2513 1117
2518 1177
2523 1119
2528 1179
2533 1122
2538 1181
2543 1124
2548 1184
2553 1126
2558 1186
2563 1127
2568 1188
2573 1129
2578 1190
2583 1131
2588 1192
2593 1133
2598 1195
2603 1134
2608 1197
2613 1137
2618 1199
2623 1140
2628 1201
2633 1143
2638 1203
2643 1145
2648 1206
2653 1147
2658 1208
2663 1149
2668 1210
2673 1151
2678 1213
2683 1153
2688 1215
2693 1155
2698 1217
2703 1158
2708 1219
2713 1161
2718 1221
2723 1163
2728 1224
2733 1165
2738 1226
2743 1167
2748 1228
2753 1169
2758 1230
2763 1172
2768 1233
2773 1174
2778 1236
2783 1175
2786 1242
2793 1176
2793 1250
2803 1175
2803 1253
2813 1173
2813 1248
2818 1238
2822 1265
2822 1275
2823 1176
2823 1227
2823 1253
2825 1285
2827 1216
2828 1244
2830 1294
2831 1183
2831 1233
2835 1209
2837 1219
2839 1299
2841 1183
2846 1172
2848 1304
2849 1161
2855 1151
2858 1308
2863 1145
2868 1310
2873 1144
2878 1311
2883 1148
2888 1310
2893 1152
2897 1315
2903 1154
2907 1316
2913 1156
2917 1314
2923 1159
2927 1314
2933 1162
2937 1316
2943 1165
2947 1320
2953 1166
2957 1323
2963 1168
2967 1324
2973 1172
2977 1326
2983 1176
2987 1328
2993 1176
2997 1330
3003 1176
3007 1334
3013 1180
3017 1334
3021 1186
3027 1334
3031 1189
3037 1336
3041 1191
3047 1340
3051 1195
3057 1343
3061 1196
3067 1345
3071 1195
3077 1349
3081 1199
3087 1351
3091 1202
3097 1352
3101 1204
3107 1354
3111 1205
3117 1356
3121 1209
3127 1357
3131 1213
3137 1360
3141 1211
3147 1361
3151 1215
3157 1364
3160 1220
3167 1367
3170 1223
3177 1369
3180 1224
3186 1374
3190 1224
3196 1378
3200 1227
3206 1380
3210 1226
3216 1381
3220 1227
3226 1384
3230 1230
3235 1389
3238 1236
3245 1390
3248 1238
3255 1392
3258 1238
3265 1394
3268 1239
3275 1398
3278 1238
3284 1403
3288 1235
3294 1404
3298 1235
3304 1404
3308 1239
3313 1409
3318 1242
3322 1414
3328 1244
3331 1419
3337 1249
3341 1423
3347 1249
3351 1423
3357 1252
3361 1424
3367 1254
3371 1428
3377 1258
3381 1432
3387 1258
3391 1434
3397 1259
3401 1434
3407 1261
3411 1438
3417 1260
3419 1444
3427 1260
3429 1448
3437 1264
3439 1452
3447 1262
3448 1457
3457 1264
3457 1462
3467 1268
3467 1465
3477 1270
3477 1464
3487 1269
3487 1466
3497 1270
3497 1470
3507 1273
3507 1473
3517 1273
3517 1474
3527 1276
3527 1477
3535 1282
3537 1480
3545 1284
3547 1483
3555 1284
3555 1489
3564 1494
3565 1286
3574 1497
3575 1285
3584 1499
3585 1284
3594 1500
3595 1286
3604 1501
3605 1290
3614 1502
3615 1294
3624 1505
3625 1291
3634 1509
3635 1292
3644 1511
3645 1296
3654 1514
3655 1299
3664 1513
3665 1301
3674 1513
3675 1301
3684 1516
3685 1302
3694 1518
3695 1305
3703 1523
3704 1310
3710 1531
3714 1312
3715 1413
3716 1423
3717 1433
3717 1450
3718 1460
3718 1537
3720 1404
3723 1469
3724 1313
3727 1396
3728 1539
3732 1474
3734 1316
3734 1388
3737 1483
3737 1493
3738 1540
3739 1378
3744 1318
3745 1499
3747 1371
3747 1509
3748 1543
3754 1319
3755 1516
3756 1366
3758 1546
3761 1355
3764 1319
3764 1521
3767 1551
3769 1347
3774 1318
3774 1525
3776 1556
3778 1342
3784 1320
3784 1529
3786 1559
3788 1341
3794 1322
3794 1531
3796 1560
3798 1341
3804 1322
3804 1533
3806 1562
3808 1340
3814 1322
3814 1534
3816 1565
3818 1342
3824 1323
3824 1537
3826 1567
3828 1344
3834 1326
3834 1541
3836 1569
3838 1346
3844 1327
3844 1544
3846 1572
3848 1347
3854 1328
3854 1546
3856 1576
3858 1349
3864 1329
3864 1548
3866 1578
3868 1352
3874 1331
3874 1550
3876 1580
3878 1355
3884 1332
3884 1551
3886 1581
3888 1356
3894 1333
3894 1554
3896 1582
3898 1359
3904 1333
3904 1558
3906 1586
3908 1362
3914 1336
3914 1559
3916 1588
3918 1363
3922 1342
3924 1561
3926 1590
3928 1365
3932 1344
3934 1564
3936 1593
3938 1368
3942 1345
3944 1567
3946 1594
3948 1370
3952 1349
3954 1569
3956 1596
3958 1374
3962 1349
3964 1571
3966 1598
3968 1375
3972 1350
3974 1574
3976 1600
3978 1377
3982 1352
3984 1577
3986 1604
3988 1378
3990 1432
3992 1355
3993 1442
3994 1579
3996 1452
3996 1606
3998 1381
4000 1427
4001 1360
4003 1460
4004 1582
4006 1608
4008 1385
4010 1431
4011 1360
4013 1464
4014 1583
4015 1613
4018 1389
4020 1435
4021 1361
4023 1468
4024 1582
4025 1615
4027 1394
4030 1366
4030 1436
4032 1473
4034 1580
4035 1615
4037 1397
4040 1368
4040 1435
4042 1472
4044 1578
4045 1617
4047 1399
4050 1370
4050 1433
4050 1464
4053 1573
4055 1619
4057 1401
4060 1372
4060 1432
4060 1464
4061 1567
4065 1618
4067 1403
4070 1371
4070 1430
4070 1467
4070 1562
4075 1619
4077 1407
4080 1372
4080 1428
4080 1466
4080 1559
4085 1617
4086 1380
4087 1410
4089 1564
4090 1424
4090 1462
4092 1574
4095 1616
4096 1383
4100 1461
4100 1580
4105 1616
4106 1380
4110 1461
4110 1583
4115 1615
4116 1379
4120 1458
4120 1584
4123 1607
4124 1385
4125 1596
4126 1395
4126 1405
4126 1415
4126 1425
4126 1435
4126 1445
