42 261
42 271
43 224
43 234
43 244
43 281
43 291
43 301
43 311
43 321
44 331
53 221
54 334
63 222
64 334
73 223
74 333
83 224
84 333
93 224
94 332
103 224
104 282
104 331
113 225
114 331
123 225
124 330
133 227
134 330
143 228
144 329
153 228
154 329
163 230
164 325
167 240
167 312
170 250
170 300
174 260
177 292
184 264
187 290
194 264
197 290
204 264
207 290
214 265
217 290
224 265
227 290
234 265
237 290
244 265
247 290
254 265
257 290
264 265
267 290
274 264
277 291
284 264
287 291
294 265
297 291
304 264
307 291
314 264
317 291
324 264
327 291
334 263
337 291
344 264
347 291
354 264
357 291
364 264
367 291
374 264
377 291
384 264
387 292
394 264
397 291
404 264
407 292
414 264
417 292
424 264
427 292
434 264
437 292
444 264
447 292
454 264
457 292
464 264
467 292
474 264
477 292
484 264
487 292
494 264
497 292
504 263
507 292
514 263
517 292
524 264
527 292
534 265
537 288
541 273
