434 865
434 875
434 885
435 855
435 895
438 838
440 827
441 903
442 816
445 805
448 795
450 908
452 783
454 773
459 764
460 911
464 755
470 745
470 913
477 736
480 914
483 728
490 720
490 915
498 714
500 916
506 707
510 917
514 701
520 918
523 696
530 919
532 691
540 920
542 686
550 922
552 683
560 921
562 679
570 923
572 677
580 923
582 675
590 924
592 673
600 925
602 671
610 925
612 670
620 925
622 668
630 925
632 668
640 925
642 666
650 926
652 666
660 926
662 665
670 926
672 665
680 927
682 664
690 928
692 663
700 927
702 663
710 928
712 664
720 927
722 663
730 927
732 663
740 927
742 663
750 927
752 663
760 928
762 663
770 928
772 663
780 928
782 663
790 927
792 663
800 928
802 663
810 928
812 663
820 928
822 664
830 927
832 665
840 925
842 666
850 922
851 671
860 676
860 918
868 911
869 681
875 903
879 685
881 895
889 686
889 887
895 878
896 694
899 704
899 868
901 714
904 724
907 861
909 733
915 853
916 741
924 848
925 746
933 843
935 750
939 834
941 758
949 833
951 758
959 834
961 758
969 833
971 756
979 832
981 757
989 833
991 758
999 834
1001 756
1007 841
1011 755
1017 841
1021 755
1027 841
1031 755
1037 841
1041 755
1047 842
1051 755
1057 842
1061 755
1067 842
1071 755
1077 842
1081 755
1087 843
1091 755
1097 843
1101 755
1107 843
1111 754
1117 844
1121 754
1127 844
1131 753
1137 845
1141 754
1147 845
1151 753
1157 846
1161 753
1167 846
1171 753
1177 846
1181 753
1187 847
1191 751
1197 848
1201 752
1207 848
1211 751
1217 849
1221 751
1227 849
1231 751
1237 850
1241 750
1247 851
1251 750
1257 851
1261 749
1267 851
1271 749
1277 852
1281 749
1287 853
1291 748
1297 853
1301 748
1307 854
1311 747
1317 854
1321 746
1327 855
1331 746
1337 856
1341 745
1347 856
1351 745
1357 857
1361 744
1367 857
1371 744
1377 858
1381 743
1387 860
1391 742
1397 861
1401 743
1407 860
1411 743
1417 858
1421 743
1427 858
1431 744
1437 858
1441 743
1447 858
1451 744
1456 863
1461 743
1466 862
1471 742
1476 862
1481 744
1486 863
1491 744
1496 864
1501 744
1506 865
1511 744
1516 868
1521 743
1526 868
1531 741
1536 870
1541 741
1546 869
1551 738
1556 871
1561 740
1566 872
1571 740
1576 873
1581 740
1586 874
1591 739
1596 874
1601 737
1606 875
1611 737
1616 874
1621 736
1626 872
1631 735
1636 870
1641 734
1646 871
1651 734
1655 876
1661 734
1665 880
1668 742
1675 882
1678 746
1685 881
1688 739
1695 882
1698 734
1705 884
1708 732
1715 884
1718 732
1725 885
1728 733
1735 885
1738 736
1745 886
1748 739
1755 888
1757 744
1765 884
1767 744
1775 737
1775 881
1785 736
1785 881
1795 736
1795 881
1805 733
1805 882
1815 734
1815 883
1825 733
1825 882
1835 733
1835 882
1845 733
1845 882
1855 733
1855 883
1865 733
1865 882
1875 733
1875 882
1885 733
1885 882
1895 733
1895 882
1905 732
1905 881
1915 733
1915 876
1924 870
1925 733
1934 870
1935 733
1943 739
1943 875
1953 740
1953 879
1963 738
1963 878
1973 739
1973 874
1975 799
1975 809
1979 828
1983 742
1983 876
1987 835
1993 742
1993 827
1993 877
1997 837
2003 743
2003 829
2003 877
2013 742
2013 826
2013 876
2023 743
2023 874
2033 745
2033 871
2042 750
2043 868
2046 760
2046 770
2046 780
2046 790
2046 800
2046 810
2046 820
2046 830
2046 840
2046 850
