230 100
231 110
232 90
232 120
233 130
235 140
236 150
238 82
238 160
240 170
243 180
245 190
248 78
248 200
251 210
254 220
256 230
258 75
259 240
262 250
265 260
267 270
268 71
269 280
269 442
269 452
269 462
269 472
269 482
269 492
269 502
270 290
270 300
270 310
270 320
270 330
270 340
270 350
270 360
270 370
270 380
270 390
270 400
270 410
270 420
270 430
270 512
272 522
278 68
280 529
284 395
285 405
288 66
290 531
298 62
299 179
299 526
302 303
302 313
302 323
302 333
302 343
302 353
302 363
303 290
303 373
303 383
303 393
304 403
304 413
305 273
305 423
305 433
305 443
306 453
306 463
306 517
307 263
307 473
307 483
308 60
308 493
308 503
310 250
313 239
316 229
318 57
320 217
323 206
326 194
327 62
329 179
331 72
331 167
333 82
333 144
333 154
334 92
334 102
334 112
334 122
334 132
