242 1904
247 1913
250 1896
257 1916
260 1894
267 1915
270 1895
277 1915
280 1891
287 1918
289 1886
297 1919
299 1881
306 148
307 1921
309 1878
311 157
314 142
317 1921
319 163
319 1874
324 140
327 1924
329 167
329 1871
334 137
337 174
337 1926
339 1869
343 182
344 135
347 1926
349 1868
351 188
354 133
357 1927
359 1868
361 192
364 130
367 1930
369 1867
371 196
374 127
377 1929
379 1866
381 200
384 126
387 1929
389 1862
391 204
394 125
397 1931
398 1857
401 206
404 125
407 1932
408 1854
411 207
414 125
417 1934
418 1850
421 207
424 124
427 1935
428 1847
431 209
434 122
437 1935
438 1843
441 211
444 119
447 1937
448 1842
450 216
454 119
457 1938
458 1840
460 219
464 118
467 1938
468 1840
470 223
474 117
477 1939
478 1839
480 227
484 115
487 1941
488 1839
490 231
494 115
497 1941
498 1840
500 233
504 113
507 1941
508 1840
510 236
514 112
517 1942
518 1841
520 237
524 112
527 1943
528 1839
530 238
534 112
537 1944
538 1835
540 237
544 110
547 1943
548 1831
550 235
554 109
557 1826
557 1943
560 235
564 108
567 1822
567 1944
570 235
574 108
577 1818
577 1944
580 236
584 107
587 1813
587 1944
590 240
594 107
597 1809
597 1944
599 245
604 107
607 1806
607 1944
608 250
614 107
617 1804
617 1943
618 254
624 107
627 259
627 1802
627 1943
634 107
636 264
637 1800
637 1943
644 107
645 269
647 1799
647 1942
654 107
655 272
657 1799
657 1941
664 108
665 275
667 1799
667 1939
674 109
675 277
677 1800
677 1937
684 110
685 279
687 1802
687 1934
694 111
695 280
697 1802
697 1933
704 112
705 280
707 1802
707 1934
714 113
715 280
717 1800
717 1933
724 114
725 278
727 1796
727 1931
734 115
735 276
736 1791
737 1928
744 116
745 276
745 1786
747 1926
754 117
754 1781
755 277
757 1924
764 119
764 1776
765 280
767 1921
774 120
774 285
774 1773
777 1919
783 290
784 122
784 1769
787 1916
792 295
794 124
794 1767
797 1914
801 300
804 128
804 1765
807 1912
811 304
814 131
814 1764
817 1909
821 308
824 133
824 1763
827 1908
831 312
834 135
834 1763
837 1907
841 315
844 137
844 1763
847 1903
851 317
854 139
854 1766
857 1898
861 318
864 143
864 1767
867 1896
871 318
874 146
874 1768
877 1894
881 316
884 148
884 1765
887 1890
891 314
893 1759
894 152
897 1887
901 312
902 1754
904 155
907 1883
911 312
911 1749
914 159
917 1879
920 1744
921 315
924 162
927 1876
930 1740
931 319
934 165
937 1873
939 325
940 1736
944 168
947 1870
948 330
950 1733
954 172
956 1865
957 335
960 1731
963 177
966 1860
967 339
970 1729
973 180
976 1857
977 342
980 1727
982 185
985 1852
987 345
990 1727
992 189
995 1847
997 348
1000 1727
1001 194
1005 1843
1007 349
1010 1729
1011 198
1015 1839
1017 348
1020 1730
1021 202
1024 1834
1027 347
1030 207
1030 1728
1033 1829
1037 344
1040 211
1040 1725
1042 1824
1047 341
1049 216
1050 1722
1052 1820
1057 341
1058 221
1059 1717
1062 1816
1067 342
1068 225
1069 1713
1071 1811
1077 230
1077 345
1079 1710
1081 1807
1086 350
1087 234
1089 1707
1091 1802
1095 355
1097 238
1099 1704
1101 1798
1105 357
1107 242
1109 1702
1111 1795
1115 360
1117 245
1119 1698
1121 1792
1125 362
1127 248
1129 1694
1131 1790
1135 364
1137 251
1139 1690
1141 1787
1145 366
1147 253
1149 1686
1151 1784
1155 367
1157 256
1158 1681
1161 1781
1165 369
1167 258
1168 1677
1171 1779
1175 371
1177 260
1178 1673
1181 1776
1185 374
1187 262
1188 1669
1191 1774
1195 377
1197 264
1198 1664
1201 1771
1205 380
1207 266
1208 1660
1211 1769
1215 384
1217 269
1218 1656
1221 1766
1225 388
1227 271
1228 1653
1231 1763
1235 392
1237 273
1238 1648
1241 1761
1245 396
1247 276
1248 1644
1251 1758
1255 400
1257 278
1258 1640
1261 1756
1264 405
1267 280
1268 1636
1271 1754
1274 409
1277 282
1278 1633
1281 1752
1283 414
1287 284
1288 1629
1291 1749
1293 417
1297 287
1298 1625
1301 1747
1303 421
1307 289
1308 1621
1311 1744
1313 425
1317 292
1318 1618
1321 1742
1322 430
1327 294
1328 1615
1331 1740
1332 433
1337 296
1338 1612
1341 1737
1342 437
1347 298
1348 1608
1351 1735
1352 440
1357 300
1358 1605
1361 445
1361 1733
1367 303
1368 1602
1371 448
1371 1730
1377 305
1378 1599
1381 452
1381 1728
1387 307
1388 1596
1391 455
1391 1725
1397 309
1398 1593
1401 459
1401 1723
1407 312
1408 1590
1411 461
1411 1721
1417 314
1418 1587
1421 464
1421 1719
1427 316
1428 1584
1431 467
1431 1716
1437 318
1438 1581
1441 470
1441 1713
1447 320
1448 1579
1451 472
1451 1711
1457 322
1458 1577
1461 474
1461 1709
1467 324
1468 1574
1471 477
1471 1707
1477 327
1478 1572
1481 480
1481 1704
1487 328
1488 1569
1491 482
1491 1701
1497 331
1498 1567
1501 484
1501 1699
1507 333
1508 1565
1511 486
1511 1697
1517 335
1518 1563
1521 488
1521 1695
1527 338
1528 1560
1531 490
1531 1692
1537 340
1538 1558
1541 492
1541 1690
1547 342
1548 1555
1551 494
1551 1688
1557 344
1558 1553
1561 497
1561 1686
1567 346
1568 1551
1571 499
1571 1683
1577 348
1578 1549
1581 501
1581 1681
1587 350
1588 1546
1591 503
1591 1679
1597 351
1598 1544
1601 505
1601 1677
1607 353
1608 1542
1611 507
1611 1675
1617 356
1618 1540
1621 510
1621 1672
1627 358
1628 1538
1631 512
1631 1670
1637 360
1638 1535
1641 514
1641 1668
1647 362
1648 1533
1651 516
1651 1666
1657 364
1658 1531
1661 518
1661 1664
1667 366
1668 1529
1671 520
1671 1662
1677 368
1678 1526
1681 522
1681 1660
1687 370
1688 1525
1691 524
1691 1657
1697 372
1698 1523
1701 526
1701 1655
1707 374
1708 1520
1711 528
1711 1653
1717 375
1718 1518
1721 530
1721 1651
1727 377
1728 1516
1731 533
1731 1649
1737 379
1738 1515
1741 535
1741 1647
1747 381
1748 1512
1751 536
1751 1645
1757 383
1758 1510
1761 539
1761 1643
1767 385
1768 1508
1771 541
1771 1641
1777 387
1778 1505
1781 543
1781 1639
1787 389
1788 1504
1791 545
1791 1637
1797 391
1798 1502
1801 547
1801 1634
1807 393
1808 1499
1811 549
1811 1632
1817 395
1818 1497
1821 551
1821 1630
1827 397
1828 1495
1831 553
1831 1629
1837 398
1838 1493
1841 555
1841 1626
1847 401
1848 1491
1851 557
1851 1624
1857 403
1858 1488
1861 559
1861 1622
1867 405
1868 1486
1871 561
1871 1620
1877 406
1878 1484
1881 563
1881 1618
1887 408
1888 1482
1891 565
1891 1615
1897 410
1898 1480
1901 568
1901 1614
1907 412
1908 1478
1911 569
1911 1612
1917 414
1918 1476
1921 571
1921 1610
1927 416
1928 1474
1931 574
1931 1608
1937 418
1938 1472
1941 576
1941 1606
1947 419
1948 1470
1951 577
1951 1604
1957 422
1958 1467
1961 580
1961 1602
1967 423
1968 1465
1971 581
1971 1599
1977 425
1978 1463
1981 584
1981 1597
1987 427
1988 1461
1991 586
1991 1595
1997 429
1998 1459
2001 589
2001 1593
2007 431
2008 1456
2011 590
2011 1591
2017 433
2018 1454
2021 592
2021 1589
2027 434
2028 1452
2031 594
2031 1587
2037 437
2038 1451
2041 596
2041 1585
2047 439
2048 1448
2051 598
2051 1583
2057 441
2058 1446
2061 600
2061 1580
2067 442
2068 1444
2071 602
2071 1578
2077 444
2078 1442
2081 604
2081 1576
2087 446
2088 1440
2091 606
2091 1574
2097 448
2098 1438
2101 608
2101 1572
2107 450
2108 1436
2111 610
2111 1570
2117 452
2118 1433
2121 612
2121 1568
2127 454
2128 1431
2131 614
2131 1566
2137 456
2138 1429
2141 616
2141 1563
2147 458
2148 1427
2151 618
2151 1561
2157 460
2158 1425
2161 620
2161 1559
2167 462
2168 1423
2171 622
2171 1557
2177 463
2178 1421
2181 625
2181 1555
2187 465
2188 1419
2191 627
2191 1553
2197 467
2198 1417
2201 628
2201 1550
2207 469
2208 1414
2211 630
2211 1548
2217 471
2218 1412
2221 632
2221 1546
2227 473
2228 1410
2231 634
2231 1544
2237 475
2238 1409
2241 636
2241 1542
2247 477
2248 1407
2251 638
2251 1540
2257 478
2258 1404
2261 640
2261 1538
2267 481
2268 1401
2271 643
2271 1537
2277 482
2278 1399
2281 645
2281 1534
2287 484
2288 1397
2291 646
2291 1532
2297 486
2298 1396
2301 648
2301 1531
2307 488
2308 1393
2311 650
2311 1528
2317 490
2318 1391
2321 652
2321 1526
2327 492
2328 1389
2331 654
2331 1523
2337 494
2338 1387
2341 656
2341 1521
2347 496
2348 1385
2351 659
2351 1520
2357 497
2358 1383
2361 660
2361 1518
2367 499
2368 1381
2371 662
2371 1517
2377 501
2378 1379
2381 664
2381 1515
2387 503
2388 1377
2391 666
2391 1512
2397 505
2398 1375
2401 668
2401 1510
2407 507
2408 1372
2411 670
2411 1508
2417 508
2418 1370
2421 672
2421 1506
2427 510
2428 1368
2431 674
2431 1505
2437 512
2438 1366
2441 676
2441 1503
2447 514
2448 1364
2451 678
2451 1500
2457 516
2458 1362
2461 679
2461 1498
2467 518
2468 1360
2471 681
2471 1496
2477 520
2478 1358
2481 684
2481 1493
2487 521
2488 1356
2491 686
2491 1492
2497 523
2498 1354
2501 687
2501 1489
2507 525
2508 1351
2511 689
2511 1488
2517 527
2518 1349
2521 691
2521 1485
2527 528
2528 1347
2531 693
2531 1483
2537 531
2538 1345
2541 695
2541 1482
2547 532
2548 1344
2551 697
2551 1479
2557 534
2558 1342
2561 699
2561 1477
2567 536
2568 1340
2571 701
2571 1476
2577 538
2578 1337
2581 703
2581 1474
2587 540
2588 1335
2591 704
2591 1472
2597 541
2598 1333
2601 707
2601 1469
2607 543
2608 1331
2611 708
2611 1467
2617 545
2618 1329
2621 710
2621 1465
2627 547
2628 1327
2631 712
2631 1464
2637 548
2638 1325
2641 713
2641 1462
2647 550
2648 1323
2651 715
2651 1459
2657 552
2658 1321
2661 717
2661 1457
2667 554
2668 1319
2671 718
2671 1455
2677 555
2678 1317
2681 720
2681 1453
2687 557
2688 1315
2691 722
2691 1451
2697 559
2698 1314
2701 723
2701 1449
2707 562
2708 1312
2711 725
2711 1447
2717 563
2718 1310
2721 727
2721 1445
2727 566
2728 1308
2731 728
2731 1443
2737 568
2738 1306
2741 730
2741 1442
2747 570
2748 1304
2751 731
2751 1440
2757 571
2758 1302
2761 733
2761 1437
2767 573
2768 1301
2771 734
2771 1435
2777 575
2778 1299
2781 735
2781 1433
2787 576
2788 1297
2791 736
2791 1431
2797 579
2798 1296
2801 738
2801 1428
2807 580
2808 1294
2811 740
2811 1426
2817 582
2818 1292
2821 742
2821 1425
2827 584
2828 1291
2831 743
2831 1422
2837 586
2838 1290
2841 745
2841 1420
2847 588
2848 1287
2851 747
2851 1418
2857 590
2858 1286
2861 748
2861 1416
2867 592
2868 1285
2871 749
2871 1414
2877 594
2878 1283
2881 751
2881 1412
2887 596
2888 1281
2891 752
2891 1410
2897 597
2898 1279
2901 754
2901 1408
2907 599
2908 1277
2911 755
2911 1406
2917 601
2918 1276
2921 757
2921 1404
2927 603
2928 1274
2931 759
2931 1402
2937 605
2938 1273
2941 760
2941 1400
2947 607
2948 1271
2951 762
2951 1398
2957 609
2958 1270
2961 762
2961 1396
2967 611
2968 1268
2971 764
2971 1394
2977 612
2978 1267
2981 766
2981 1391
2987 615
2988 1264
2991 767
2991 1389
2997 616
2998 1263
3001 769
3001 1387
3007 619
3008 1261
3011 771
3011 1385
3017 621
3018 1260
3021 772
3021 1382
3027 623
3028 1258
3031 774
3031 1380
3037 625
3038 1257
3041 775
3041 1378
3047 627
3048 1255
3051 776
3051 1376
3057 629
3058 1253
3061 778
3061 1373
3067 631
3068 1251
3071 780
3071 1371
3077 634
3078 1249
3081 781
3081 1368
3087 636
3088 1248
3091 782
3091 1366
3097 638
3098 1246
3101 784
3101 1363
3107 641
3108 1245
3111 786
3111 1360
3117 644
3118 1243
3121 788
3121 1357
3127 646
3128 1241
3131 790
3131 1355
3137 649
3138 1240
3141 791
3141 1352
3147 651
3148 1239
3151 793
3151 1349
3157 655
3158 1237
3161 794
3161 1346
3167 658
3168 1235
3171 796
3171 1343
3177 661
3178 1233
3181 798
3181 1339
3187 664
3188 1231
3191 799
3191 1336
3197 667
3198 1230
3201 800
3201 1333
3207 670
3208 1228
3211 802
3211 1329
3217 673
3218 1227
3221 803
3221 1326
3227 677
3228 1225
3231 805
3231 1323
3237 680
3238 1221
3241 806
3241 1320
3247 683
3248 1218
3251 808
3251 1316
3257 687
3258 1216
3261 810
3261 1313
3267 690
3268 1216
3271 811
3271 1309
3277 693
3278 1215
3281 812
3281 1305
3287 696
3288 1214
3291 814
3291 1302
3297 700
3298 1213
3301 816
3301 1299
3307 703
3308 1212
3311 817
3311 1295
3317 706
3318 1210
3321 819
3321 1292
3327 710
3328 1209
3331 820
3331 1288
3337 713
3338 1208
3341 820
3341 1285
3347 716
3348 1207
3351 821
3351 1281
3357 719
3358 1207
3361 821
3361 1278
3367 722
3368 1208
3371 821
3371 1275
3377 725
3378 1206
3381 821
3381 1271
3387 729
3388 1203
3391 821
3391 1268
3397 732
3398 1201
3401 823
3401 1264
3407 735
3408 1200
3411 826
3411 1261
3417 738
3418 1198
3421 827
3421 1257
3427 741
3428 1196
3431 828
3431 1254
3437 744
3438 1194
3441 830
3441 1250
3447 746
3448 1192
3451 832
3451 1247
3457 748
3458 1190
3461 833
3461 1243
3467 750
3468 1189
3471 836
3471 1241
3477 752
3478 1187
3481 839
3481 1238
3487 754
3488 1185
3491 841
3491 1235
3497 756
3498 1182
3501 843
3501 1233
3507 758
3508 1180
3511 844
3511 1231
3517 760
3518 1178
3521 844
3521 1228
3527 762
3528 1176
3531 844
3531 1226
3537 764
3538 1173
3541 845
3541 1224
3547 766
3548 1171
3551 847
3551 1222
3557 768
3558 1169
3561 849
3561 1219
3567 771
3568 1167
3570 854
3571 1217
3577 773
3578 860
3578 1165
3581 1215
3587 774
3587 865
3588 1163
3591 1212
3597 776
3597 868
3598 1160
3601 1210
3606 873
3607 779
3608 1157
3611 1208
3616 877
3617 781
3618 1154
3621 1206
3625 882
3627 783
3628 1151
3631 1203
3634 887
3637 785
3638 1148
3641 1201
3642 894
3647 788
3648 1145
3650 901
3651 1198
3657 792
3657 1140
3658 908
3661 1195
3665 1133
3666 914
3667 793
3670 1124
3671 1192
3673 922
3675 1113
3677 796
3680 1104
3681 928
3681 1189
3686 1095
3687 799
3689 934
3691 1185
3693 1087
3697 803
3697 941
3700 951
3701 1078
3701 1182
3705 960
3707 807
3707 970
3707 1070
3711 1177
3715 976
3716 812
3717 1065
3718 1048
3719 1033
3721 1010
3721 1173
3722 1020
3723 1000
3725 977
3725 989
3726 815
3731 1168
3736 819
3741 1163
3745 824
3750 1158
3753 830
3759 1152
3762 835
3767 1146
3770 841
3775 1140
3778 847
3783 1134
3786 853
3791 1126
3793 861
3799 1118
3800 869
3806 1110
3807 877
3813 885
3813 1101
3819 893
3819 1092
3824 902
3825 1083
3829 911
3830 1074
3834 920
3835 1062
3837 930
3839 1052
3840 940
3842 1042
3843 950
3844 1032
3845 960
3847 970
3847 1019
3848 1006
3849 980
3849 990
