127 610
133 601
135 616
141 595
145 616
151 591
152 941
155 617
158 949
160 935
161 588
165 616
167 954
170 932
171 587
175 617
177 957
180 930
181 586
185 617
187 958
190 928
191 586
195 617
197 958
200 925
201 585
205 617
207 957
210 923
211 584
215 617
217 956
220 921
221 584
225 617
227 954
230 918
231 583
235 617
237 953
240 916
241 583
245 617
247 951
250 913
251 582
255 617
257 949
260 911
261 582
265 617
267 949
270 909
271 582
275 617
277 947
280 907
281 581
285 616
287 945
290 904
291 581
295 616
297 944
300 902
301 581
305 616
307 942
310 900
311 580
315 615
317 941
320 897
321 579
325 616
327 939
330 896
331 579
335 616
337 939
340 894
341 579
345 615
347 936
350 892
351 579
355 615
357 936
360 891
361 579
365 615
367 933
370 890
371 578
375 614
377 932
380 888
381 578
385 614
387 930
390 886
391 577
395 613
397 929
400 885
401 577
405 613
407 928
410 883
411 577
415 613
417 926
420 882
421 577
425 613
427 925
430 880
431 576
435 612
437 923
440 878
441 576
445 612
447 921
450 878
451 575
455 611
457 920
460 876
461 575
465 611
467 918
470 875
471 574
475 611
477 917
480 873
481 574
485 611
487 915
490 872
491 574
495 611
497 913
500 869
501 574
505 609
507 911
510 868
511 573
515 609
517 911
520 867
521 573
525 609
527 909
530 865
531 573
535 609
537 907
540 863
541 572
545 608
547 906
550 862
551 572
555 608
557 905
560 862
561 572
565 608
567 903
570 859
571 571
575 608
577 901
580 858
581 571
585 607
587 900
590 857
591 571
595 607
597 898
600 855
601 570
605 606
607 897
610 853
611 570
615 605
617 895
620 852
621 570
625 605
627 894
630 850
631 570
635 605
637 891
640 848
641 570
645 605
647 891
650 847
651 570
655 605
657 889
660 845
661 569
665 605
667 887
670 844
671 570
675 604
677 886
680 844
681 570
685 604
687 884
690 841
691 570
695 604
697 882
700 839
701 570
705 603
707 881
710 839
711 570
715 603
717 878
720 837
721 570
725 602
727 876
730 836
731 569
735 602
737 875
740 834
741 570
745 602
747 873
750 832
751 570
755 602
757 871
760 832
761 570
765 601
767 869
770 829
771 570
775 601
777 867
780 828
781 569
785 601
787 865
790 826
791 569
795 600
797 864
800 825
801 569
805 600
807 862
810 824
811 568
815 600
817 860
820 821
821 568
825 600
827 858
830 821
831 568
835 600
837 857
840 818
841 568
845 599
847 855
850 817
851 568
855 599
857 853
860 816
861 568
865 599
867 851
870 814
871 566
875 599
877 850
880 813
881 566
885 598
887 848
890 811
891 566
895 598
897 848
900 809
901 566
905 598
907 846
910 809
911 566
915 597
917 843
920 806
921 566
925 597
927 842
930 804
931 566
935 597
937 841
940 801
941 565
945 597
947 839
950 801
951 565
955 598
957 837
960 799
961 564
965 597
967 835
970 798
971 564
975 596
977 834
980 796
981 564
985 596
987 833
990 794
991 564
995 596
997 832
1000 792
1001 564
1005 596
1007 831
1010 791
1011 564
1015 595
1017 829
1020 789
1021 564
1025 595
1027 827
1030 788
1031 564
1035 596
1037 824
1040 786
1041 563
1045 594
1047 823
1050 785
1051 563
1055 594
1057 822
1060 784
1061 563
1065 594
1067 819
1070 783
1071 562
1075 594
1077 819
1080 782
1081 562
1085 594
1087 816
1090 781
1091 563
1095 594
1097 815
1100 779
1101 562
1105 593
1107 813
1110 777
1111 562
1115 594
1117 812
1120 776
1121 561
1125 593
1127 811
1130 774
1131 562
1135 593
1137 809
1140 773
1141 561
1145 593
1147 808
1150 772
1151 561
1155 593
1157 807
1160 769
1161 561
1165 593
1167 803
1170 768
1171 561
1175 592
1177 803
1180 767
1181 561
1185 592
1187 802
1190 766
1191 561
1195 592
1197 799
1200 763
1201 560
1205 592
1207 798
1210 762
1211 561
1215 592
1217 795
1220 761
1221 561
1225 591
1227 793
1230 760
1231 560
1235 591
1237 794
1240 758
1241 560
1245 590
1247 790
1250 756
1251 560
1255 591
1257 790
1260 755
1261 560
1265 591
1267 788
1270 753
1271 560
1275 591
1277 786
1280 751
1281 559
1285 591
1287 784
1290 750
1291 559
1295 590
1297 782
1300 749
1301 559
1305 590
1307 780
1310 747
1311 559
1315 590
1317 780
1320 745
1321 559
1325 589
1327 778
1330 744
1331 558
1335 589
1337 778
1340 742
1341 558
1345 589
1347 773
1350 740
1351 558
1355 589
1357 773
1360 739
1361 558
1365 589
1367 771
1370 737
1371 558
1375 589
1377 769
1380 736
1381 558
1385 588
1387 767
1390 734
1391 558
1395 588
1397 766
1400 733
1401 558
1405 588
1407 766
1410 731
1411 558
1415 588
1417 763
1420 730
1421 557
1425 588
1427 762
1430 728
1431 558
1435 588
1437 761
1440 727
1441 557
1445 588
1447 759
1450 725
1451 557
1455 588
1457 758
1460 724
1461 557
1465 588
1467 756
1470 722
1471 557
1475 587
1477 753
1480 720
1481 557
1485 587
1487 752
1490 719
1491 557
1495 587
1497 752
1500 717
1501 556
1505 587
1507 750
1510 715
1511 556
1515 587
1517 748
1520 714
1521 556
1525 587
1527 747
1530 713
1531 556
1535 587
1537 745
1540 711
1541 556
1545 587
1547 743
1550 708
1551 556
1555 586
1557 742
1560 707
1561 555
1565 586
1567 740
1570 705
1571 555
1575 585
1577 738
1580 704
1581 555
1585 585
1587 736
1590 702
1591 555
1595 585
1597 735
1600 700
1601 554
1605 582
1607 733
1610 700
1611 554
1615 582
1617 731
1620 699
1621 554
1625 581
1627 729
1630 699
1631 554
1635 579
1637 729
1640 698
1641 554
1645 578
1647 725
1650 698
1651 554
1655 578
1657 724
1660 696
1661 554
1665 578
1667 722
1670 694
1671 553
1675 579
1677 721
1680 692
1681 553
1685 579
1687 720
1690 690
1691 554
1695 581
1697 719
1700 687
1701 554
1705 583
1707 715
1710 683
1711 553
1715 583
1717 715
1720 681
1721 553
1725 585
1727 713
1730 680
1731 554
1735 585
1737 710
1740 676
1741 554
1745 585
1747 709
1748 669
1750 632
1751 554
1755 585
1757 707
1758 670
1760 632
1761 554
1765 585
1767 640
1767 705
1768 670
1770 614
1771 553
1771 624
1774 590
1774 662
1775 600
1777 644
1777 704
1781 554
1787 702
1791 553
1797 701
1801 553
1807 701
1810 711
1810 723
1811 553
1811 734
1816 696
1819 716
1821 554
1821 735
1826 694
1829 715
1830 730
1831 553
1836 694
1838 724
1839 712
1841 553
1846 690
1848 723
1851 553
1852 710
1856 689
1858 718
1861 553
1866 688
1871 554
1876 685
1881 553
1886 684
1891 553
1896 682
1901 553
1906 679
1911 553
1916 678
1921 554
1926 676
1931 554
1936 676
1941 555
1946 674
1951 554
1956 671
1961 554
1966 669
1971 554
1976 668
1981 554
1986 666
1991 554
1996 664
2001 554
2006 662
2011 554
2016 662
2021 554
2026 659
2031 554
2036 656
2041 555
2046 564
2046 574
2046 584
2046 594
2046 604
2046 614
2046 624
2046 634
2046 644
2046 654
