76 144
76 154
83 136
86 158
93 132
95 163
97 287
103 129
105 166
105 293
111 285
113 129
115 166
115 297
121 282
123 129
125 166
125 298
130 276
133 132
135 165
135 299
140 275
143 135
145 164
145 302
150 271
153 139
155 161
155 302
160 269
163 137
165 157
165 303
169 263
173 134
175 156
175 299
179 261
183 133
185 155
185 295
189 258
193 132
193 272
194 290
195 154
199 255
203 131
204 286
205 154
209 251
213 131
214 282
215 153
219 250
223 131
224 279
225 153
229 251
233 129
234 275
235 153
239 248
243 129
244 273
245 153
249 244
253 127
254 270
255 153
259 241
263 127
264 267
265 153
269 237
273 125
274 264
275 154
279 235
283 124
284 261
285 153
289 231
293 123
294 259
295 154
299 229
303 122
304 257
305 154
309 225
313 121
314 255
315 155
319 223
323 120
324 253
325 155
329 219
333 119
334 251
335 156
339 216
343 118
344 248
345 156
348 211
353 117
354 247
355 157
358 209
363 117
364 245
365 157
368 206
373 117
374 243
375 158
378 202
383 117
384 241
385 158
388 199
393 118
394 238
395 158
398 194
403 119
404 235
405 158
408 190
413 121
414 231
415 157
418 185
423 122
424 228
425 157
428 184
432 116
434 224
435 156
438 183
441 111
442 170
444 221
445 159
451 113
454 220
461 111
464 219
471 110
474 220
481 107
484 223
491 106
494 221
501 106
504 219
511 107
514 214
521 109
524 210
530 114
532 204
538 121
540 196
543 130
544 186
545 159
546 140
546 169
