119 458
122 468
127 450
132 472
137 447
139 480
147 446
148 485
157 444
157 490
166 495
167 444
176 499
177 444
186 501
187 444
196 505
197 444
206 506
207 443
216 508
217 442
226 512
227 441
235 101
236 512
237 441
238 91
238 111
242 121
245 131
246 84
246 512
247 440
252 139
254 78
256 511
257 439
260 145
264 74
266 511
267 439
269 150
274 72
276 510
277 439
279 153
284 71
286 509
287 437
289 154
294 73
296 508
297 436
299 158
304 76
306 508
307 436
309 159
314 77
316 507
317 435
319 163
324 80
326 506
327 435
329 165
334 83
336 505
337 434
339 168
344 85
346 504
347 434
349 171
354 88
356 503
357 433
359 173
364 90
366 502
367 432
369 176
374 92
376 501
377 431
379 177
384 95
386 499
387 431
389 179
394 98
396 498
397 430
399 183
404 100
406 497
407 429
409 185
414 103
416 496
417 428
419 188
424 105
426 494
427 427
429 190
434 108
436 493
437 427
439 192
444 111
446 491
447 427
449 194
454 113
456 490
457 425
459 197
464 116
466 489
467 424
469 199
474 118
476 488
477 422
479 200
484 121
486 485
487 422
489 203
494 123
496 484
497 421
499 206
504 126
506 483
507 420
509 207
514 128
516 481
517 419
519 210
524 131
526 479
527 418
529 212
534 133
536 478
537 417
539 213
544 135
546 478
547 417
549 214
554 138
556 476
557 417
559 217
564 140
566 474
567 417
569 219
574 143
576 473
577 417
579 220
584 145
586 473
587 416
589 222
594 147
596 473
597 415
599 223
604 149
606 472
607 415
609 226
614 151
616 471
617 414
619 229
624 153
626 469
627 413
629 230
634 155
636 469
637 412
639 231
644 157
646 469
647 411
649 233
654 159
656 468
657 411
659 235
664 161
666 468
667 410
669 238
674 164
676 467
677 409
679 239
684 166
686 467
687 408
689 240
694 168
696 467
697 408
699 244
704 170
706 466
707 408
709 245
714 172
716 466
717 407
719 246
724 173
726 466
727 407
729 248
734 176
736 466
737 406
739 250
744 178
746 466
747 406
749 251
754 179
756 465
757 405
759 253
764 182
766 465
767 405
769 255
774 183
776 465
777 405
779 257
784 186
786 464
787 404
789 260
794 188
796 463
797 404
799 261
804 190
806 463
807 403
809 262
814 191
816 462
817 402
819 264
824 193
826 461
827 402
829 266
834 195
836 460
837 401
839 267
844 197
846 459
847 401
849 270
854 199
856 459
857 400
859 273
864 202
866 459
867 400
869 273
874 204
876 458
877 400
879 275
884 206
886 456
887 400
889 278
894 208
896 456
897 399
899 280
904 209
906 456
907 399
909 281
914 212
916 455
917 399
919 283
924 214
926 453
927 398
929 284
934 216
936 453
937 398
939 286
944 219
946 452
947 397
949 288
954 220
956 452
957 396
959 291
964 223
966 451
967 396
969 292
974 225
976 449
977 396
979 294
984 228
986 448
987 395
989 296
994 230
996 447
997 395
999 297
1004 233
1006 446
1007 395
1009 301
1014 235
1016 445
1017 393
1019 302
1024 239
1026 443
1027 393
1029 303
1034 240
1036 442
1037 392
1039 307
1044 243
1046 441
1047 390
1049 308
1054 246
1056 440
1057 389
1059 310
1064 248
1066 438
1067 387
1069 312
1074 251
1076 435
1077 386
1079 316
1084 254
1086 435
1087 384
1088 321
1094 257
1096 328
1096 434
1097 382
1104 260
1104 334
1106 431
1107 377
1114 264
1114 338
1116 431
1117 372
1122 344
1124 267
1126 367
1126 428
1129 352
1134 270
1136 423
1144 274
1146 420
1154 277
1156 420
1164 280
1166 417
1174 282
1175 411
1184 284
1185 408
1194 287
1195 403
1202 293
1204 398
1207 302
1209 312
1209 322
1210 332
1212 342
1212 391
1213 352
1215 362
1216 378
