266 1767
269 1777
274 1761
277 1784
284 1759
285 1790
294 1759
294 1795
302 1801
304 1759
311 1806
314 1757
320 1811
324 1755
326 636
328 646
330 1814
334 630
334 1751
335 654
338 1820
342 624
343 1746
344 659
348 1823
351 619
353 1742
354 663
357 1828
361 615
363 1741
364 667
366 1833
370 610
373 1740
374 671
376 1837
380 608
383 676
383 1738
386 1839
390 604
393 680
393 1736
396 1843
399 598
402 685
403 1734
405 1848
409 595
411 690
413 1733
415 1851
419 593
419 696
423 1731
425 1854
428 588
429 697
433 1728
435 1858
438 586
439 700
443 1727
444 1863
448 583
449 702
453 1727
454 1865
458 579
458 707
463 1727
464 1869
467 712
468 576
473 1730
474 1872
477 715
478 573
483 1730
484 1876
487 717
488 571
492 1735
494 1878
497 719
498 568
502 1737
504 1881
507 719
508 565
512 1733
514 1884
517 560
517 719
522 1729
524 1887
527 558
527 719
532 1725
534 1890
537 557
537 720
541 1720
544 1892
547 554
547 716
551 1716
554 1894
557 552
557 717
561 1711
564 1896
567 550
567 718
571 1708
574 1898
575 724
577 547
581 1706
584 729
584 1901
587 544
591 1702
593 734
594 1903
597 543
601 1701
602 739
604 1905
607 540
611 744
611 1699
614 1907
617 540
619 750
621 1699
624 1908
627 539
629 752
631 1698
634 1911
637 536
639 755
641 1700
644 1914
647 535
649 759
651 1702
654 1914
657 534
659 761
661 1704
664 1915
667 532
669 762
671 1707
674 1916
677 531
679 762
681 1711
684 1916
687 529
689 762
690 1716
694 1917
697 528
699 761
700 1719
704 1919
707 528
709 759
710 1718
714 1920
717 528
719 757
720 1713
724 1921
727 526
728 1706
729 753
734 1922
737 526
738 748
738 1702
744 1922
746 1696
747 526
748 747
754 1690
754 1923
757 525
758 749
764 1685
764 1924
766 755
767 524
774 761
774 1682
774 1924
777 524
783 766
784 1678
784 1924
787 524
791 773
794 1674
794 1924
797 524
799 779
804 1671
804 1925
807 524
808 784
814 1668
814 1924
817 525
817 789
824 1667
824 1924
827 527
827 793
834 1666
834 1924
837 526
837 797
844 1666
844 1923
847 525
847 801
854 1666
854 1921
857 525
857 804
864 1667
864 1921
867 526
867 807
874 1668
874 1920
877 526
877 808
884 1670
884 1920
887 528
887 808
894 1673
894 1920
897 529
897 809
904 1676
904 1917
907 530
907 809
914 1675
914 1915
917 531
917 808
924 1674
924 1914
927 532
927 806
934 1672
934 1914
937 534
937 803
944 1670
944 1912
947 536
947 800
954 1669
954 1910
957 537
957 797
964 1669
964 1908
966 792
967 539
974 1669
974 1906
976 787
977 540
984 1669
984 1904
986 783
987 542
994 1669
994 1903
996 781
997 544
1004 1669
1004 1900
1006 783
1007 546
1014 789
1014 1664
1014 1899
1017 548
1022 795
1022 1658
1024 1898
1027 550
1030 802
1032 1654
1034 1895
1037 553
1038 809
1041 1649
1044 1892
1046 815
1047 556
1051 1645
1054 821
1054 1890
1057 557
1061 1640
1063 826
1064 1887
1067 560
1071 832
1071 1637
1074 1884
1077 563
1080 837
1081 1635
1084 1882
1087 565
1090 840
1091 1632
1094 1880
1097 568
1099 845
1101 1630
1104 1877
1107 572
1109 847
1111 1629
1114 1874
1117 574
1119 850
1121 1628
1124 1871
1127 578
1129 852
1131 1629
1134 1868
1137 581
1139 854
1141 1629
1144 1864
1147 585
1149 856
1151 1630
1154 1861
1157 587
1159 857
1161 1631
1164 1858
1167 590
1169 857
1171 1633
1174 1854
1176 595
1179 856
1181 1635
1184 1850
1186 599
1189 856
1191 1638
1194 1846
1195 604
1199 855
1201 1638
1203 1841
1205 608
1209 854
1211 1636
1213 1837
1215 612
1219 851
1221 1635
1223 1833
1225 616
1229 848
1231 1634
1232 1828
1234 621
1239 845
1241 1633
1242 1824
1244 625
1249 841
1251 1632
1251 1819
1254 629
1259 838
1260 1814
1261 1632
1264 633
1269 837
1269 1809
1271 1629
1273 638
1278 842
1278 1803
1279 1623
1282 643
1286 848
1288 1617
1288 1799
1290 649
1294 855
1297 1612
1297 1794
1300 653
1302 862
1307 1608
1307 1789
1309 658
1310 868
1317 664
1317 1605
1317 1785
1318 874
1327 668
1327 879
1327 1603
1327 1783
1336 673
1337 883
1337 1602
1337 1782
1346 675
1347 886
1347 1602
1347 1780
1356 677
1357 888
1357 1603
1357 1778
1366 679
1367 888
1367 1605
1367 1776
1376 682
1377 888
1377 1606
1377 1774
1386 683
1387 887
1387 1610
1387 1773
1396 684
1397 887
1397 1612
1397 1771
1406 687
1407 885
1407 1611
1407 1769
1416 690
1417 882
1417 1609
1417 1768
1426 692
1427 878
1427 1606
1427 1767
1436 694
1437 874
1437 1602
1437 1765
1446 696
1447 877
1447 1598
1447 1762
1455 883
1456 698
1457 1595
1457 1761
1464 888
1466 700
1467 1592
1467 1760
1474 892
1476 702
1477 1590
1477 1758
1484 896
1486 704
1487 1588
1487 1756
1494 898
1496 706
1497 1586
1497 1755
1504 900
1506 708
1507 1586
1507 1753
1514 903
1516 711
1517 1586
1517 1752
1524 905
1526 713
1527 1587
1527 1750
1534 905
1536 715
1537 1588
1537 1748
1544 904
1546 717
1547 1588
1547 1747
1554 903
1556 719
1557 1589
1557 1746
1564 901
1566 721
1567 1590
1567 1744
1574 901
1576 723
1577 1591
1577 1742
1584 901
1586 725
1587 1593
1587 1740
1594 899
1596 726
1597 1594
1597 1739
1604 899
1606 729
1607 1595
1607 1738
1614 898
1616 731
1617 1596
1617 1736
1624 897
1626 733
1627 1598
1627 1734
1634 897
1636 736
1637 1600
1637 1732
1644 896
1646 738
1647 1601
1647 1731
1654 895
1656 739
1657 1602
1657 1729
1664 894
1666 741
1667 1604
1667 1728
1674 893
1676 743
1677 1605
1677 1727
1684 893
1686 745
1687 1606
1687 1725
1694 892
1696 747
1697 1608
1697 1723
1704 891
1706 749
1707 1609
1707 1721
1714 890
1716 751
1717 1610
1717 1719
1724 889
1726 753
1727 1612
1727 1718
1734 889
1736 755
1737 1613
1737 1717
1744 887
1746 757
1747 1614
1747 1715
1754 887
1756 759
1757 1616
1757 1714
1764 886
1766 761
1767 1617
1767 1713
1774 885
1776 763
1777 1618
1777 1711
1784 884
1786 766
1787 1620
1787 1709
1794 883
1796 767
1797 1622
1797 1708
1804 882
1806 768
1807 1623
1807 1706
1814 882
1816 771
1817 1624
1817 1705
1824 881
1826 773
1827 1626
1827 1703
1834 880
1834 1634
1836 775
1837 1702
1843 1639
1844 879
1846 777
1847 1701
1853 1639
1854 879
1856 779
1857 1700
1863 1639
1864 879
1866 781
1867 1698
1873 1637
1874 878
1876 782
1877 1696
1883 1635
1884 878
1886 784
1887 1695
1893 1634
1894 880
1896 787
1897 1693
1903 1633
1904 882
1906 789
1907 1692
1913 1631
1914 883
1916 791
1917 1690
1923 1629
1924 884
1926 792
1927 1689
1933 889
1933 1627
1936 794
1937 1687
1943 889
1943 1626
1946 797
1947 1684
1953 891
1953 1626
1956 798
1957 1683
1963 893
1963 1624
1966 800
1967 1682
1973 895
1973 1620
1976 802
1977 1680
1983 897
1983 1619
1986 804
1987 1679
1993 898
1993 1619
1996 806
1997 1677
2003 900
2003 1615
2006 808
2007 1675
2013 901
2013 1614
2016 810
2017 1674
2023 903
2023 1610
2026 812
2027 1672
2031 1604
2033 905
2036 815
2037 1671
2040 1599
2043 907
2046 816
2047 1669
2050 1594
2053 909
2056 818
2057 1668
2059 1589
2063 913
2066 820
2067 1667
2069 1584
2073 915
2076 822
2077 1665
2079 1580
2083 918
2086 824
2087 1663
2089 1575
2092 923
2096 827
2097 1662
2098 1570
2102 927
2106 828
2107 1660
2108 1566
2110 933
2116 830
2117 1561
2117 1659
2120 937
2126 832
2127 1557
2127 1657
2129 942
2136 834
2136 1552
2137 1656
2139 946
2146 836
2146 1548
2147 1654
2148 951
2155 1543
2156 838
2157 956
2157 1652
2165 962
2165 1539
2166 840
2167 1651
2174 967
2174 1534
2176 842
2177 1650
2183 1529
2184 971
2186 844
2187 1648
2193 976
2193 1524
2196 846
2197 1646
2201 982
2203 1520
2206 847
2207 1645
2210 987
2212 1515
2216 850
2217 1643
2220 991
2222 1510
2226 851
2227 1642
2229 996
2232 1506
2236 853
2237 1641
2238 1001
2241 1501
2246 855
2247 1006
2247 1639
2251 1499
2256 857
2257 1010
2257 1638
2261 1497
2266 859
2267 1013
2267 1640
2271 1494
2276 859
2277 1015
2277 1644
2281 1493
2286 857
2287 1018
2287 1644
2291 1491
2295 1638
2296 856
2297 1020
2301 1491
2303 1632
2306 859
2307 1023
2311 1489
2313 867
2313 1630
2317 1025
2321 1487
2323 870
2323 1629
2327 1026
2331 1487
2333 871
2333 1632
2337 1027
2341 1484
2343 870
2343 1636
2347 1029
2351 1483
2353 867
2353 1633
2357 1031
2361 1483
2361 1626
2363 868
2367 1032
2370 1621
2371 874
2371 1481
2377 1034
2379 880
2380 1621
2381 1479
2387 1037
2389 882
2390 1621
2391 1477
2397 1039
2399 883
2400 1625
2401 1476
2407 1040
2409 881
2410 1627
2411 1475
2417 1042
2419 879
2420 1622
2421 1473
2427 1044
2428 1614
2429 883
2431 1472
2437 889
2437 1046
2438 1612
2441 1471
2447 893
2447 1048
2448 1612
2451 1469
2457 894
2457 1050
2458 1615
2461 1468
2467 893
2467 1052
2468 1618
2471 1466
2477 891
2477 1054
2478 1616
2481 1465
2486 1609
2487 891
2487 1055
2491 1464
2495 898
2495 1603
2497 1057
2501 1463
2504 903
2505 1603
2507 1058
2511 1462
2514 904
2515 1603
2517 1059
2521 1462
2524 905
2525 1607
2527 1059
2531 1463
2534 902
2535 1610
2537 1058
2541 1464
2544 901
2545 1606
2547 1057
2551 1467
2553 906
2553 1598
2557 1056
2561 1468
2562 911
2563 1595
2567 1054
2571 916
2571 1471
2573 1595
2577 1053
2581 917
2581 1472
2583 1598
2587 1051
2591 916
2591 1475
2593 1601
2597 1049
2601 912
2601 1476
2603 1600
2607 1047
2611 914
2611 1479
2611 1594
2617 1046
2619 920
2620 1589
2621 1480
2627 1044
2629 924
2630 1588
2631 1482
2637 1043
2639 926
2640 1586
2641 1484
2647 1042
2649 928
2650 1585
2651 1486
2657 1041
2659 929
2660 1584
2661 1488
2667 1039
2669 931
2670 1583
2671 1490
2677 1038
2679 933
2680 1582
2681 1492
2687 1036
2689 934
2690 1581
2691 1494
2697 1035
2699 935
2700 1581
2701 1496
2707 1033
2709 937
2710 1579
2711 1497
2717 1033
2719 938
2720 1578
2721 1499
2727 1033
2729 939
2730 1578
2731 1500
2737 1033
2739 940
2740 1578
2741 1503
2747 1033
2749 941
2750 1577
2751 1506
2757 1033
2759 943
2760 1576
2761 1507
2767 1032
2769 944
2770 1576
2771 1510
2777 1033
2779 945
2780 1575
2781 1514
2787 1034
2789 946
2790 1575
2791 1515
2795 1041
2798 1051
2799 947
2800 1575
2801 1516
2803 1060
2807 1070
2809 947
2810 1574
2811 1080
2811 1516
2816 1089
2819 949
2820 1573
2821 1098
2821 1516
2826 1107
2829 950
2830 1573
2831 1515
2834 1114
2839 951
2840 1573
2841 1515
2844 1116
2849 951
2850 1573
2851 1515
2854 1116
2859 951
2860 1573
2861 1516
2864 1115
2869 953
2870 1573
2871 1516
2874 1113
2879 952
2880 1572
2881 1515
2884 1113
2889 954
2890 1572
2891 1515
2894 1112
2899 954
2900 1572
2901 1515
2904 1110
2909 955
2910 1572
2911 1515
2914 1108
2919 955
2920 1572
2921 1515
2924 1107
2929 955
2930 1572
2931 1515
2934 1106
2939 956
2940 1572
2941 1516
2944 1104
2949 956
2950 1572
2951 1516
2954 1103
2959 956
2960 1572
2961 1516
2964 1101
2969 956
2970 1573
2971 1516
2974 1100
2979 957
2980 1573
2981 1516
2984 1098
2989 956
2990 1573
2991 1517
2994 1097
2999 957
3000 1574
3001 1517
3004 1095
3009 957
3010 1574
3011 1517
3014 1094
3019 956
3020 1575
3021 1519
3024 1093
3029 957
3030 1575
3031 1520
3034 1092
3039 957
3040 1575
3041 1520
3044 1090
3049 957
3050 1576
3051 1520
3054 1089
3059 957
3060 1577
3061 1520
3064 1087
3069 956
3070 1578
3071 1521
3074 1086
3079 956
3080 1578
3081 1522
3084 1085
3089 956
3090 1579
3091 1523
3094 1083
3099 956
3100 1580
3101 1524
3104 1081
3109 955
3110 1580
3111 1524
3114 1079
3119 955
3120 1581
3121 1525
3124 1076
3129 955
3130 1583
3131 1525
3134 1072
3139 954
3140 1584
3141 1526
3143 1067
3149 953
3150 1584
3151 1527
3153 1063
3159 953
3160 1585
3161 1528
3163 1062
3169 953
3170 1587
3171 1530
3173 1060
3179 952
3180 1588
3181 1531
3183 1059
3189 952
3190 1589
3191 1531
3193 1056
3199 951
3200 1590
3201 1532
3203 1053
3209 949
3210 1591
3211 1534
3213 1051
3219 947
3220 1593
3221 1535
3223 1049
3229 947
3230 1594
3231 1536
3233 1047
3239 947
3240 1596
3241 1538
3243 1047
3249 945
3250 1597
3251 1539
3253 1045
3259 944
3260 1600
3261 1540
3263 1044
3269 942
3270 1601
3271 1541
3273 1042
3279 941
3280 1602
3281 1543
3283 1042
3289 940
3290 1604
3291 1545
3293 1041
3299 939
3300 1605
3301 1547
3303 1039
3309 938
3310 1607
3311 1549
3313 1038
3319 937
3320 1610
3321 1011
3321 1551
3323 1036
3324 1021
3329 936
3329 1005
3330 1612
3331 1552
3339 934
3339 1003
3340 1615
3341 1554
3349 933
3349 1003
3350 1617
3351 1556
3359 932
3359 1002
3360 1619
3361 1558
3369 931
3369 1001
3370 1621
3371 1560
3379 930
3379 1001
3380 1623
3381 1562
3389 928
3389 1001
3390 1626
3391 1564
3399 927
3399 1002
3400 1628
3401 1566
3409 926
3409 1004
3410 1629
3411 1569
3419 925
3419 1004
3420 1631
3421 1572
3429 925
3429 1006
3430 1633
3431 1574
3439 921
3439 1008
3440 1634
3441 1575
3449 920
3449 1011
3450 1634
3451 1575
3459 918
3459 1015
3460 1635
3461 1573
3469 915
3469 1018
3470 1637
3471 1570
3479 914
3479 1022
3480 1638
3481 1567
3488 1027
3489 912
3490 1640
3491 1563
3497 1032
3499 912
3500 1558
3500 1642
3507 1036
3509 911
3509 1553
3510 1642
3515 1042
3519 909
3519 1548
3520 1643
3524 1047
3528 1542
3529 909
3530 1644
3533 1052
3537 1537
3539 909
3540 1644
3541 1058
3546 1531
3549 909
3549 1065
3550 1644
3554 1524
3557 1072
3559 910
3560 1645
3562 1517
3565 1079
3569 912
3570 1510
3570 1644
3573 1086
3578 1502
3579 912
3580 1094
3580 1642
3585 1494
3587 1102
3589 914
3590 1642
3592 1486
3593 1110
3598 1477
3599 916
3599 1118
3600 1640
3605 1469
3606 1126
3609 919
3610 1639
3612 1134
3612 1459
3617 1449
3618 1142
3619 921
3620 1636
3622 1152
3623 1441
3627 1161
3628 1432
3629 924
3630 1634
3631 1171
3633 1422
3636 1180
3638 1413
3639 928
3640 1190
3640 1631
3641 1401
3643 1200
3645 1390
3648 1209
3649 930
3650 1219
3650 1379
3650 1628
3651 1369
3652 1229
3653 1357
3655 1239
3656 1339
3657 1249
3658 1259
3658 1321
3659 934
3659 1269
3659 1279
3659 1294
3660 1304
3660 1626
3669 938
3670 1622
3679 942
3680 1618
3688 947
3689 1613
3697 952
3699 1609
3707 956
3709 1605
3715 962
3719 1601
3723 968
3727 1595
3732 973
3735 1589
3741 978
3743 1582
3748 986
3752 1576
3756 992
3761 1570
3764 998
3769 1563
3772 1005
3777 1557
3780 1012
3785 1549
3787 1020
3793 1541
3795 1026
3801 1034
3801 1533
3808 1042
3808 1525
3815 1050
3815 1517
3822 1058
3822 1509
3828 1066
3829 1501
3833 1075
3835 1493
3838 1084
3841 1484
3844 1092
3845 1474
3849 1101
3850 1464
3854 1110
3856 1453
3859 1119
3861 1443
3862 1129
3866 1433
3867 1138
3869 1423
3871 1148
3873 1413
3875 1158
3878 1168
3878 1401
3881 1391
3882 1178
3884 1188
3885 1378
3886 1198
3888 1365
3889 1208
3890 1350
3891 1218
3892 1228
3892 1337
3894 1238
3894 1320
3896 1248
3896 1290
3896 1300
3896 1310
3897 1258
3897 1268
3897 1278
